-3.811515614828902554e-01
3.891391981579456205e-01
2.673539149249450908e+00
1.737067088227745471e+00
9.532221249742129920e-01
-2.365331977790438689e+00
-2.638946971905647282e-02
3.557373231072845643e-01
3.005432148195562037e-01
8.832695168555370069e-01
-8.922305222367766797e-01
1.918974931461147282e+00
-1.262030888477086110e+00
4.660027407954334677e-01
1.418027909661951913e+00
-2.648421676907989575e+00
-1.007190584330914795e+00
-3.240544866288069148e+00
-8.351951927506112483e+00
4.521208519915423940e-01
-3.792746856206745232e+00
1.065463727785978865e+00
5.220989760027175963e-01
-4.694660530126552045e-01
-5.965853638895443067e-01
-2.878903642354272430e-01
-7.849365257901949056e-01
4.917018218384554551e-01
-1.091209822668030016e+00
-2.887995704709707123e-01
-3.420156825654336874e-01
2.097200157582616242e+00
4.949721487461111735e-01
-3.634104990384964040e+00
1.019793439691265347e+00
-2.493906509760340229e-01
1.179043971331093399e+00
-5.503118694854479687e-01
2.482303734774732096e+00
-7.376707090933427580e-01
-8.098781614472309875e-02
-3.877295633299475686e-01
1.788289201944404105e+00
1.063659165812786966e-01
3.100318938111454314e-03
3.734591905269325718e+00
-5.008387094622573921e-01
-5.729416064351624399e-02
1.072115915445459144e+00
-3.576185533067228195e-01
-2.064860121223787370e+00
-2.861353843153782606e+00
-1.159059166690521447e+00
1.102116576227569533e+00
-5.282614345635008174e-02
-1.474054150729164903e+00
4.409022772269061835e-02
2.984247475998936139e+00
8.241629132673752856e-02
5.960125810856258255e-01
2.542638688635544764e+00
3.314495664419186305e+00
-2.910030635236954821e-01
-4.251994799253049073e-02
-1.448523739896358187e+00
1.911824680687558564e-01
-1.166636304420900050e+00
3.698114567154713317e+00
-2.365024184670940777e+00
-5.341468334767927040e-01
6.175879285326738577e-01
-2.560015743797560694e-01
3.269993201965805785e+00
3.298061631795192739e+00
1.682113988455923304e+00
4.109853351184051817e+00
1.149075699358967473e+00
2.652647250524853284e+00
3.232504905787538241e-01
-6.145752945065634520e-01
1.833021474239920678e+00
7.768866067273033638e-01
-4.238387859286757431e-01
2.370048330804683245e-01
-1.485140209129383493e+00
1.441902688170745295e+00
-5.608291564902708970e+00
-7.081095622627681108e-01
-3.070602982951016746e-01
8.935112385724385264e-01
1.489073841291469247e+00
-2.325926529962407230e+00
-6.733514065173115126e-01
-3.114527359992545819e+00
-3.166305557285337691e-01
-2.005354412029246025e-01
1.580811480575667893e+00
-2.826023429130467335e+00
2.401939397922292496e+00
-5.838811687291040053e-01
-2.512124290044607466e+00
7.491550303555317702e-01
1.093432859683526770e+00
2.208261204253041399e+00
3.698089410850719183e+00
-2.018090535589927431e-02
-4.311996943893001699e+00
-9.150045984120310782e-01
4.455883075570422902e-02
1.163535624373469995e-01
3.474411486407705807e-01
1.017892997219880025e+00
-1.363592028673861867e+00
-4.179125508672303368e+00
-8.482330062094843859e-01
1.391761418435561448e-01
-3.260946434469022215e+00
-1.358978194878811552e+00
-2.546073497254480067e+00
-9.485335526504867776e-01
1.557247417355409835e+00
2.111335677304862490e-01
-2.088935596569577169e-02
-2.936452240041939721e+00
-2.727533217340432969e+00
2.971468577865863381e+00
1.342566638159370662e-01
-6.956518243138201107e-01
-6.885225852602222529e-01
-1.504479877626931916e+00
-1.302842102777090005e+00
-8.576284840061759729e-01
9.767250348403300197e-01
-1.911219009498466681e+00
3.469864519721574503e+00
7.241099476108703303e-02
-2.421515954049176411e+00
8.368065810739575561e-01
1.649166788070774103e+00
-1.207706683320340924e+00
1.460591332502949369e+00
-1.596107670999255435e+00
1.359604102655775915e+00
-1.409324081318060473e-01
-4.523875294867854002e+00
-1.490881702077331061e+00
2.492473140741264803e+00
-2.929802571351748153e+00
-2.799316395473923080e+00
-9.407902348016630723e-02
1.576792933711546718e+00
-3.811282296876038478e-01
2.015713763855040697e-01
-3.756133568659651978e-01
-2.271970055432086966e+00
1.218358813588966472e+00
-2.966640905373047268e-02
-2.110031409760100729e+00
-5.964837541838012847e-01
-5.855294017525733974e-01
4.746281535878529856e-01
-4.087621113917834226e-01
2.519099297025639284e-01
7.321336575049014472e-01
-8.188921168249708726e-01
8.291956367699645725e+00
-1.687255093549498985e+00
1.022933253948572485e+00
-1.874512058453700503e+00
-1.247194524574412045e+00
2.543933591156649077e-01
3.081720937898453916e-01
-3.654594526710800428e-01
-2.306786340917205358e+00
1.396336719577587315e+00
2.620289911413111739e+00
-1.081039854272946688e+00
-1.675827064419052714e+00
-1.825813852892118616e+00
-6.520728865455243106e-01
3.180313876661444716e-01
2.615311534250305492e+00
1.152062722959583008e+00
-5.485032751037367538e-01
-7.978944154227737284e-01
3.631711146309859028e+00
-1.589698613466377086e-01
-4.678202709946246429e-01
-7.648792945615900951e-01
-2.110650226773755911e-01
-2.882892923672986663e-01
-7.704904127808404057e-02
-2.629357800992643268e-01
3.287743867368694950e+00
7.840129708516098139e-01
-1.392259740881745533e-01
-6.206496201936804180e-01
-1.311208639368763640e+00
3.338928914804255021e-01
2.533145799683935717e+00
1.412444425376533585e+00
-1.288132557716920701e+00
2.700767676221795810e-01
3.629195450639400300e-01
1.434012716580345403e-01
-7.383692950742112293e-01
-7.483052471302023889e+00
3.682735465071455827e-02
-9.829849970713324669e-01
2.179220240234916783e+00
-3.466592923789617309e-02
-5.225781506459049597e-01
2.086707475509775644e+00
3.165763689507619993e+00
-8.500454612891137351e-01
-2.414791421964356477e+00
-1.972440383269955660e-02
-8.022194606494466029e-01
-1.667039637712398881e-01
4.356154817700104154e-01
-2.833240595560520436e+00
2.086551426153680833e+00
1.757062028705770551e+00
2.150613574806980177e-01
1.776758005999949486e+00
-2.441332164301750207e-02
5.101924077042246930e-01
-1.312887840812829943e+00
4.593495398411945319e-01
-8.051135626186807226e-01
1.041153422726094124e+00
2.892283314351103973e-01
4.136097105463859336e+00
1.749484308679099209e+00
-2.326484714921322194e-01
-4.099071358035926593e+00
7.262758784389453659e-01
1.981556682798844837e-01
-1.279949304856742520e+00
-3.449190340652457554e+00
1.342367704666672656e+00
-1.632044821387271138e+00
-4.083118464844897488e+00
-5.053789982820374727e-01
3.782225312143191243e+00
-2.411294772351323168e+00
-1.889362373436660913e+00
1.700158090467613459e+00
-5.553319101485316711e-01
1.757297533126288280e-01
2.058373971828720617e+00
1.488137022829755018e+00
-7.603146284979568348e-01
3.651788077226171936e+00
8.174046604285003514e-01
1.163587857978470863e+00
3.126163003101257165e-01
2.685475055002285227e+00
3.073050195537014417e+00
-1.051571060328149398e+00
7.390715683556753346e-01
8.847941711140864252e-01
1.859233119243278498e+00
-1.200888054277667205e+00
-9.649757213249959831e-01
8.554221923551479367e-01
1.009010909589768801e+00
-2.238527057287933886e+00
-5.188304248957026354e-01
-1.973639916494116076e+00
1.000058700769555609e+00
-3.756985964257336108e-01
-1.991813972037898450e+00
9.808916243230703103e-01
2.870156991215919273e+00
-2.264128799124311531e+00
-3.721647949763224439e+00
-2.641645250956623059e+00
-2.663401566861869907e-01
-9.184183363625289531e-02
-4.147837322297748486e+00
3.179248756157765143e+00
-8.270390420740290072e-01
-2.045373463558303406e+00
-3.279839782692546279e-01
-2.391233982305572603e+00
-1.256588489093174221e+00
-1.969950662329821744e+00
5.207604457227242856e-01
2.793902401695354532e-01
2.997911911883405001e+00
-5.180372908247491415e-01
-7.265500767439541097e-01
-4.492422632016807249e+00
-1.269589319798499316e+00
-9.024471146139958488e-01
1.047107986443884142e+00
-3.191748339524058231e+00
-7.983138280491265393e-01
1.874210700079458292e+01
2.571800796149398494e+00
-3.855823426420416644e-01
5.723918302212707143e-01
-1.819843941527114373e+00
-5.020083177684071529e-01
5.554726017682010131e-01
-5.552751129483991521e-01
1.179537308652617300e+00
8.743603490393982991e-01
-2.092301453345279949e+00
-1.315635266431529171e+00
-4.516756308565329725e+00
7.399006153252829510e-01
-1.649965940780891538e+00
-2.231343937274050393e-01
8.422413040981388543e-02
2.339948755025144322e+00
-3.726208504424949552e+00
2.098490875147188017e+00
-7.934299448543211675e-01
2.703333961115517714e-01
1.733427335195509289e-01
5.138618035382653826e-01
-1.838224573781224169e-01
-8.473036511515935620e-01
-7.682120628277587793e-01
-2.431988882146905784e+00
-1.476169445338542108e-01
-1.462443698865843578e+00
-5.718005475244942737e-01
1.056932454386071196e+00
3.686735939403155138e-01
-1.215138072055262225e-01
1.244282317768696799e+00
3.346538546677547465e+00
7.808010766489518195e-01
3.924485935003232950e-01
1.558293353592930197e+00
1.245396873014409600e+00
6.882669304635871121e-01
1.386662740883367162e+00
1.496985312613439145e+00
-9.191078703093427671e-02
1.205931023631952925e+00
8.827245262219621941e-03
9.166376661074697729e-01
1.215276301520499397e-01
1.059172122719740816e+00
-1.028526883317718355e+00
-4.076747148041898750e-01
1.267688208333721950e-02
-1.551919534698985303e-02
-2.492489651691962127e+00
-7.036016303214157608e-01
3.513589309495682933e+00
1.155757699064634547e+00
9.456867820581025263e-01
-1.743485343079512528e+00
5.623899321221120795e-02
-5.043209035704552257e-01
5.834948615507009606e-01
-1.288816184883083138e-01
-3.590111603376109350e-01
3.870566343321756864e-01
8.684127189213333153e-01
4.844839045251442822e-01
-4.100740302449712993e-01
-9.343509208743208116e-01
-4.292628658385024276e-01
-3.505304994460831103e-01
3.549225721745509432e+00
7.090703458179337115e-01
2.847043293106965578e-01
4.044874942910450244e-01
-3.896594459880872163e-01
1.298563497238254261e+00
-6.724397739872643998e-01
1.439645125621362265e+00
2.428581840985062357e+00
2.214270833216791967e+00
-2.567769203840648551e+00
-3.765292027276849751e-01
1.887658891262337102e-01
1.510082869094501179e+00
1.691945127697665363e+00
1.859350197728941445e-01
1.019281142922895622e+00
1.495104520479797472e+00
-2.024654019409399375e+00
5.040718112783898475e-01
-5.255169821830346422e+00
-1.535589679557203713e+00
-4.947241677257304127e-01
-1.172435174799251467e-01
4.357675547346839373e+00
2.218868911585033299e+00
6.115530437155132226e+00
-1.818986353856485438e+00
9.620298543787351164e-01
8.589113671588670673e-01
5.027572194261776817e-01
-9.925670898599268099e-01
-9.633463869964815629e-01
-2.217763132966388717e+00
1.135708459228046419e-01
-2.356817179886880442e+00
2.494425051999434317e-01
6.700813382108454161e-03
-1.142556297542282939e+00
-2.933853141673180787e+00
7.745461165834335304e-01
-3.769217939006795914e-01
-3.363510775796866525e+00
5.973349040787791608e+00
-1.977228009844692602e-01
-1.614592387912813676e+00
1.249225293004788406e-01
2.490669719527368375e+00
2.225467305001767038e-01
5.194310951343764776e-02
-1.318416230246783338e-01
5.335351025005876657e-01
2.051293559765390739e+00
3.281537424787516199e-01
-3.073270872308991652e+00
-5.807427781942153810e-01
-1.825086343390427412e-01
-4.996398666961836099e+00
-4.387909090949003166e-01
-2.747623419687811097e+00
7.081230746384207464e+00
8.476227312945326942e-01
-3.153394397023935980e+00
3.940878601653493796e+00
3.976778212468366824e+00
1.768364727928762592e-01
1.479297935749172677e+00
-1.027179087488069964e+00
1.323924227088524086e+00
-3.017817869863726354e+00
3.413570932196027918e+00
-8.229020206889607891e-01
2.419198034353439386e+00
-3.085228883208780415e-01
3.974363743712693853e-01
1.880870908276156772e+00
4.926248888275663873e-01
6.046520490936713871e-02
-1.525812492805060039e+00
-5.601836523001707535e-01
3.709954820548411192e+00
-2.008026981065539063e-01
3.033389880979833197e+00
-5.373346716869342732e-02
-9.177022125160122501e-01
-3.445884718350899156e+00
2.812944713883826608e+00
2.056951178443175099e+00
6.267632526422794656e-03
-1.981711863638494719e+00
1.965876758042435002e+00
-1.858163916003714222e+00
4.051463002233877952e-02
1.432170925121711014e-01
-1.966671687214457676e-01
-1.300059011309076418e+00
2.007154984478157100e+00
-2.877440962054916618e+00
4.870668755133066713e-02
2.109861992267816622e-01
1.420333304463523127e+00
-4.360011573592560974e-01
8.438798524800515954e-01
-4.021314589130832728e-01
5.498483502653848942e-02
2.493172995542653148e+00
-9.265592341561755818e-01
-7.231578867985236636e-01
1.508446311354338043e+00
-3.396682159208777474e+00
1.138556703335625642e+00
-1.003282759805392610e+00
4.167125484156660176e-01
3.349862316553132935e+00
-1.393203701943242501e-01
7.822071923708239227e-01
-1.544482821366353731e+00
-1.408315795630651790e+00
-3.146803374503991613e+00
-1.365019370815348854e+00
2.736778760477912353e+00
-1.668293920590001811e+00
-1.382317891472792715e+00
-1.723765016156459051e+00
7.644786774193119694e-01
-1.265664890283228150e+00
3.689914314607843249e+00
1.737609441301538826e+00
9.289026248343299486e-01
2.473664209520200608e+00
4.786502907492155012e-01
-8.383759239998919144e-01
5.015386246861990305e-01
-5.240923601240126128e-01
-6.490521450134534298e-01
-1.776943596674241510e+00
-2.330878655182574644e+00
-1.687589984180882796e-01
-3.274720977095378904e-01
-1.024709905752858308e-01
-1.242913157926387901e+00
3.397792763694128304e+00
2.714858356495189362e+00
-3.956769586603358757e+00
-1.987627799645244941e+00
-9.394014321729742267e-01
-1.362844805513438118e+00
-3.477274271746647383e+00
-6.630832049394651539e-01
-4.061725191106370092e-01
-1.498143572770239906e+00
-3.439003831998194372e+00
3.182499786827334809e+00
-2.413800118225967406e+00
3.591853922356492146e-01
1.544609815005716147e+00
1.853389663457698955e+00
1.962908225494512937e+00
-9.496387042142524493e-01
-2.643721370236817858e-01
-1.140430694167802184e+00
-1.444133986066419517e+00
-7.929212623349648492e-01
-3.841412066462056574e-01
7.225616942278148547e-02
-2.598430739505919185e+00
9.906068639891757455e-01
-1.257400832520252809e+00
1.757911083037316802e+00
-1.713806599633277694e-01
-7.956754613009900390e-02
-9.133592165146806607e-01
1.248764776031167090e+00
-2.465863561831234119e+00
3.507901489751439783e+00
-5.865971228610170618e-01
1.090361045982945809e+00
1.163638553784611895e+00
7.555120885729121882e-01
-1.644552286160501975e+00
-9.536543103037932456e-02
1.474903971149165605e+00
-3.155138819144800433e+00
5.782521027837337346e-01
-7.724801009717650047e-01
3.039371773553281475e+00
5.723570432016847898e-01
-1.687865753226805987e+00
8.454665680812376571e-01
8.852171712914574941e-01
-1.154454607615599482e+00
1.529402007259030638e+00
8.156687472399559713e-01
-2.172024716622296570e+00
-1.015848191570662529e+00
-9.041880558504675758e-01
-3.757715822021710839e+00
1.109865820833255468e+00
1.940473630705424224e+00
7.988720068448699196e-01
-1.395860734715913765e+00
-1.316725733517702945e+00
-2.610039867423581961e-01
1.192443124660148790e+00
1.187100503583625510e+00
-1.032425251855960457e+00
-1.280490799884089759e-01
6.076161344544179777e-01
3.990365221657649730e+00
5.535263595370655487e+00
1.756672615979079977e+00
-2.458060485525484395e+00
-2.675867732260179266e-01
1.440176250506267075e-01
-1.398362960120332898e+00
-1.322469970650828053e+00
4.718334744599570030e+00
-3.208889383200501100e-01
-8.334735990336837874e-01
1.310295442076502503e+00
9.229569209442123334e-01
-9.669074913443757024e-01
5.992341669600743659e-01
-1.550378206670847359e+00
-6.172550188368155055e+00
1.123866942833280813e+00
-5.401717364727166570e-01
3.992616176823527763e+00
-1.224744023552099881e+00
2.241280458185035407e+00
3.719368683815777565e+00
-9.718686851527813531e-01
-1.086386962098589537e+00
-1.059895226161996273e+00
1.999181763804040335e+00
-3.150937709399695419e-02
2.941104053751659175e-01
1.333656241370179796e+00
-5.674553226702012954e-02
5.442501585906320827e-01
-4.484408488390303482e-01
4.384631009318565864e-01
-2.566410817937781808e+00
1.221289235303034459e+00
-3.050264921875283641e-01
-1.480696853715915529e+00
7.510570017346728244e-01
2.126399102569750621e+00
1.143785352944066913e+00
5.829855243171726542e-01
-2.848729804911284136e-01
1.752791379015090856e+00
6.801901753081895929e-01
1.270317813768338189e+00
8.681168194959690831e-01
5.179127338020107496e-01
-3.140511048277434825e-02
-1.308544588266855824e+00
-1.753952085268292604e+00
-2.087667598197608054e+00
1.736167563960044902e+00
3.565736392762252072e-01
-2.004107056284448518e+00
5.459805741994127048e-01
-2.758277125643454619e-01
-3.993105954161762838e+00
9.685074131100509520e-01
-7.247242109125312526e-01
-2.822105821902459510e+00
-2.727102685328828269e-01
-1.800866298412992839e+00
7.015055716043335776e-01
5.500311723947201026e-01
2.666425582224211666e-01
-2.833098568842741249e-01
2.167445679498201105e+00
2.981460578224569002e-01
-2.017140527295588903e+00
-5.331055549035977892e-01
-1.570849942969529289e+00
4.094055940184704312e-01
-3.702397311555085668e-01
4.830929244345626650e+00
-1.131322109551696764e-01
1.373944973583050233e+00
-8.977856983503433863e-01
-1.719895757204708442e+00
-5.789969239684607943e-02
2.292699260971273190e-01
1.359631300960378431e+00
1.717205108629814569e+00
-3.045091967112259490e-01
-1.327361933965144569e+00
-2.000336333027303404e+00
-5.039638841395822633e-01
3.004674126610236584e+00
-1.827315188310731434e-02
-4.523082843263374619e-01
-1.109255295525344298e+00
3.164125798405445611e+00
-3.377645854392751293e-03
4.734362069372695103e+00
1.736425145785870594e+00
