-2.577388848470129057e-01
5.081809449622842756e-01
2.775268244969897324e+00
1.655755087947061943e+00
9.585555491216503077e-01
-2.353883006473006745e+00
-1.308440236608921781e-01
3.621336582187185127e-01
1.545208340388538187e-02
7.924331874259996633e-01
-8.220710721008112065e-01
1.914646309900993826e+00
-1.455693221947871985e+00
3.443408113533226178e-01
1.464056341049621457e+00
-2.579702212316512089e+00
-8.995629778522631348e-01
-3.156355756461552975e+00
-8.418329342502060442e+00
3.728509826206781730e-01
-3.955175265727418843e+00
1.122364373546253624e+00
6.499903522214682816e-01
-3.974908424201419321e-01
-8.045090849882587936e-01
-2.908637360305307284e-01
-8.247782079154779566e-01
4.818732384212635056e-01
-1.239525912801859420e+00
-2.517141748827548819e-01
-2.556492348555279293e-01
2.115685453147797546e+00
3.696790549758959266e-01
-3.356822705604074031e+00
1.033445206912230629e+00
-3.289102052779261931e-01
1.034179204767255111e+00
-6.072885696590708537e-01
2.601302709577257399e+00
-6.539702532838810312e-01
1.415007171034428912e-01
-1.393881637647376992e-01
1.777569396915292810e+00
1.511143492846668823e-01
1.658808477064689646e-01
3.626562536047650553e+00
-5.245748000314253146e-01
5.117877785351905573e-02
1.097730298237617808e+00
-4.105907148501908854e-01
-2.131781326942567834e+00
-2.778498052166902710e+00
-9.912835512113568059e-01
1.202289039397906878e+00
-5.867143001534348701e-02
-1.433915654520097949e+00
1.303447077381954533e-01
3.030437732284212426e+00
8.669577804553593725e-02
4.107604747141392343e-01
2.499632487828689520e+00
3.501977524786226148e+00
-1.929432066034351134e-01
1.987090086103984465e-01
-1.582380493657629783e+00
2.387145786910805922e-01
-1.126781686114318282e+00
4.020366955701860867e+00
-2.451421825049882486e+00
-7.404579942857116848e-01
4.688505737945923291e-01
-3.594366071926529127e-01
3.305040790824947727e+00
3.034508373889408528e+00
1.734570825273900052e+00
4.096402123375055382e+00
1.271798991031127146e+00
2.810054318044289623e+00
5.477822314261054926e-01
-3.755123337702548358e-01
1.919399534632803217e+00
5.595030018521056636e-01
-4.857893960288442448e-01
1.846269941844025653e-01
-1.414738788530491398e+00
1.612782816598432145e+00
-5.470716159696658032e+00
-1.010145874906086094e+00
-3.309219758161470737e-01
8.842124513040745537e-01
1.209370596291365008e+00
-2.148110646221261799e+00
-8.691589426228868431e-01
-3.094029884010347509e+00
-1.620873337037772866e-01
-2.643310917145018646e-01
1.466739143502159948e+00
-2.593227744652083722e+00
2.634220900141426736e+00
-8.482046986257818499e-01
-2.818094736464964889e+00
7.952677183016998441e-01
1.116278177305372044e+00
2.131124342611498079e+00
3.413375990013015393e+00
3.196790671843936504e-01
-3.960449310479952523e+00
-9.295978716667453456e-01
1.712678636489777251e-01
8.365585130751550247e-03
4.758202426912416794e-01
9.361437328423130033e-01
-1.394069648747700896e+00
-4.591950784663691998e+00
-8.237603024080257796e-01
1.764024059275781375e-01
-3.246513990046412168e+00
-1.431215021227979722e+00
-2.520400647416880080e+00
-1.119388407309368061e+00
1.935311411228977319e+00
-2.110232809834999140e-02
9.124964868013266117e-02
-2.996480950809196742e+00
-2.717580350215147877e+00
3.054437294596649810e+00
-8.670583140349812437e-03
-6.801042833784255448e-01
-7.105237255735158408e-01
-1.494760519950500521e+00
-1.547302556838329179e+00
-1.170751896920923629e+00
8.272067688475406300e-01
-2.179970173932962663e+00
3.904874942515335068e+00
-6.344421235669799042e-02
-2.558115541823805295e+00
8.982532742251418956e-01
1.633173478970404879e+00
-1.224863020733448327e+00
1.222593895536858044e+00
-1.433410496703773296e+00
1.461384674032846664e+00
-7.686014515453662432e-02
-4.671223694732733911e+00
-1.553071489160998686e+00
2.706628298106353636e+00
-3.369132072139864320e+00
-3.465586478509425472e+00
3.088691965212955193e-01
1.412001830446010242e+00
-3.632419841680776806e-01
3.760543241255787650e-01
-3.303124072758627516e-01
-1.789186580013833350e+00
1.309476988647431117e+00
-1.085012600145655176e-01
-1.767693683166294161e+00
-6.411070341471641898e-01
-6.086626461096587004e-01
4.313771940557031837e-01
-5.062397605845316839e-01
9.249534128078099049e-02
6.757969304044586512e-01
-8.531236851165866497e-01
8.392285207916057033e+00
-1.761574695819718039e+00
8.141528294397920584e-01
-1.910910327311223345e+00
-1.346592998979520894e+00
2.527661168339961906e-01
4.555759854270048925e-01
-4.646829105141718208e-01
-2.280821616573904809e+00
1.322962651312500348e+00
2.654497468464612986e+00
-9.495794631386976770e-01
-1.528319864258640415e+00
-2.018718527210558999e+00
-7.365682981304695343e-01
4.507766373230424617e-01
2.863703133152180946e+00
1.088518026338187727e+00
-4.074346520520821802e-01
-6.851671572686509615e-01
4.101812619471867372e+00
-8.482893869264239439e-02
-4.429836861545572990e-01
-8.568359971613535020e-01
-9.710448382390424182e-02
-4.042324921510963009e-01
-1.775806214185631504e-01
-1.741067284765571432e-01
2.973535425538865962e+00
1.091436418643441097e+00
-1.566811271000670969e-01
-4.269657865401803032e-01
-1.331445863306588429e+00
1.902869841484995383e-01
2.622357804148778726e+00
1.497936237990603603e+00
-1.484681956482090115e+00
3.019577254115489717e-01
3.304906064678149180e-01
-4.194501624849605176e-02
-7.792826689238002702e-01
-7.490741919783519442e+00
1.419319080887253837e-01
-8.868562188354891518e-01
2.113876109282385229e+00
-1.884477712769372648e-01
-4.522416523811894074e-01
2.069958251408396066e+00
3.566016477928404260e+00
-7.381777692853155326e-01
-2.450727647603366144e+00
1.171327424370589565e-01
-7.828867275122013414e-01
-1.200122537345682111e-01
4.075268952572082548e-01
-2.958627950919308525e+00
2.133940644007069398e+00
1.520862869144598895e+00
1.609854967205178455e-01
1.994321697726171516e+00
6.016011552695775793e-05
4.022487399214769166e-01
-1.378487093534463526e+00
2.737189363410444387e-01
-8.475366823886869572e-01
1.053555237428998703e+00
3.093276737297235290e-01
4.085362405674148434e+00
2.236162109522835006e+00
-3.902330515473965145e-01
-4.124911667589064912e+00
8.242231154745763844e-01
1.797866280191134924e-01
-1.335570860133384441e+00
-2.756168017458797248e+00
1.291315116986502920e+00
-1.542566814530268005e+00
-4.130837778286872819e+00
-5.400729908980214100e-01
4.146192194756718408e+00
-2.368760149601885079e+00
-2.527824647556384807e+00
1.520798838669338293e+00
-7.766855911391451484e-01
7.083666844695853115e-02
2.247606512476073348e+00
1.326339979976408401e+00
-6.803917215995967105e-01
3.693651988855520152e+00
9.381591100276156503e-01
1.126731288041199042e+00
2.936224510443188329e-01
2.844171262683627965e+00
2.916262714494133768e+00
-9.408616454934244366e-01
6.174862498324175109e-01
1.028161109133777229e+00
1.745835596084581720e+00
-1.201938318086490876e+00
-8.078300153265539629e-01
1.000653772694872989e+00
8.631089584035193107e-01
-2.070076562321078395e+00
-6.525569336844960766e-01
-2.106371046126977564e+00
8.848412650468792107e-01
-3.413263920901707937e-01
-2.047516050444891267e+00
1.505480544828221134e+00
2.998328107899535855e+00
-2.561536077803272526e+00
-3.729770794901310804e+00
-2.828161333438627079e+00
-3.049180277115135507e-01
1.131025194101049208e-01
-3.956897255307235906e+00
3.072821046669768297e+00
-8.792610666799692831e-01
-2.119229943527222382e+00
-4.734272560933728280e-01
-2.265217439712748249e+00
-1.455028972932488784e+00
-1.695062134314701652e+00
6.896297641376926135e-01
4.595387017041848710e-01
2.898193519723780920e+00
-1.795072514279689169e-01
-6.631555214944674370e-01
-4.536514722805294220e+00
-1.436785970093820142e+00
-8.042327315428154932e-01
1.028215882538288106e+00
-3.333627602132834600e+00
-8.605182300214658797e-01
1.876186065070151798e+01
2.433341563130106966e+00
2.133172556175242165e-02
6.412975579089035261e-01
-1.773442829919858799e+00
-5.941944992171895867e-01
5.210985828935585928e-01
-7.869938470437205513e-01
1.321363006849472166e+00
8.182251038580103941e-01
-2.379005148913318379e+00
-1.168427546854586607e+00
-4.848190550391239917e+00
6.151083945638098349e-01
-1.747896150551096150e+00
-3.154334181417038363e-01
5.356090676471434442e-01
2.217125386843890933e+00
-4.013003677835282446e+00
2.343069321804216010e+00
-9.394497433481475701e-01
2.410253462010953363e-01
-7.880034665247334646e-02
6.779724270881283266e-01
-1.646731908958732338e-01
-8.618108632294064764e-01
-7.193664590204199571e-01
-2.100264583331931778e+00
-7.211653870721541904e-02
-1.582876849304891254e+00
-8.064628313458018782e-01
9.982736543698352838e-01
6.936777002192252572e-01
1.191041345388852563e-01
1.300659722294761345e+00
3.513163071518906833e+00
6.898810269803350437e-01
3.773486092078567888e-01
1.730856765384029661e+00
1.571196182101044059e+00
4.954857321827438321e-01
1.441559813907355769e+00
1.553612801846036229e+00
-3.521405144971470613e-01
1.232460666998569598e+00
1.350874351154827402e-01
7.707461797561734329e-01
1.799848567941848554e-01
1.171188596337157772e+00
-1.022960435090509490e+00
-7.042136503629607691e-02
5.666616829210686240e-02
-7.402702890505424849e-02
-2.503987991732855800e+00
-8.341356628769412973e-01
3.522972575103213710e+00
1.373764435992962829e+00
1.107755420015113401e+00
-1.656241767581098756e+00
1.492815668944402416e-02
-5.174634704972762567e-01
4.715054986223289890e-01
1.477475090988941420e-01
-5.806072455668593868e-01
2.637099115931964000e-01
9.148656958763442537e-01
4.663595194476278238e-01
-5.809305777152045103e-01
-8.540583749106606115e-01
-6.959093644241360899e-01
-3.232073040633020589e-01
3.978683427579129184e+00
6.517991995652392401e-01
5.989401075339906982e-02
4.968736738360065019e-01
-3.611866361814499715e-01
1.675847216185139432e+00
-1.086322916874964267e-01
1.333945790809680343e+00
2.664225564669807866e+00
2.334242598009625080e+00
-2.276786631400298244e+00
-5.205762130065098026e-01
1.664384467080741725e-01
1.595544807692301781e+00
1.786047396427284273e+00
5.905565499781800787e-01
1.376016979518066341e+00
1.632134518626520592e+00
-1.967340072330681533e+00
5.700724945850166314e-01
-5.111077397003556122e+00
-1.746547541929734937e+00
-5.135779322269333758e-01
-2.377157936623119916e-01
4.909489007625872148e+00
2.143793420440398112e+00
6.046378681722379689e+00
-1.728266085443921796e+00
7.925996039451910224e-01
7.332385427062906302e-01
6.035261070266432215e-01
-1.120657796937438500e+00
-1.182095760738191448e+00
-2.012652261826592959e+00
2.504421341272451973e-01
-2.540455841304829487e+00
1.051138558080047247e-01
-8.594132537520937642e-02
-9.350347666494331911e-01
-2.928739976815948776e+00
7.482467317739333046e-01
-1.471289142401270289e-01
-3.449632511800749146e+00
6.355911580390337434e+00
-1.922287608736056586e-01
-1.727601196501154179e+00
1.756818951763118586e-01
2.533399475386270971e+00
4.010602943797850761e-01
1.465180721430224264e-01
-7.777784589957111028e-02
5.975327521077281601e-01
1.667839225971463835e+00
3.710106655524064156e-01
-2.994996691178040127e+00
-6.408331215462624852e-01
-2.961409115349133980e-01
-5.429611360927903974e+00
-3.859445365401192318e-01
-2.654237793377399957e+00
7.398883580656053560e+00
9.061124202786704496e-01
-3.060486995511236596e+00
3.679266024443835992e+00
3.886637468001467255e+00
1.563015992345828387e-01
1.281957561535615353e+00
-9.168670645295122767e-01
1.098076546139463927e+00
-3.420168431604423631e+00
3.710215501030810881e+00
-7.720209684236872816e-01
2.494582285027902024e+00
-2.674066430072657430e-01
4.061151121231219574e-01
2.142769491099969059e+00
6.111350452052566329e-01
2.603081347520197139e-02
-1.743874821818338416e+00
-6.300111456706948276e-01
3.805457457924694697e+00
-2.746038065924260585e-01
3.047436769844602100e+00
-1.018359119307659377e-01
-8.839577870323864772e-01
-3.446845724682423118e+00
2.829373175163471643e+00
1.772989807232655535e+00
4.533484385306577047e-02
-2.194824492499181989e+00
2.307707482877175753e+00
-1.886181344392555692e+00
1.187498488299425919e-02
1.410968614685241818e-01
-2.420117942429798330e-01
-9.013170662948563061e-01
1.927769974458586333e+00
-2.670235220627819928e+00
3.706327278164271277e-03
4.423447901292300588e-01
1.633278414875004581e+00
-5.445624548483665173e-01
8.737445864167943110e-01
-3.977969199927738342e-01
3.125505036220321223e-03
2.456572640232920435e+00
-8.185265804530009737e-01
-4.584917316715222957e-01
1.614908793869806347e+00
-3.555470206443654302e+00
1.372962571416832533e+00
-9.447793306096718968e-01
3.767258617584188229e-01
3.108596970996733155e+00
-1.858138449200421455e-02
6.102866465203434787e-01
-1.335293694341908699e+00
-9.100363055157348890e-01
-3.366464405240662927e+00
-1.341638558476796250e+00
2.557307729187844103e+00
-1.658707473874758032e+00
-1.519875998923763794e+00
-1.938775007153232810e+00
8.200837726066109168e-01
-1.330897136616687737e+00
3.501416700445607599e+00
1.492841100080393835e+00
9.745196003542767604e-01
2.475339952166975444e+00
4.838192141765530474e-01
-8.389620272994230410e-01
4.446718877252345825e-01
-5.727852906084125451e-01
-7.256355200191005883e-01
-1.424921591154616696e+00
-2.727284296334602676e+00
4.210025249193195644e-03
-2.238880507196275849e-01
-2.720649947178441219e-01
-1.437461690278583504e+00
3.599647935104184793e+00
2.934820126209363167e+00
-4.602375205928496804e+00
-2.335289189003598498e+00
-9.572109930207818307e-01
-9.642297710117482268e-01
-3.514710001609600898e+00
-6.437409483055414050e-01
-4.900640513745693205e-01
-1.521383894396442615e+00
-3.598941680512144359e+00
3.249831105106811613e+00
-2.564831090728159513e+00
2.082339549249123678e-01
1.300651690861848397e+00
2.002417665426007520e+00
2.011061529638901835e+00
-1.081904584989014984e+00
-3.438027511095848726e-02
-1.473735645120043847e+00
-1.478630118437982421e+00
-7.199380896381357697e-01
-3.365132668974891161e-01
1.329945451825815562e-02
-2.799901586827984623e+00
7.102169465953004357e-01
-1.313041194203039108e+00
1.908934970496788619e+00
-3.643092904586759939e-01
4.270129160148623815e-02
-8.880277084686225564e-01
1.382042452449106618e+00
-2.465553362397308934e+00
3.259280983234602136e+00
-6.404736841241921441e-01
1.058336123190207312e+00
1.251412446220278474e+00
9.570057559580276152e-01
-1.764912347849988183e+00
-1.302608034334181986e-01
1.418179132964331401e+00
-3.064658858138011865e+00
2.798391456099756369e-01
-9.223999771369196798e-01
2.984085683194137140e+00
5.552246004906223886e-01
-1.980508686046785316e+00
7.060939383524403867e-01
1.047589469660168637e+00
-1.486571539705991318e+00
1.434191566045537769e+00
8.841643620982839735e-01
-1.991421132409099570e+00
-1.092178249434750503e+00
-1.501236740359626287e+00
-3.250059853633430862e+00
1.080030996783222674e+00
1.892103129566933939e+00
1.029946799167775540e+00
-1.503269810877328805e+00
-1.388785725651517033e+00
-2.844633060922576728e-01
9.834477907634139315e-01
1.252636774962999411e+00
-1.051974409026756874e+00
-2.241465289581780207e-01
4.845535215467605683e-01
3.821818496112375119e+00
6.546654965021365236e+00
1.587015109634042132e+00
-2.619728145661189167e+00
-2.849493510914249406e-01
2.843653186654553355e-01
-1.740671426010483636e+00
-1.457570344662241002e+00
4.900678794100723046e+00
-2.017747820902504319e-01
-7.404819086065328460e-01
1.397568159959767131e+00
7.937553714230245472e-01
-1.078507701862647217e+00
2.793625021976679501e-01
-1.457481553036063859e+00
-6.600341887288190712e+00
1.304296254789139908e+00
-7.102955587761129452e-01
3.888938891828745970e+00
-1.134840095484552114e+00
2.347337540425969316e+00
3.340263007269687723e+00
-7.562937595829140047e-01
-1.210066169846150341e+00
-1.090608278890633054e+00
2.083880843322225562e+00
2.459256650387616205e-01
3.757488403421030410e-01
9.168889453364695852e-01
-1.867515228961322549e-01
4.923271660351595802e-01
-5.567429719622903894e-01
5.013649422840121828e-01
-2.535530939429587516e+00
1.206593443947379773e+00
-5.555976640556310464e-01
-1.305032736379711622e+00
8.834296382946440485e-01
2.111247407138843624e+00
1.333678526977218670e+00
4.202362125544480964e-01
-3.141954243595712626e-01
1.896395523065055100e+00
6.731570010781633417e-01
1.234281643555334096e+00
1.228045921308290822e+00
6.763849614182286807e-01
2.053143357247396161e-01
-1.646200113223810213e+00
-1.717069517916180565e+00
-2.097278636327967849e+00
2.016958516641383703e+00
1.635334334118505595e-01
-2.023556442381325482e+00
4.934474058895009230e-01
3.312254942175902987e-03
-4.187548233720591817e+00
1.183977721682225148e+00
-7.193341280781511138e-01
-2.748291248380725360e+00
-1.768145410346244339e-01
-1.586429641316097205e+00
4.652666925057812874e-01
3.880128294351025686e-01
3.362994535723685119e-01
-3.118370442167963663e-01
2.088327916468557977e+00
2.873883413893509320e-01
-2.211498814319887707e+00
-5.716384764966054854e-01
-1.752674282390281668e+00
3.448390642405592121e-01
-2.177762508306456402e-01
4.804635517867399841e+00
-1.232004768311242560e-01
1.417805227523663669e+00
-9.012820691141887330e-01
-1.998813473472815794e+00
6.255423583077752286e-03
3.918767938329738576e-01
1.439455729162399722e+00
1.439899926874737668e+00
-4.278451812275975708e-01
-1.246860632088476750e+00
-1.424126651203133198e+00
-6.238398461761404112e-01
2.764990117206124864e+00
1.454775699721858329e-01
-5.052871858158961560e-01
-9.236139760710206925e-01
2.905359858973355802e+00
4.810348901029982819e-04
4.665412800888175227e+00
1.588875941918342471e+00
