-2.848044183760326531e-01
4.715203315612244150e-01
2.756675025240758359e+00
1.663517422965225201e+00
9.477076143144966824e-01
-2.334677458380450155e+00
-1.033072590752935199e-01
3.707186986515593752e-01
2.898045175147927893e-02
8.074042521833622033e-01
-8.079859472947445997e-01
1.916048354349613625e+00
-1.416425294817641900e+00
3.504778479394918822e-01
1.443746582327087191e+00
-2.574406892700367600e+00
-9.031384530989453596e-01
-3.100997020365930723e+00
-8.396191078928177731e+00
3.751264199279825684e-01
-3.936339586469472795e+00
1.105099709587630707e+00
6.625016213803941456e-01
-4.793578112519420453e-01
-7.678702945912262434e-01
-2.994671765559153154e-01
-7.479820459621859818e-01
4.891289183772056237e-01
-1.224735243761725600e+00
-2.615099093124069740e-01
-2.186591919298798425e-01
2.116845919636205942e+00
3.817305486818404758e-01
-3.393005524857124033e+00
1.027256819872245819e+00
-3.341929008891109110e-01
9.538635034689351144e-01
-6.419372254635652419e-01
2.598205650554950896e+00
-6.681433532599980740e-01
1.008541224064732345e-01
-1.918380783867712491e-01
1.779334888719147134e+00
7.712405113670517398e-02
1.781550301241911494e-01
3.626761119025611713e+00
-5.156022844335282906e-01
5.380368672328660756e-02
1.085474823738910910e+00
-3.885440321178911249e-01
-2.112802771476836483e+00
-2.778846786076293096e+00
-9.943637306176995594e-01
1.211740690224658135e+00
-3.242852690812175059e-02
-1.436505394688651238e+00
1.125256242602569595e-01
3.014982507594902827e+00
2.684051192531033275e-02
5.134666642584094776e-01
2.528580537550593643e+00
3.412614554612139361e+00
-2.452239959732508967e-01
2.420771772233599461e-01
-1.569460743768515965e+00
2.244039179574350007e-01
-1.138763539038753159e+00
3.975249466811388910e+00
-2.437270011334381703e+00
-7.036604282533535093e-01
5.047079754281825759e-01
-3.668413926093699873e-01
3.298722076523020519e+00
3.054441146073493929e+00
1.693457401334915513e+00
3.977208764411181541e+00
1.277266247411328548e+00
2.754725258188171821e+00
5.096153659979122397e-01
-3.522221909180845989e-01
1.885514616096749085e+00
6.247153436096898327e-01
-4.873618672638856397e-01
1.888012705259869417e-01
-1.409484334175054032e+00
1.566559393155006807e+00
-5.474392757378573116e+00
-9.866693502511075797e-01
-3.266913419606828906e-01
9.026983627751575812e-01
1.247709385229891499e+00
-2.163657130601784662e+00
-7.918576927681746369e-01
-3.090029170877487630e+00
-1.747012771206462312e-01
-2.588519702440778003e-01
1.479716361846952655e+00
-2.604127442111396462e+00
2.558905601882336178e+00
-8.374703254942734709e-01
-2.761531866854368467e+00
8.011413179958065678e-01
1.089008178039013730e+00
2.126971854961793085e+00
3.448250043564933254e+00
2.631428476363120161e-01
-4.022558105017600028e+00
-9.310072122652425231e-01
1.445515449341902292e-01
1.126718264269783998e-02
2.218317124743885427e-01
9.295830924304235854e-01
-1.394890702977830355e+00
-4.493521724149116991e+00
-8.371164108504365320e-01
1.806327688584193902e-01
-3.236055838378752991e+00
-1.391467895841216773e+00
-2.491440095158979684e+00
-1.108837387582565892e+00
1.821489224832888221e+00
-5.092563509397646238e-02
6.109939546051688236e-02
-2.961596667291597207e+00
-2.649535796547267452e+00
3.029229275564385038e+00
2.266857703715841055e-02
-7.105234623884356671e-01
-7.116050625670043983e-01
-1.484501891567767684e+00
-1.508844462023977373e+00
-1.105945942698597584e+00
8.555685723655304109e-01
-2.090440831423411527e+00
3.821028111605426325e+00
-7.814473453913449441e-02
-2.540381666344846412e+00
8.789704319239122210e-01
1.624199652699381380e+00
-1.205298679278350882e+00
1.194217675627036845e+00
-1.434113478541849229e+00
1.518743526822836420e+00
-7.970577253727353928e-02
-4.617120844127473589e+00
-1.510461004113047956e+00
2.660288045229176390e+00
-3.274522858603131414e+00
-3.388970505632014518e+00
2.491792526654039164e-01
1.393959666740313130e+00
-2.902843209224943988e-01
3.439664870513229333e-01
-3.121480232911837960e-01
-2.011951940831475660e+00
1.311080347831678150e+00
-1.008989577835352064e-01
-1.764345804905136372e+00
-6.438281909591933028e-01
-6.083772623753482822e-01
4.202156826588455130e-01
-5.618927950920927783e-01
1.483976731488975132e-01
6.859344358155070598e-01
-8.680406989006235197e-01
8.372791738348714929e+00
-1.720354924401873431e+00
8.338929877028511406e-01
-1.907305620695337822e+00
-1.323021208960388773e+00
2.489949108152441914e-01
4.412539860384311341e-01
-3.973576065724164774e-01
-2.258784357616046901e+00
1.339537373798248332e+00
2.615953065939671696e+00
-9.523056786363205406e-01
-1.563874897728643631e+00
-1.991878978452310989e+00
-7.301227853137354229e-01
4.527850818214568251e-01
2.873227762015882369e+00
1.137222986682331127e+00
-4.824008067549119261e-01
-6.638509410119690646e-01
4.120871483950226732e+00
-1.444251613156600222e-01
-4.417142482768999789e-01
-8.218868143378563751e-01
-1.222805646727587042e-01
-3.776414955864628720e-01
-1.389841010780034358e-01
-1.806803830553225521e-01
2.932139313579291251e+00
1.027247729638478546e+00
-1.171342301156550192e-01
-4.744793461853783478e-01
-1.321972914724216519e+00
2.380446727146398878e-01
2.587110295568464835e+00
1.467698134745512473e+00
-1.459354869564866819e+00
2.909313735147371904e-01
3.667623710578881147e-01
-1.722863795570384743e-02
-7.874648513188879928e-01
-7.501921900196471427e+00
1.562350027357634896e-01
-8.971293164979643464e-01
2.053383373007907853e+00
-1.240634283270442423e-01
-4.575224632955290915e-01
2.191602861213969522e+00
3.302966023758879377e+00
-7.427427310619612033e-01
-2.452788230457620955e+00
8.512706951377421727e-02
-8.052141781761852357e-01
-1.342548526518018148e-01
4.491208798761297527e-01
-2.948400153869515705e+00
2.144822621998610845e+00
1.562660961662889481e+00
1.387674190795142870e-01
1.962235330203159434e+00
7.072535568220102500e-03
4.517591428693915612e-01
-1.370726016747746634e+00
3.330404789643008900e-01
-8.496838243968422022e-01
1.036862888531814075e+00
3.457791675607399529e-01
4.087690100467000320e+00
2.075537531925187640e+00
-4.021975700022308864e-01
-4.159364522791898722e+00
8.114920068846046552e-01
2.200372867101079710e-01
-1.335456747942557865e+00
-2.793931649022772135e+00
1.287918679726190563e+00
-1.565723455200095149e+00
-4.100501221950838548e+00
-5.160230604736624205e-01
4.027885637271523933e+00
-2.336292258249915932e+00
-2.405387087648986455e+00
1.217288602070849102e+00
-7.153540342322485257e-01
9.204427104199359999e-02
2.155818880085847322e+00
1.325135744464019272e+00
-6.493363886244727379e-01
3.676511727674844021e+00
9.266309447761866824e-01
1.128688205938746636e+00
3.118987612520061625e-01
2.779264716915585076e+00
2.924647248186565740e+00
-9.620733696133065838e-01
6.227801068733799239e-01
9.935580101338116199e-01
1.782764280917202848e+00
-1.257703330213513215e+00
-8.017765568701434864e-01
9.583530230847823184e-01
8.994423505619305592e-01
-2.084198944152825916e+00
-6.217679404300535673e-01
-2.148738133615838208e+00
8.993595666275048250e-01
-3.642413023436752995e-01
-2.051241876253329988e+00
1.498139434427739003e+00
2.935662486648380032e+00
-2.501941949454152159e+00
-3.783769234587547992e+00
-2.802147711358032645e+00
-2.681827920830425205e-01
5.942779111505498701e-02
-3.999494820939353268e+00
2.984457608309484922e+00
-8.806616389597604622e-01
-2.062535154050828101e+00
-4.508118714352664647e-01
-2.299068039396554575e+00
-1.426723343390521315e+00
-1.801320927190712906e+00
6.610015139686986618e-01
4.107936548835386392e-01
2.939409447539537812e+00
-2.071994117966042825e-01
-6.701194914811737791e-01
-4.535517114592479970e+00
-1.387797523243632147e+00
-8.152177860960998501e-01
1.051694100906058971e+00
-3.244371684797547228e+00
-8.213882785021723310e-01
1.872957884186013899e+01
2.360136702556594024e+00
-2.412672145661611325e-02
6.416155931718247052e-01
-1.780464229812357191e+00
-5.687481715685244188e-01
5.363445698238514803e-01
-7.517275400049004963e-01
1.295171541541787041e+00
8.007016526715114990e-01
-2.325111081103107491e+00
-1.201541100859845779e+00
-4.788952454407170656e+00
6.287316691514408529e-01
-1.658780050083352720e+00
-2.930333471412415736e-01
4.738495766523165287e-01
2.243253417648072734e+00
-3.967969967645504692e+00
2.286794073593681809e+00
-9.031373406990296226e-01
2.519398423516924779e-01
-5.690775492987455719e-02
6.935786029309376488e-01
-1.710064329916442527e-01
-9.165598720123580012e-01
-6.668168256169229036e-01
-2.062094982294395695e+00
-7.570237790326361793e-02
-1.559946999846494542e+00
-7.745251826840762188e-01
9.998392848746103789e-01
5.609235937564146512e-01
9.138872893589999880e-02
1.289491155254642640e+00
3.515865310786641995e+00
7.120174075417674553e-01
4.076578550084657415e-01
1.707727165332233676e+00
1.493679741446783504e+00
5.270851825044954309e-01
1.464843789901214555e+00
1.555082565282549512e+00
-3.011412361217638001e-01
1.220573312364453100e+00
1.135052427719540902e-01
7.859562286149254229e-01
1.711958624824172492e-01
1.157336799422376217e+00
-1.034427990950061549e+00
-1.267717005599992286e-01
1.758554038777473960e-02
-1.409365192818680737e-02
-2.501222255934979266e+00
-8.318369793363494802e-01
3.469405960329269512e+00
1.344469206047931964e+00
1.086496391905174663e+00
-1.677735145012995144e+00
1.356003942379270001e-02
-5.103555856015654646e-01
4.550547967091496115e-01
3.314848163488906541e-02
-5.025281766561938701e-01
3.070680570500711748e-01
9.210625869646079655e-01
4.644408437215415408e-01
-5.875168424188487171e-01
-8.616774310789859781e-01
-6.475872684980864546e-01
-3.267532558737209492e-01
3.895988631413770165e+00
6.336340678803686899e-01
8.738654394595787855e-02
4.790253279455243818e-01
-3.658963298732563207e-01
1.575049219459397021e+00
-1.480238934905117876e-01
1.383487057714596791e+00
2.616679867078135491e+00
2.282741235167712990e+00
-2.381213923018680845e+00
-5.142455064461310954e-01
2.184660352745965706e-01
1.558456039037250829e+00
1.798399069122877947e+00
5.847457646599183434e-01
1.310222252940111964e+00
1.593179223990003779e+00
-1.986710534903689540e+00
5.804515490792148125e-01
-5.062878520328892407e+00
-1.709070293690149178e+00
-4.967758718557721553e-01
-1.801485783877038449e-01
4.767223966020395665e+00
2.157691566802480310e+00
5.978246308675658760e+00
-1.749472781053059700e+00
7.670560057409315791e-01
7.933396074232996753e-01
5.854946603351809387e-01
-1.093588456587962332e+00
-1.161378651767057679e+00
-2.041010830916423213e+00
2.258279092481702277e-01
-2.459505054687315173e+00
1.208801700001079921e-01
-9.116178844045405572e-02
-1.024313792402065326e+00
-2.890263192099601142e+00
7.783451717392757541e-01
-1.405643248594116990e-01
-3.472740875488685930e+00
6.261367074338417105e+00
-1.852677442439046307e-01
-1.728254648413120487e+00
1.658002325780556785e-01
2.512009845934108476e+00
3.626812994599732942e-01
1.427496730123165858e-01
-7.355157615073885935e-02
5.995079736388119196e-01
1.736713460139998721e+00
3.851968339680499342e-01
-2.982181340739317399e+00
-6.535066218661029769e-01
-2.321131262369644788e-01
-5.355998649196502370e+00
-3.986464756522041242e-01
-2.650066776093618959e+00
7.369754332720219736e+00
8.897604114745132353e-01
-3.065294859351487933e+00
3.650198083313448194e+00
3.900867552568807906e+00
1.870472668723216769e-01
1.328921689218997448e+00
-9.416010583123249900e-01
1.120777841487766269e+00
-3.368337851741737499e+00
3.629193971592577839e+00
-7.814259147428560537e-01
2.353468433244879421e+00
-2.927427192578951343e-01
3.810313695123231925e-01
2.119635265934017188e+00
5.726064703158575409e-01
9.086651873102896682e-02
-1.666594497222213311e+00
-6.511176630741644100e-01
3.823280719647891956e+00
-2.726916322557214611e-01
3.028143722182746522e+00
-7.287978602311116771e-02
-9.021428406203830797e-01
-3.441713622830727903e+00
2.878514783706301650e+00
1.727789803011324343e+00
2.927842031101422771e-02
-2.160563273458915301e+00
2.281333083740765488e+00
-1.889354860792424429e+00
9.594969985040934304e-03
1.379159081616479487e-01
-2.518661774794677677e-01
-9.757113458642827641e-01
1.919653362337474745e+00
-2.659021925933818586e+00
1.406044283345198390e-02
3.922335752488488869e-01
1.746069583139983283e+00
-5.398878032195627563e-01
8.203795598576142378e-01
-3.866366728220951843e-01
1.852546698328380592e-02
2.466505567767576235e+00
-8.667762617416755466e-01
-4.811485434796926586e-01
1.631929968512215279e+00
-3.583847882632938298e+00
1.314269231125671178e+00
-9.591419791764350666e-01
4.049081667206013146e-01
3.169008091204239541e+00
6.189612505121103517e-03
6.246532826264196148e-01
-1.341596781018451479e+00
-1.007482336693397817e+00
-3.331884542943697181e+00
-1.343212757816256486e+00
2.522689625617270615e+00
-1.629618024776157137e+00
-1.485833457360599796e+00
-1.940864288632540013e+00
8.063281074562597128e-01
-1.330495187270725355e+00
3.528890034397297093e+00
1.523812402477048744e+00
9.757164100709836418e-01
2.467107222504046238e+00
4.671849329498783954e-01
-8.407052642176776613e-01
4.861635067886679873e-01
-5.688843674293057040e-01
-6.987782870655069312e-01
-1.479595058379775230e+00
-2.640460024630649105e+00
-2.167329899715417924e-02
-2.276365442361078795e-01
-2.240315647859035253e-01
-1.406967956935352593e+00
3.551938183020676210e+00
2.857040494384502249e+00
-4.244935818457850729e+00
-2.267384432424333962e+00
-9.808404684852554123e-01
-1.081068583119895177e+00
-3.540462173707273674e+00
-6.372273576517437643e-01
-4.815652082460799566e-01
-1.482639972361090352e+00
-3.610681401669669999e+00
3.224546171102054437e+00
-2.534448234402729483e+00
1.755692247382873716e-01
1.334211154750894357e+00
2.001279822049589541e+00
2.007240035133302403e+00
-1.075300093914185684e+00
-8.849260270205869250e-02
-1.404844303170889930e+00
-1.457388431283894281e+00
-6.219953986892445830e-01
-3.841205095724232743e-01
1.047424674966864790e-02
-2.764071909090133783e+00
7.787819309241763577e-01
-1.299318146387486106e+00
1.862963185541044231e+00
-3.342559808209524252e-01
3.832000771719305809e-02
-9.088858774844261745e-01
1.344804354422653780e+00
-2.427941273293701574e+00
3.387993001558574857e+00
-6.400804897063797627e-01
1.049109395657153110e+00
1.256675888093601534e+00
9.187200986126849989e-01
-1.746662268438121890e+00
-9.929761100419348674e-02
1.422176170597858613e+00
-3.055591049089966926e+00
3.107704297743298372e-01
-8.797837931781523624e-01
3.019124700959003871e+00
5.613573285778703514e-01
-1.893935248317758280e+00
8.040620222406572593e-01
1.038172123961399018e+00
-1.427433552263645211e+00
1.502750392093317622e+00
8.697067671610058115e-01
-2.024090541292840495e+00
-1.100940946859048974e+00
-1.436784582398248800e+00
-3.145028418179004692e+00
1.071696282955183266e+00
1.901057926027681422e+00
1.014991825260960434e+00
-1.477585558323480486e+00
-1.372236255300710361e+00
-2.599592560071248837e-01
1.005247660237168716e+00
1.229327673689413425e+00
-1.054095104880892642e+00
-1.989282903289608384e-01
4.915040239443276837e-01
3.856171946012143970e+00
6.425892184898007287e+00
1.637378439593628832e+00
-2.590076705902036647e+00
-3.268994522758060239e-01
2.612242018271270783e-01
-1.688088974242136109e+00
-1.420130379705435653e+00
4.881407726129901370e+00
-2.524229343453018859e-01
-7.642350695473977273e-01
1.352467096153169512e+00
8.287004892823858215e-01
-1.056709036022485559e+00
2.957361940340438866e-01
-1.478946007013670849e+00
-6.514596106251151930e+00
1.286425318216620095e+00
-7.541847031538913004e-01
3.905126359222367505e+00
-1.151144942695652151e+00
2.331708558515812157e+00
3.376562614051054290e+00
-7.441981481724255776e-01
-1.198984964350138016e+00
-1.050697753640045251e+00
2.096465187395236907e+00
2.161058816339453958e-01
3.066106136345994049e-01
9.581854298485807941e-01
-2.315692286491287943e-01
4.988534895238455058e-01
-5.339124281803989680e-01
4.773738410482161187e-01
-2.522780987200144764e+00
1.197093342911301983e+00
-5.254928232528549570e-01
-1.325861353399309994e+00
8.596405734965307799e-01
2.099345741823515077e+00
1.262832658970109545e+00
4.462535322099738799e-01
-2.667136949111659217e-01
1.901653147361917151e+00
7.153140132684636665e-01
1.209175604723339070e+00
1.158996692147417740e+00
6.564705089720898057e-01
1.784758557785308120e-01
-1.531906394107530822e+00
-1.702973273249614561e+00
-2.052681401973885045e+00
1.884637936116062118e+00
2.199634164575932638e-01
-2.021590888187500656e+00
4.945663957258397136e-01
-1.019049898861083651e-02
-4.139025677239958512e+00
1.135728486284823147e+00
-7.145700494035096551e-01
-2.738537689261981267e+00
-1.617826569574385420e-01
-1.609954543557156503e+00
4.968372191777504221e-01
4.550473618283346067e-01
2.977012425021391961e-01
-3.147899963372284837e-01
2.099464645405066499e+00
2.817583704319921445e-01
-2.136805545784087101e+00
-6.575077905272408429e-01
-1.799415200094510725e+00
3.477951265334550679e-01
-2.301077255250220666e-01
4.743280097216859836e+00
-2.084771269689833229e-01
1.415178389824756966e+00
-9.051756797259015164e-01
-1.880364067121612193e+00
-6.405890278500889039e-03
3.542173013433096429e-01
1.379304069533943355e+00
1.403635438479019504e+00
-4.179460102762473928e-01
-1.252281637013462845e+00
-1.457486479227158460e+00
-5.883127663879762492e-01
2.768165285904410577e+00
1.118709181920957280e-01
-4.767322080360416048e-01
-9.444610331778146017e-01
2.946887885565386167e+00
3.420541797831393172e-02
4.582779378894579203e+00
1.589318524849707703e+00
