-2.906267983528750265e-01
4.787035484949510034e-01
2.727371091070685427e+00
1.655194811324615101e+00
9.368799407286749759e-01
-2.348595177019513702e+00
-1.090420284757757097e-01
3.724900565334632319e-01
4.513032169980215474e-02
7.980743686532603132e-01
-8.240617488722701278e-01
1.916411084531431497e+00
-1.426159595851282269e+00
3.516506525921417881e-01
1.456595039028242944e+00
-2.577206128032390353e+00
-9.110294273048966662e-01
-3.181413159080037190e+00
-8.493994451231195342e+00
3.744759745696232822e-01
-3.932759048350805919e+00
1.085010904484312810e+00
6.474470862099961366e-01
-3.742231294283033249e-01
-7.691170493430029564e-01
-2.993588879796759694e-01
-7.683833241550382942e-01
4.684991911098896344e-01
-1.222740824997918363e+00
-2.147900462428200541e-01
-2.003883536251110375e-01
2.121130930007799176e+00
3.976632931952266414e-01
-3.397039618425158114e+00
1.027619076724604952e+00
-3.256185393221776581e-01
1.020852592576714679e+00
-6.411742324402617266e-01
2.609767879240660893e+00
-6.681019647929061778e-01
1.006408100265809291e-01
-1.783671055189447463e-01
1.778300710743902391e+00
1.307216410497144266e-01
1.850026973416613318e-01
3.659508646854716662e+00
-5.161444995799129298e-01
4.191574357209086610e-02
1.082773227910635239e+00
-3.907105291745038844e-01
-2.123307375002904784e+00
-2.780739911505041295e+00
-9.866402587170721716e-01
1.207342363598180368e+00
-6.143863980480064602e-02
-1.432765146872363671e+00
1.214745363902326597e-01
3.014664607170357336e+00
3.739917431398882830e-02
4.563376783544655924e-01
2.523478500294307203e+00
3.432165825144086746e+00
-2.360921569877789394e-01
2.262763135515243329e-01
-1.571408944456452073e+00
2.224713636283146279e-01
-1.136875946821749972e+00
3.959930218596763307e+00
-2.459625117727223920e+00
-7.026699549467827488e-01
4.970772112609085358e-01
-3.592422619741885148e-01
3.288297021001711062e+00
3.058982871642363044e+00
1.732374368364403505e+00
4.007853111985226313e+00
1.275916109564966927e+00
2.796537996422559846e+00
4.864950683974848533e-01
-3.742336596434720497e-01
1.886784532470680009e+00
6.269430860584707110e-01
-4.797127175106176700e-01
1.888438352182346125e-01
-1.427753711061526820e+00
1.554401933402066449e+00
-5.478401985978314848e+00
-9.643936760702643829e-01
-3.121779075452720265e-01
9.175971760365405627e-01
1.247058231649770699e+00
-2.154454616673408207e+00
-8.281556445218445361e-01
-3.094204845530093895e+00
-1.854061179946083493e-01
-2.603316902516952802e-01
1.480594342839794963e+00
-2.615577314114628127e+00
2.587998476217341803e+00
-8.249027573309313244e-01
-2.771276706726967909e+00
8.123448037498913754e-01
1.096346294604231941e+00
2.144323512505215579e+00
3.441176617888882294e+00
2.643175899529972561e-01
-4.042817159403221616e+00
-9.305301499228395556e-01
1.480076102077926281e-01
-1.695073682241340224e-02
3.575176344444176979e-01
9.436314009864775754e-01
-1.400159051358258466e+00
-4.481967864909111476e+00
-8.318843801372540758e-01
1.770602736164776370e-01
-3.238662021483373010e+00
-1.342821479116651284e+00
-2.511869414873320494e+00
-1.117285296959507290e+00
1.883617654115444129e+00
1.118628086673889924e-02
7.147920626670595245e-02
-2.959865837011202316e+00
-2.661418406979945583e+00
3.041988137101499845e+00
2.753848026334734106e-02
-7.023048035271419742e-01
-7.103827582291164511e-01
-1.476399395447924645e+00
-1.520292139543486298e+00
-1.111623567138944946e+00
8.691602521058862107e-01
-2.100976724702610987e+00
3.836625947003420745e+00
-6.833655344886764571e-02
-2.537724268569395480e+00
8.806239105750626184e-01
1.627747378126098710e+00
-1.217295194193666941e+00
1.190696077823454324e+00
-1.444714962538940162e+00
1.416549756640418600e+00
-6.917878185840797833e-02
-4.591027384733698646e+00
-1.513835401830047944e+00
2.665315323045347906e+00
-3.319957955804844207e+00
-3.424355495966108887e+00
2.520990261288041379e-01
1.443386318069906027e+00
-3.428357416192582829e-01
3.413928149239231491e-01
-3.281897295798931191e-01
-1.824815521927537931e+00
1.274578021095752245e+00
-9.479949963539370528e-02
-1.792277955807534573e+00
-6.485772985543849511e-01
-6.095808170497106770e-01
4.210102218264094587e-01
-5.660613956817880377e-01
8.536398647019041719e-02
6.836735669987540343e-01
-8.667286170914303423e-01
8.352603563692639455e+00
-1.727545207278335937e+00
8.441552540990403530e-01
-1.905549611034624835e+00
-1.334704531178021236e+00
2.555024286557809887e-01
4.285956418976445415e-01
-4.392327724680274992e-01
-2.250721918284866341e+00
1.325923051028085276e+00
2.618979612490210052e+00
-9.649692687991633377e-01
-1.578048535430593091e+00
-1.979749375581942195e+00
-7.316986174376702845e-01
4.472500392507298694e-01
2.818580611561236182e+00
1.109468084098735208e+00
-4.827410337316909161e-01
-6.684033510803100153e-01
4.061944691648197825e+00
-1.000581934919317628e-01
-4.439179974760165681e-01
-8.219610241859982569e-01
-1.275298816660507262e-01
-3.741663818887259740e-01
-1.554327931574507049e-01
-1.879765204164312309e-01
3.012057672932222818e+00
1.056560273628646796e+00
-9.073186180473896689e-02
-4.549526979038357455e-01
-1.356399079847357747e+00
2.154383827720091071e-01
2.606399633285822581e+00
1.471639751485161351e+00
-1.464976317362200797e+00
2.932540694177368512e-01
3.526396076669878754e-01
3.229343470292220242e-02
-7.894498096395713427e-01
-7.494621699035821649e+00
1.544772187752858628e-01
-8.966677083655695268e-01
2.085124897962068680e+00
-1.267386119573137293e-01
-4.555963493847660639e-01
2.067257886839100056e+00
3.467891222184986688e+00
-7.444561880298784518e-01
-2.447719471770748001e+00
5.397004112045281771e-02
-7.856972758254789913e-01
-1.348884402193590015e-01
4.404953136517338330e-01
-2.945854627859962438e+00
2.150653317392953845e+00
1.577031633840071168e+00
1.476615623062791094e-01
1.913267258511800240e+00
3.617260007699343079e-03
4.295948375725454071e-01
-1.393575813548612707e+00
3.081315558033583257e-01
-8.338163651494634454e-01
1.048651195737163588e+00
3.369729058637982999e-01
4.082733043992949895e+00
2.114619956552708402e+00
-3.514094805075235195e-01
-4.118291530796318156e+00
7.963352762304879429e-01
1.955565316359614558e-01
-1.342051309203050824e+00
-2.825882255419194244e+00
1.287947312493282537e+00
-1.555285340397985161e+00
-4.109453583184408565e+00
-5.152597915768395431e-01
4.046092007610388563e+00
-2.337376738190526382e+00
-2.422654886991797873e+00
1.427877794964263369e+00
-7.242677353351861802e-01
8.998150161661518098e-02
2.148475944773811985e+00
1.327122150998572447e+00
-7.821430227008553393e-01
3.700577516262780531e+00
9.422017226509408205e-01
1.118562155026252780e+00
3.131546584370397679e-01
2.795645509946398377e+00
2.919385090486439349e+00
-9.556445904276557046e-01
6.189422748711385092e-01
1.002207647669402402e+00
1.788252043047855899e+00
-1.197404861360823025e+00
-8.203579042910161823e-01
9.772424623286569689e-01
9.401970458653341467e-01
-2.085330437246324387e+00
-6.173386246690879542e-01
-2.139327553251515468e+00
9.013489510709542518e-01
-3.391458695277361213e-01
-2.043184319639755664e+00
1.520990910231053928e+00
2.958409735347178771e+00
-2.516017844736425868e+00
-3.737081653059294517e+00
-2.806581411941114101e+00
-2.731502625508772097e-01
6.542283020364747514e-02
-3.949324569717086231e+00
3.110220895853731626e+00
-8.704738478290621195e-01
-2.055404913537560052e+00
-4.597225811106761539e-01
-2.287796789235415407e+00
-1.387822317917494663e+00
-1.747790997696637483e+00
6.473594843017632661e-01
3.980646113296955058e-01
2.899651598135175146e+00
-2.085595080840068338e-01
-6.616061419428126422e-01
-4.538861367962220505e+00
-1.396968557237124431e+00
-8.229486744864524805e-01
9.680692809543397503e-01
-3.315268053722618458e+00
-8.273704034953224262e-01
1.872166938210759213e+01
2.459822808339068079e+00
-5.140111084912559608e-02
6.400139800972389770e-01
-1.779251420692831820e+00
-5.928850122838003056e-01
5.217355292666305822e-01
-7.474177850302954340e-01
1.278306717744896348e+00
8.225142448041227183e-01
-2.332093792516811703e+00
-1.182600889189545645e+00
-4.788176744560402653e+00
6.395889835902975884e-01
-1.673541342635021634e+00
-2.963725609784365611e-01
4.683881771156720997e-01
2.314709142649464368e+00
-3.942462435895488948e+00
2.292796006760510430e+00
-9.195502400435973112e-01
2.537123828669998193e-01
-4.284088686608365781e-02
6.396141807768527254e-01
-1.723499301212373103e-01
-8.830734113948097708e-01
-6.525206010924485822e-01
-2.073847357268697067e+00
-8.018317434443938962e-02
-1.561456058523366996e+00
-7.629687521796745253e-01
1.016727180924472229e+00
5.649283833279264977e-01
9.122021716915680589e-02
1.306597927148939409e+00
3.492772176648749838e+00
7.128756369311753938e-01
3.979784310038172457e-01
1.708934826927564821e+00
1.502936567063852591e+00
5.326871262496893911e-01
1.441718054054465403e+00
1.549366292974452941e+00
-2.913425138663812697e-01
1.221954189115396439e+00
1.138898961497559759e-01
8.388473755548513378e-01
1.402506433134014796e-01
1.143204275238700607e+00
-1.035323775848494776e+00
-1.216804657949727003e-01
2.694711638772463724e-02
-5.252857934913899435e-03
-2.505450789799955835e+00
-8.604793780986390583e-01
3.478976167921976170e+00
1.339452259494575470e+00
1.111280803212562729e+00
-1.681271856650516039e+00
1.249867681209083578e-02
-5.216265373329826982e-01
4.644633795557052691e-01
6.618046590747807267e-02
-5.002822251680422161e-01
2.738842552694671362e-01
9.197233156631313689e-01
4.575328276449633913e-01
-5.931903843630528250e-01
-8.662220598698058271e-01
-6.557562055212591279e-01
-3.236258534380153096e-01
3.885963351064007032e+00
6.505769749504803912e-01
9.540738828709018071e-02
4.741385043745631189e-01
-3.620768186277453227e-01
1.589855573966846292e+00
-1.916830241739876095e-01
1.359863745528130607e+00
2.638900158444508648e+00
2.329675669407250460e+00
-2.360881172495959301e+00
-4.867979997425287975e-01
1.526117693430700528e-01
1.553256696278685567e+00
1.792437417190736904e+00
5.367283229688798452e-01
1.314416997126228503e+00
1.605183535443607257e+00
-1.982629928660293972e+00
5.741609385175621139e-01
-5.032791076994027613e+00
-1.688255137745474865e+00
-5.019037377066869476e-01
-1.969392309581176337e-01
4.770185549777345990e+00
2.168056102970688848e+00
5.985168127533667004e+00
-1.735880964302156437e+00
7.603525008053122480e-01
7.976521572920129977e-01
5.782565307260401077e-01
-1.104467537747351624e+00
-1.144833767919137824e+00
-2.040422042916633316e+00
2.233614868097204276e-01
-2.474816941360891587e+00
1.083091626963106902e-01
-7.230644830292493053e-02
-9.825574662674929627e-01
-2.912649730750060950e+00
7.188251790698917398e-01
-1.551071189465462741e-01
-3.424944836539284942e+00
6.289761458282144169e+00
-2.034262631980263414e-01
-1.717924044347343582e+00
1.653856281739528034e-01
2.521130402433266138e+00
3.614768924254405102e-01
1.421274633320216696e-01
-5.574160025153486464e-02
5.965893493252273361e-01
1.714921664470789642e+00
3.869740197161874451e-01
-2.968284665472122441e+00
-6.403339695754223238e-01
-2.587820992585919133e-01
-5.357708847769986349e+00
-3.862312769415160996e-01
-2.642071059269353039e+00
7.376083568362189702e+00
8.908968900849667527e-01
-3.063687161409847093e+00
3.642746951934241029e+00
3.908444275608916385e+00
1.897857742910049328e-01
1.326472072429245364e+00
-9.305532208169035036e-01
1.126077336541075447e+00
-3.370649537367048865e+00
3.639735497410109488e+00
-7.736291038167931733e-01
2.379396759908027459e+00
-3.062210017395932127e-01
4.030618102035899430e-01
2.119695659692486522e+00
5.596629809833603142e-01
6.405174276652400578e-02
-1.674661456561255202e+00
-6.338795787239729362e-01
3.808760803400152550e+00
-2.678660736281717192e-01
3.028320249534084851e+00
-8.153071931218802693e-02
-8.955604375919259397e-01
-3.454376280382189357e+00
2.819350238776666018e+00
1.884045121588034721e+00
4.269216667439639651e-02
-2.161345627600892882e+00
2.331540627384681930e+00
-1.892270396508707542e+00
1.484002357306081314e-02
1.402625182064670128e-01
-2.537497739928605833e-01
-9.505404972770866712e-01
1.924979250951254883e+00
-2.655687811610427218e+00
1.873520224335882903e-02
4.037046448287936462e-01
1.736872111171374078e+00
-5.201088237917658175e-01
8.566153361331942939e-01
-3.866403616200094762e-01
-2.044695248366360050e-03
2.470064880626752224e+00
-8.747391401003485889e-01
-4.901450046374846714e-01
1.623906671781546018e+00
-3.516901042180079706e+00
1.338879546257749409e+00
-9.604813290809578463e-01
4.080056502802833496e-01
3.177092681885112846e+00
9.410802608314380001e-04
6.234485885540382855e-01
-1.356755339471328314e+00
-1.009660375577843716e+00
-3.289308328962504913e+00
-1.346914340177798319e+00
2.539880142008331454e+00
-1.637029006016543997e+00
-1.488383998174758416e+00
-1.935103471734473723e+00
8.053493241349866105e-01
-1.338721509870237636e+00
3.525151777148171295e+00
1.541690624446173219e+00
9.656390328361021957e-01
2.469336719339378927e+00
4.742266055334100061e-01
-8.318709419220805534e-01
4.840913932861828917e-01
-5.554166433873233277e-01
-7.014775802073756061e-01
-1.489723624531180679e+00
-2.644378806344094279e+00
-1.324345470179216430e-02
-2.340052981121582831e-01
-2.351969046516160788e-01
-1.402573831759815981e+00
3.525023180810042511e+00
2.916059352531934934e+00
-4.404751819510571487e+00
-2.271607682234306314e+00
-9.773408762193637189e-01
-1.068247375230381602e+00
-3.510498739375352617e+00
-6.355878642008057078e-01
-4.808039256267276351e-01
-1.493580882202841131e+00
-3.622708005682823362e+00
3.228954847969139674e+00
-2.559399100267966798e+00
2.015853328060949468e-01
1.331415931762341298e+00
2.003434946737993716e+00
2.007935320885126718e+00
-1.070831548221615970e+00
-8.755952986631126977e-02
-1.420632117871323929e+00
-1.504283673510948605e+00
-7.669348286231252310e-01
-3.574964956794111082e-01
8.915162556404702607e-03
-2.757958882943076784e+00
7.781045783124179716e-01
-1.305642606850605070e+00
1.871851608869005590e+00
-3.427696659188397832e-01
5.277676843171364568e-03
-9.070399320886251004e-01
1.351486660869319678e+00
-2.428057478787163159e+00
3.321520039438731420e+00
-6.526496373560251030e-01
1.063760526044018606e+00
1.264278704144084164e+00
9.271528913023672214e-01
-1.779839776669459583e+00
-1.015468750779420920e-01
1.431667039685662779e+00
-3.066293954610263661e+00
3.008494097190011485e-01
-8.810103027059815739e-01
3.086640410544110313e+00
5.545473075757857417e-01
-1.956461160511428155e+00
7.554431138391086709e-01
1.019263918129302615e+00
-1.439867158065724961e+00
1.461585562201756172e+00
8.652823570807131048e-01
-2.029317611469244831e+00
-1.099518557089378845e+00
-1.427283425934654959e+00
-3.154074025946184801e+00
1.078246137603394494e+00
1.900977382026584950e+00
9.582820384928402158e-01
-1.472002540930203107e+00
-1.357192956282310403e+00
-2.615576525036926170e-01
1.009449850237520874e+00
1.228458498936703114e+00
-1.042459731918796262e+00
-1.985762999355219216e-01
4.908182810560770548e-01
3.850198329097011207e+00
6.414951216094449293e+00
1.620542700453187601e+00
-2.586220601330690094e+00
-3.289046631530924136e-01
2.625874486633066884e-01
-1.677917049676848293e+00
-1.434339440120553810e+00
4.853132757509278861e+00
-2.533684771694663107e-01
-7.703689746498812996e-01
1.348409814260433937e+00
8.204558427171194657e-01
-1.057494283440056027e+00
2.913026026177741312e-01
-1.470294689578686809e+00
-6.563140744670749704e+00
1.275922803472418154e+00
-7.638706858340602590e-01
3.896762190527939929e+00
-1.149190779882842461e+00
2.321199889322800303e+00
3.369924467638938825e+00
-7.387233173115111962e-01
-1.190360890338245881e+00
-1.059472167013020050e+00
2.082418509908455562e+00
2.046300773787592953e-01
3.311727778313617865e-01
9.563460577527830297e-01
-1.987079040111569550e-01
5.087474264275941849e-01
-5.294525219657447712e-01
4.871138680470691873e-01
-2.524615904696833280e+00
1.190754966825867900e+00
-5.186573825263139925e-01
-1.341975469442865831e+00
8.635459357083713483e-01
2.114156529813600027e+00
1.275976173696311999e+00
4.363324158876553116e-01
-3.003121863538013581e-01
1.888427703379693678e+00
6.904284243413922884e-01
1.214115225571804624e+00
1.170648151818974858e+00
6.445231006395649720e-01
1.744217272099399252e-01
-1.522739080680329815e+00
-1.725656458064000587e+00
-2.064369315840912211e+00
1.900651542397139293e+00
2.138856481754868588e-01
-2.044857911015292906e+00
5.029359927858261248e-01
-2.482617987829771264e-02
-4.164638378404919017e+00
1.142255237064805362e+00
-7.113406297867541639e-01
-2.758118592887356613e+00
-1.694793364632238009e-01
-1.618933169282192885e+00
5.090622646872484669e-01
4.211533888190342467e-01
3.063187700033763727e-01
-3.129682273391377056e-01
2.100071938427863216e+00
2.559744639609763395e-01
-2.136419105611619074e+00
-6.006364053342511111e-01
-1.787028414827227962e+00
3.469187962607538922e-01
-2.311687950974078420e-01
4.789327963342571159e+00
-1.687289892563081928e-01
1.418008164538892002e+00
-9.055434797730260721e-01
-1.884995803007700754e+00
-7.963064669005344778e-03
3.567251066827837880e-01
1.401295791053783990e+00
1.449082125421193412e+00
-3.843397457998957156e-01
-1.253412834319538094e+00
-1.437342196188883703e+00
-5.881256626393797093e-01
2.788968449337866584e+00
1.212799134987179728e-01
-4.856025851886585643e-01
-9.356503609509655428e-01
2.942710021937755105e+00
3.545903632867325461e-02
4.647860115132587566e+00
1.611796036304887991e+00
