-3.370830376437752851e-01
4.247811267258996826e-01
2.715549540326481992e+00
1.737501809861732305e+00
9.553664099208609706e-01
-2.336790055477951711e+00
-6.507204200475953659e-02
3.611729856807970318e-01
1.682047085766681660e-01
8.401676974821998822e-01
-8.379013786033695510e-01
1.920879604862350432e+00
-1.336877368123463139e+00
4.097146692207928598e-01
1.428057038179209703e+00
-2.613710859080127680e+00
-9.590431880908474316e-01
-3.172671712039085712e+00
-8.384965441926830465e+00
4.092357923919819340e-01
-3.867671037392397260e+00
1.094815749975010633e+00
6.018305113471277279e-01
-4.847528806441209204e-01
-6.618998747112609937e-01
-2.865762104894930551e-01
-7.654421714833659074e-01
4.797892839090611150e-01
-1.156184059359967931e+00
-1.579432182210150915e-01
-2.736613926874566505e-01
2.105582557873259653e+00
4.291606799054929477e-01
-3.510407761823620465e+00
1.031838866258252496e+00
-2.815693946791794078e-01
1.052121060581028944e+00
-6.243423678035047164e-01
2.539718693900962165e+00
-6.987501976356617073e-01
1.289357903414626097e-02
-2.824352826599283994e-01
1.784967581043223950e+00
5.387687994006658265e-02
8.991198188258647805e-02
3.712346538729443868e+00
-5.124037654413967635e-01
9.102720400262979787e-04
1.079290593028773282e+00
-3.631909776422292402e-01
-2.087151998668697050e+00
-2.813326744141597224e+00
-1.085749892085886348e+00
1.153184334391675447e+00
-7.061812830649381867e-02
-1.457588300359891287e+00
8.286059952702524989e-02
3.002142038022618920e+00
5.684942619112307721e-02
5.531123362077948746e-01
2.535684281839218901e+00
3.357150737016069364e+00
-3.445228522614764977e-01
1.818568070458648211e-02
-1.505428414160291384e+00
2.066057733604411972e-01
-1.156262144199428077e+00
3.839313450912706482e+00
-2.404126060376797103e+00
-6.207808236835082871e-01
5.639690832514789864e-01
-3.112627811807330835e-01
3.271940939133742177e+00
3.176900156375417783e+00
1.686937251135715465e+00
4.043889650928136348e+00
1.217574437008052346e+00
2.699860000924658721e+00
4.230341706180384409e-01
-4.832889126019807025e-01
1.863263452834161837e+00
7.020239916323943730e-01
-4.547001466971086758e-01
2.122357933324664492e-01
-1.455677717935823567e+00
1.487639272267748947e+00
-5.545035159477619047e+00
-8.539902243750112643e-01
-3.140488772861111944e-01
9.051120237643546229e-01
1.374617121343010950e+00
-2.241284895143796252e+00
-7.346246623629096861e-01
-3.100813289453384858e+00
-2.419671846896517819e-01
-2.309929560434296480e-01
1.525476989059525001e+00
-2.715879888323743163e+00
2.482991157774506963e+00
-7.214658462107772507e-01
-2.624830990659026142e+00
7.757152368365598516e-01
1.085615311317218667e+00
2.183758143549070496e+00
3.563306987051829910e+00
1.106433073477962326e-01
-4.146512312328133554e+00
-9.189345500662184918e-01
9.279724961950212847e-02
7.933604786213013793e-02
3.036375942841154085e-01
9.739951912876685380e-01
-1.380420074756119941e+00
-4.327633691470528454e+00
-8.354127872833201351e-01
1.609814838194105202e-01
-3.246568309598074631e+00
-1.392414635876273010e+00
-2.543312570515235294e+00
-1.024893014045530348e+00
1.687320594502325521e+00
1.087488074647240122e-01
2.348839009560579894e-02
-2.944852508242265632e+00
-2.804526804618870273e+00
2.994322777275076231e+00
7.636198322140523576e-02
-6.956367817505487716e-01
-6.967903337980342338e-01
-1.492727977344582735e+00
-1.407936545327744149e+00
-9.767780371731087374e-01
9.227513286044212171e-01
-1.999605679363522626e+00
3.678051160334251168e+00
-5.007679379852919208e-03
-2.474367007418264652e+00
8.465869964906896916e-01
1.638528084216769987e+00
-1.222439783542866198e+00
1.329906630886614760e+00
-1.510543224616221147e+00
1.345373843244609846e+00
-1.172152322575632094e-01
-4.578477450922991743e+00
-1.523035859123448077e+00
2.576122012416124374e+00
-3.080888390461926640e+00
-3.071654873791315410e+00
8.412853120563629217e-02
1.493469915547047888e+00
-3.503722092829948953e-01
2.723383012478328702e-01
-3.485978449969882043e-01
-2.111143381931267715e+00
1.263784606384677156e+00
-6.620254589605634177e-02
-1.942348944920794018e+00
-6.276346569794172270e-01
-5.983714660738568281e-01
4.350024125106134454e-01
-4.865866052914872841e-01
2.247900219117165976e-01
7.015441880760929783e-01
-8.465123701058810957e-01
8.326690027736924904e+00
-1.700441490598822325e+00
9.263000844309934312e-01
-1.890386448155935373e+00
-1.290318817652917227e+00
2.469261855625583812e-01
3.752106112737407795e-01
-3.823372072981855996e-01
-2.294403237387701910e+00
1.370180612564805278e+00
2.618746092619626431e+00
-1.013190569712349998e+00
-1.622875336159033566e+00
-1.906708347432398254e+00
-6.862277967098741049e-01
3.758116889407476791e-01
2.747748191397517026e+00
1.118061592441902397e+00
-5.202294200228343435e-01
-7.247599232614970743e-01
3.948896313628114108e+00
-1.544801716142846226e-01
-4.429132008336051918e-01
-8.039141083727018300e-01
-1.658800144806169552e-01
-3.324391552785437853e-01
-8.909230517594564358e-02
-2.216385808674297409e-01
3.119600869425662282e+00
9.125167943437972884e-01
-1.258366801892717990e-01
-5.585249565373163749e-01
-1.297912511629877974e+00
3.016435011761942064e-01
2.564190740056385476e+00
1.454552870563724953e+00
-1.366712816604372271e+00
2.811623186970564348e-01
3.726716675227230713e-01
5.553166543253515441e-02
-7.596057081597804572e-01
-7.509900580475433074e+00
8.086670009168103745e-02
-9.454953833931417639e-01
2.110617099526152174e+00
-7.585791165887610654e-02
-5.016269552472927273e-01
2.146962812650988539e+00
3.202639471602532151e+00
-7.980611932658207008e-01
-2.429549920818296016e+00
4.668784228051840735e-02
-8.044162234353280372e-01
-1.699018168480775637e-01
4.549893865520274194e-01
-2.886116920137502095e+00
2.115524289024636850e+00
1.655193668623466952e+00
1.635622378319910586e-01
1.871423373850400917e+00
-9.040682874539599997e-03
4.964309455684718375e-01
-1.350907989156245215e+00
3.925915339440105845e-01
-8.336803632562539423e-01
1.036454082150055189e+00
3.236914776642247915e-01
4.099555432308161329e+00
1.915548198300485838e+00
-3.200259017752178914e-01
-4.114953410609662576e+00
7.723887656749751640e-01
2.171677832756787052e-01
-1.298291730216452722e+00
-3.142207263723951982e+00
1.318808439239401942e+00
-1.608602928158801904e+00
-4.090634914822628865e+00
-5.106441452913141887e-01
3.873184179287145312e+00
-2.394360770457765408e+00
-2.147501019867352756e+00
1.401884769433481059e+00
-6.532089611455542677e-01
1.321858085265716909e-01
2.072831329809525780e+00
1.398839328355905298e+00
-6.976697274151670847e-01
3.662476743275070223e+00
8.692347372457046584e-01
1.135602319431690210e+00
3.082508194528219558e-01
2.710431139000214706e+00
2.998617634750397887e+00
-9.965810602146012442e-01
6.865770578057973639e-01
9.363771947682685282e-01
1.824627974451750401e+00
-1.233889609806290810e+00
-8.760449568547277188e-01
9.189669463689151829e-01
9.230067907811824179e-01
-2.156337778563046648e+00
-5.683970305844281423e-01
-2.056837205577747518e+00
9.375326289310330630e-01
-3.965940647168863520e-01
-2.018309200006027204e+00
1.239567665003595165e+00
2.895377298670589017e+00
-2.373271243054983159e+00
-3.778795240935702182e+00
-2.719284853749060815e+00
-2.697776587440994800e-01
-1.608670647378986421e-02
-4.054449036100516324e+00
3.103091488830042266e+00
-8.607917011776147209e-01
-2.051233285485173141e+00
-3.844781509449141099e-01
-2.342097257162374380e+00
-1.348045152846209405e+00
-1.928266146594211694e+00
5.991438566436367852e-01
3.307985722707094678e-01
2.973919421442743793e+00
-3.614427169794907080e-01
-7.091011359035535033e-01
-4.509225475714588427e+00
-1.332407124186265612e+00
-8.718646991852030403e-01
1.051294646167124647e+00
-3.205873961997126820e+00
-8.128830530934196830e-01
1.874699719073052151e+01
2.437063959297629534e+00
-2.062408939803293262e-01
6.296125646696751899e-01
-1.801597193906044447e+00
-5.438989203483280965e-01
5.406295459960083205e-01
-6.475725476260959512e-01
1.244489969686950692e+00
8.428493471666466119e-01
-2.211173394695662431e+00
-1.260523484259488791e+00
-4.651691794958595416e+00
6.920199847846146834e-01
-1.626535553103235943e+00
-2.415933316952699750e-01
2.826921587056431262e-01
2.274397310292464613e+00
-3.845447251256273180e+00
2.191515573598856736e+00
-8.495214876519557867e-01
2.619721655306120334e-01
5.668795769786932198e-02
6.742419100984600178e-01
-1.786174947646628208e-01
-8.795056078259044785e-01
-7.312634364088640426e-01
-2.235719322800029829e+00
-1.090427879032235259e-01
-1.509203854460665406e+00
-6.765383924477101907e-01
1.033256217161333090e+00
4.337100487247655400e-01
-2.118557888095165195e-02
1.295839584298513314e+00
3.421023316837556560e+00
7.556299117322959891e-01
3.893484797188510593e-01
1.630710867353555305e+00
1.383498249625216836e+00
6.111813827600462989e-01
1.423468560823256235e+00
1.530369213933528094e+00
-1.692710740711223794e-01
1.213563821549836108e+00
5.986187716943959514e-02
8.812176674662497433e-01
1.342451294352328128e-01
1.122349642432247663e+00
-1.033542456246815178e+00
-2.682537302818854275e-01
1.581585473458286054e-02
-2.741747747853221645e-02
-2.503343787223925698e+00
-7.634622085441895578e-01
3.494858960314579210e+00
1.251031349297964335e+00
9.670481574362794763e-01
-1.696010217305959911e+00
3.542616849506311644e-02
-5.116110136418108301e-01
5.201816208493366123e-01
-4.320875893368176374e-02
-4.268710818422954412e-01
3.359899569988491486e-01
8.968259748067602954e-01
4.760931114348020965e-01
-4.967097985251577863e-01
-8.956032291042920201e-01
-5.455291120485246115e-01
-3.388701514014471061e-01
3.723419108786625298e+00
6.714462319272173074e-01
1.844804730949011207e-01
4.338233089770195949e-01
-3.798013595387739194e-01
1.427837939279303914e+00
-4.062871887203456378e-01
1.410580580865861133e+00
2.547871928150151621e+00
2.239126822564394104e+00
-2.500114973108230387e+00
-4.870326045346067834e-01
2.102663760690255401e-01
1.536009648514773618e+00
1.742352653152818176e+00
3.593411066522403385e-01
1.110684460925165595e+00
1.545424995740280361e+00
-1.995401242280500087e+00
5.466316498358274600e-01
-5.165359481006792208e+00
-1.632907524556397982e+00
-4.998015808145249705e-01
-1.433062360480273079e-01
4.716151597603502665e+00
2.196065994959564449e+00
6.047028742301993276e+00
-1.804389335659569715e+00
8.524663176550962840e-01
8.314787950489453960e-01
5.521420503653680090e-01
-1.043755484510936471e+00
-1.067446366827422555e+00
-2.123324371848346992e+00
1.654629537181328269e-01
-2.407605774209926164e+00
1.879268250768686699e-01
-4.001319099072436075e-02
-1.073060851834121143e+00
-2.912141223965114989e+00
8.411591762671263295e-01
-2.764518477537434293e-01
-3.430430877391643207e+00
6.150165168899629720e+00
-1.869452077831886272e-01
-1.678225442869201167e+00
1.438757824218988846e-01
2.496183030126280844e+00
2.969411341184183817e-01
9.654952149536376316e-02
-1.015149935719072555e-01
5.684158095045989123e-01
1.918461569157448698e+00
3.463622461089191917e-01
-3.027458092874535822e+00
-6.462053711426966052e-01
-2.146112341723880046e-01
-5.175602663797903347e+00
-4.219586679172708799e-01
-2.712398095056039793e+00
7.250041865436887889e+00
8.702593203877712069e-01
-3.104382183574672549e+00
3.778474577658913702e+00
3.940105173066974054e+00
1.812865156794011834e-01
1.404358031268435836e+00
-9.863071540553380867e-01
1.214017020252731172e+00
-3.218780830759459644e+00
3.523185342034058642e+00
-8.036990431795026923e-01
2.378953266072179051e+00
-3.125280055689252379e-01
3.897742187543859482e-01
1.984004398355398768e+00
5.377632163868417692e-01
7.819640647293761571e-02
-1.584009155984697825e+00
-6.113998117762514672e-01
3.772917846518469620e+00
-2.388474926309275825e-01
3.032602545021878981e+00
-9.607863611066404241e-02
-9.091724987041714945e-01
-3.450301250525087404e+00
2.866354863112110074e+00
1.887660028040818894e+00
1.455341062313862156e-02
-2.066718997871918706e+00
2.126015705708911518e+00
-1.875184010157386449e+00
1.969620235113863152e-02
1.375056824609795780e-01
-2.163172264850229676e-01
-1.174141971742401092e+00
1.956457450502704365e+00
-2.761704013467506158e+00
3.280850022770143148e-02
3.093072975610992037e-01
1.538064010611952526e+00
-4.900494775906202860e-01
8.266559232389730782e-01
-3.952073225277523139e-01
3.532263490318049426e-02
2.475449293014010621e+00
-9.010857760713505415e-01
-6.033866641782755780e-01
1.581709121666519557e+00
-3.481770755696260711e+00
1.230752960343503011e+00
-9.795146104067934401e-01
4.121204723694318894e-01
3.271100288147390067e+00
-8.089086906559704582e-02
6.915293957044450490e-01
-1.433111956603346560e+00
-1.212591804603245782e+00
-3.224602112651272279e+00
-1.343900677557374745e+00
2.698502317907762738e+00
-1.652028182815810098e+00
-1.429050635403250613e+00
-1.833719015404117192e+00
7.847181525352079356e-01
-1.312235087905750497e+00
3.609769293101829035e+00
1.639901445265643964e+00
9.490036305201895450e-01
2.473844238362393533e+00
4.719061789663011597e-01
-8.392679790240132887e-01
4.905290175716005008e-01
-5.466106373337189517e-01
-6.729574194944935028e-01
-1.631194767510794730e+00
-2.489319864168908492e+00
-1.075918769291991650e-01
-2.793929282423746607e-01
-1.658386082117852267e-01
-1.322825707218746150e+00
3.476683191383299398e+00
2.796781113130450080e+00
-4.071011660728093062e+00
-2.127658928423921125e+00
-9.626473381129346807e-01
-1.219882932001699283e+00
-3.502090407508400727e+00
-6.498209555756810918e-01
-4.470111950073120677e-01
-1.518986002793759837e+00
-3.521810060266524989e+00
3.203335326242674697e+00
-2.467394796650606015e+00
2.658530280739999085e-01
1.440400046663647293e+00
1.962856762395470911e+00
1.992195311423324400e+00
-1.011556841197819523e+00
-1.249067067277889603e-01
-1.273758404443172676e+00
-1.462026825392348739e+00
-5.481426297209516241e-01
-3.728164710490063927e-01
3.532924974094287657e-02
-2.688713165551073203e+00
8.834277364957059397e-01
-1.281823019007991782e+00
1.810285818584532525e+00
-2.559635706990118220e-01
-1.594944685459658354e-02
-9.156447259168077890e-01
1.283650990255106983e+00
-2.461403505266340996e+00
3.447107426755117832e+00
-5.983069459681873425e-01
1.078534358797387460e+00
1.219746671520898218e+00
8.386463823018703856e-01
-1.706607411977295596e+00
-9.437289181063182597e-02
1.448561067249513501e+00
-3.094360018937178047e+00
4.654343924562587831e-01
-8.228480302718385042e-01
3.055130452062542190e+00
5.646384002507873756e-01
-1.741375493749380832e+00
8.422270649400150910e-01
9.622449859947977968e-01
-1.307435050319409653e+00
1.513416666917973386e+00
8.390573368440037427e-01
-2.097903961599839828e+00
-1.058572041478876624e+00
-1.147079005583768296e+00
-3.451231688284705168e+00
1.095420126153994866e+00
1.918195191992013049e+00
9.330021591457093866e-01
-1.434736111812248804e+00
-1.362631576962238578e+00
-2.625748642793155341e-01
1.102461417541613864e+00
1.205754146053708453e+00
-1.051069256833499388e+00
-1.583447681756227354e-01
5.689988843184132783e-01
3.919207777145716776e+00
5.978917922408752084e+00
1.704956668069155024e+00
-2.523649439436450592e+00
-2.971379109228154958e-01
2.056790545297430273e-01
-1.547190043282242300e+00
-1.377135383717193129e+00
4.801399293717429018e+00
-2.712865914925081112e-01
-7.995281196324013351e-01
1.314919717662377030e+00
8.880311193226381183e-01
-1.009220464258808514e+00
4.245957537035446316e-01
-1.514708791215441108e+00
-6.331448114311204023e+00
1.205075886234859395e+00
-6.519089992250853838e-01
3.934764059826048044e+00
-1.187668114671897479e+00
2.287217430791991912e+00
3.542757942297064311e+00
-8.471408310190164936e-01
-1.153044806169371661e+00
-1.006480191354982345e+00
2.071877574476691297e+00
9.744751421367038591e-02
2.891670508334936995e-01
1.150665895520919912e+00
-1.491966697689883492e-01
5.274486708385168754e-01
-4.873240224132159293e-01
4.734144708951563696e-01
-2.542887462869166892e+00
1.196090127825307103e+00
-4.223544726722998632e-01
-1.420302549157720806e+00
8.036759791788260499e-01
2.108957349952587990e+00
1.208716391731712081e+00
5.164733826051108867e-01
-3.545281219055990141e-01
1.825417871514114498e+00
6.890263550621079647e-01
1.240462384919115202e+00
1.013010171503694767e+00
5.982043131576217920e-01
7.324951340536679789e-02
-1.427457878231060517e+00
-1.726850086492852432e+00
-2.078862084745507044e+00
1.806141524629491402e+00
2.922440160963530875e-01
-2.018664728342270731e+00
5.181411205517119090e-01
-1.380335491728356123e-01
-4.078088389659642488e+00
1.051903432972341124e+00
-7.212072750226352635e-01
-2.801348487107947705e+00
-2.381399024061424397e-01
-1.707066303191824286e+00
5.989959351320019998e-01
4.923212199535004219e-01
2.672853093905483979e-01
-2.992378424456070829e-01
2.130993990909715308e+00
2.951678111579680297e-01
-2.076836022755991884e+00
-6.002651400624875455e-01
-1.669469491218213975e+00
3.653323881427352204e-01
-3.006537181940849845e-01
4.825864313753891466e+00
-1.049966463478223255e-01
1.397598644119614875e+00
-9.068986556860099135e-01
-1.798982014765236448e+00
-3.279052562512412006e-02
2.883469350941219034e-01
1.399633055671828830e+00
1.565907800115646564e+00
-3.357336648963379355e-01
-1.292615931538745766e+00
-1.744949242377670018e+00
-5.496214711983372636e-01
2.884574901000092506e+00
4.269199677875051835e-02
-4.588983075392817357e-01
-1.026928466634606130e+00
3.059933473236992718e+00
1.277002143799015402e-02
4.645870059967856847e+00
1.660644570202873149e+00
