-3.347501216511664102e-01
4.192532596990558580e-01
2.730103682011769006e+00
1.384369495307224973e+00
9.714924426129850632e-01
-2.267611711403929142e+00
-5.829654110497065056e-02
3.249361590070693473e-01
-2.877125390321505494e-03
8.303911282784653958e-01
-8.011087224205524215e-01
1.854525957293369443e+00
-6.393333149655993086e-01
3.689382941770906754e-01
1.453487589304420347e+00
-2.390495364294860980e+00
-9.087211209106925702e-01
-3.074027974847690636e+00
-8.580163831404780339e+00
4.421427769807543817e-01
-3.668946665532510476e+00
9.254997593043614579e-01
9.081153380507547279e-01
-3.328910906426800764e-01
-7.080235017800908803e-01
-2.229976882747190248e-01
-8.064319283115130021e-01
4.800210273651490112e-01
-1.121027509740659234e+00
-2.670507692026639068e-01
-3.435064267245340752e-01
2.095252431152106798e+00
3.613243153897532922e-01
-3.406601609330063507e+00
9.803800483687600265e-01
-3.281163811765470673e-01
9.157881661313165278e-01
-5.810490710960115601e-01
2.576641796425651165e+00
-6.831345643319518546e-01
2.544033320842212231e-01
-3.515475482918934969e-01
1.704194001286318372e+00
1.466978272312485787e-01
-6.096688776807152738e-03
3.421728372175762090e+00
-3.856001993063796762e-01
4.714748884426189779e-02
1.119950684475768288e+00
-6.620772126094121024e-01
-2.132882982379480374e+00
-2.710596617328238533e+00
-8.233866896314380179e-01
1.175421235587449154e+00
9.686268532290083499e-02
-1.364186037623650094e+00
1.321952121572532168e-01
2.839637057902456352e+00
1.466280180730196170e-01
5.913447829445599435e-01
1.968671266305084488e+00
3.415220082864173001e+00
-7.918997415016487684e-02
2.088832128105126973e-01
-1.350542006840371512e+00
2.258102229249228654e-01
-1.038837478046048757e+00
3.883139540640285325e+00
-2.327006742603519474e+00
-5.973018665054234955e-01
4.920986926396387906e-01
-2.870277277631181900e-01
3.315104394686779976e+00
3.068997168318204238e+00
1.597334739349245636e+00
3.920186139707100725e+00
1.265525562092920220e+00
2.697002451966442393e+00
3.322866229569936269e-01
-6.636335872678120751e-01
1.782764379100616470e+00
6.401122872444430234e-01
-4.547807939909706554e-01
1.908158425851324003e-01
-1.357498457524679347e+00
1.443228101191854851e+00
-5.190548050000404423e+00
-8.064425303115766441e-01
-2.479273193608468318e-01
9.463034171331692335e-01
1.181197417996458165e+00
-2.062948998360532027e+00
-9.116713161154292866e-01
-2.989278666940371476e+00
-1.993155903788250138e-01
-2.410467092705216585e-01
1.348739058830049853e+00
-2.666449652155066019e+00
2.595057267678139379e+00
-6.613545514588620167e-01
-2.625859570106985785e+00
7.685862860356279525e-01
8.717537409392228653e-01
1.966067028136142314e+00
3.409866425938852252e+00
2.238926589252833999e-01
-4.130039342097412636e+00
-8.994066556076499852e-01
1.122570809574430506e-01
-1.044196580452289719e-01
4.289380836654900775e-01
8.531272630836420623e-01
-1.429574707417477830e+00
-4.456017483523796230e+00
-7.246392433649220255e-01
1.637555069363275384e-01
-3.089375682522602418e+00
-1.347097795097148776e+00
-2.428782395425782337e+00
-1.086394621617003065e+00
1.826514611656833376e+00
1.189974830473737866e-01
4.694521669971443885e-03
-2.925466993398168292e+00
-2.694574744115136866e+00
2.970353566457140992e+00
6.782907036676036339e-02
-5.136627690086179587e-01
-7.304666395219631125e-01
-1.332674765916971316e+00
-1.224141211297528509e+00
-1.089389055881723190e+00
7.456156531738001858e-01
-1.998728833195746901e+00
3.687631258900205822e+00
-2.015844337586277790e-01
-2.511621507294566680e+00
5.468065804700339427e-01
1.609900267928660256e+00
-1.180325547318591184e+00
1.277029709229229537e+00
-1.300987524706649134e+00
1.149210941405756969e+00
1.442370414133722634e-01
-4.457613588551784467e+00
-1.692819874727987006e+00
2.670958954810682684e+00
-3.182239188406827513e+00
-3.457519943056092337e+00
9.322849545015167438e-02
1.333825078798070995e+00
-3.415924152839985295e-01
3.632736566743715034e-01
-2.750248728928421649e-01
-2.059252303575310084e+00
1.223380809796964064e+00
-1.279346343800191188e-01
-1.926192194620331755e+00
-6.110315654167914889e-01
-6.248211443778673990e-01
3.989538993056602201e-01
-3.864754292549845704e-01
2.201185326863403791e-01
6.119553864523530340e-01
-6.088457985292861085e-01
8.246444254118850736e+00
-1.757951287931367235e+00
8.167887841240432101e-01
-1.864693799583548195e+00
-1.298231169318036837e+00
2.063764721895215426e-01
4.088192360189439878e-01
-3.888050165867503183e-01
-2.241340238038640909e+00
1.310619304507512295e+00
2.659813970495914948e+00
-8.565211623357269488e-01
-1.568370211064902264e+00
-1.911210079139348039e+00
-6.723112704481331026e-01
3.655990068881696531e-01
2.849683565900625659e+00
1.095550667886379559e+00
-3.685478225524185802e-01
-8.413536274234503232e-01
3.969711517085077190e+00
-9.060144558221068511e-02
-5.153861146264754334e-01
-8.593069162238790026e-01
-1.910599425161460529e-01
-3.968919711800481531e-01
-1.498831367397048669e-02
-1.723140136207950146e-01
2.827519660283436487e+00
1.147135783118769403e+00
-1.054667758315202819e-01
-4.440095655065443569e-01
-1.249599475605666310e+00
3.951687705538348139e-01
2.423154554949993322e+00
1.471608164325748369e+00
-1.358785017554846375e+00
2.729145471442133153e-01
4.084801803239272999e-01
-2.745674357721030190e-01
-7.346925246961317768e-01
-7.082933167282075004e+00
2.566204720825163155e-01
-8.837382736749901380e-01
1.972098849991024583e+00
-1.790218874935203264e-01
-3.729058861177487194e-01
2.127179249150811025e+00
2.933671070373337741e+00
-7.594654605791144597e-01
-2.402204852908806476e+00
-1.611584472131943890e-03
-7.321825283450559274e-01
-7.758441106336534665e-02
4.840792311011645199e-01
-2.787590969316621425e+00
2.024186616084174162e+00
1.554809533518854092e+00
1.172043412563928272e-01
1.836107146445906668e+00
-5.347833458343916740e-02
4.053154579012503422e-01
-1.627519801364986307e+00
3.494581402487914601e-01
-8.782362105255058227e-01
1.057760183021208888e+00
3.007381909957526633e-01
3.945368069018255319e+00
1.161595915468433660e+00
-3.058838223795114497e-01
-4.082404207115641448e+00
7.959394992843198402e-01
1.863129251477057824e-01
-1.292941020795677076e+00
-2.548869076970861958e+00
1.279179311879260483e+00
-1.495332363030430711e+00
-3.603348327117912753e+00
-6.771441971442945240e-01
4.069661040778146166e+00
-2.313363423810720576e+00
-2.389500368538077790e+00
1.281316946619509567e+00
-5.815253930987991371e-01
6.509030823635036933e-02
2.088678028367525030e+00
1.351100216164898393e+00
-8.326676878281703553e-01
3.515130817666449303e+00
8.896924382576276713e-01
8.785385669330535441e-01
2.814914893309047317e-01
2.732098728975070223e+00
2.927191019568973207e+00
-1.005889790464320921e+00
4.592594906044724090e-01
9.326256217159766271e-01
1.896501616847491745e+00
-1.183397469360660592e+00
-7.532351799298291350e-01
8.830497238550544248e-01
9.586012801010241891e-01
-2.149274322571091300e+00
-7.177621901882845767e-01
-2.144707792591047379e+00
9.892063599177532973e-01
-4.320257043628626392e-01
-2.009252227105964295e+00
1.426163936131219279e+00
2.808083745220591343e+00
-2.373888277063382013e+00
-3.582111728270636952e+00
-2.700296070225325806e+00
-2.000291262101197565e-01
7.444792390565482809e-02
-3.966464162564905749e+00
3.016547141899667217e+00
-8.596061426309735687e-01
-1.972321401100056937e+00
-3.567750804765293937e-01
-2.184889997701780828e+00
-1.243639279801944886e+00
-1.810877231282485011e+00
9.601587514988172423e-01
3.778226207734135533e-01
2.830187940574216743e+00
-2.586392241641575773e-01
-4.932285183108333082e-01
-4.180204677718623252e+00
-1.317293971686621212e+00
-8.577948592672147710e-01
8.126361064216972574e-01
-3.109593876899353404e+00
-7.682434604970220793e-01
1.801368828367188257e+01
2.194777357506195514e+00
-2.111183328964963066e-02
6.191623655865632347e-01
-1.693044245360749489e+00
-6.880260888064561042e-01
4.439707185170566062e-01
-7.463961845686833962e-01
1.332504681007850467e+00
7.746232682322540253e-01
-2.195514934414859898e+00
-1.157666034628469065e+00
-4.759569345028575427e+00
5.872283915055394043e-01
-1.643840395456646730e+00
-2.327622524867463960e-01
4.708146407131548750e-01
2.148851978504212834e+00
-3.850235776035514146e+00
2.253752189921341298e+00
-9.345591014154912557e-01
3.590835654099130414e-01
-3.035720107918907923e-02
5.716193614199942541e-01
-2.092419124920864848e-01
-7.452971368018611598e-01
-7.616687667987740440e-01
-2.089638120398054966e+00
-1.168154786323357119e-01
-1.384197425995144393e+00
-7.270135967974201696e-01
1.004042361720272059e+00
4.170304539398150823e-01
-1.590083903133651388e-01
1.122888274649495255e+00
3.353709915113809892e+00
7.354559859846409031e-01
3.817589337822901996e-01
1.665799737833612237e+00
1.364250511343575001e+00
5.357674120821970254e-01
1.409795565637447234e+00
1.434819336207203921e+00
-3.579918094851926302e-04
1.173434307165339918e+00
1.454677257094805776e-01
8.594519872256347615e-01
2.590345103721853892e-01
1.061165556957304412e+00
-8.176447096542581727e-01
-1.474560365924857674e-01
-4.027161692690189865e-02
1.055074829143654858e-01
-2.498293695346635257e+00
-6.798143732475411261e-01
3.488236533348540114e+00
1.205947741043135846e+00
1.045844063512119115e+00
-1.625312072338042313e+00
-2.478153990123515074e-02
-4.959703884025832843e-01
5.079280482047072720e-01
-2.811767392751068212e-02
-6.525112704196709412e-01
3.448834005465757357e-01
8.862610613237821289e-01
4.585285018463972073e-01
-5.424473415722647074e-01
-9.257552615406573482e-01
-6.552900060020309114e-01
-2.925007017788824326e-01
3.766959266610127699e+00
6.286715271526582827e-01
9.472353544275814718e-02
4.209904012030320497e-01
-3.719484510379599818e-01
1.592207810894263220e+00
-2.546486642155731395e-01
1.342399705249846198e+00
2.373151663150189883e+00
2.246736171222183831e+00
-2.259603536940724577e+00
-5.394540675214882786e-01
2.459819738011939372e-01
1.538429620096018802e+00
2.005499399662660220e+00
3.412383934473994240e-01
1.646178911044305693e+00
1.530481440092072987e+00
-1.819773547287699245e+00
5.606665777440392739e-01
-5.045707801652511648e+00
-1.631470883090547996e+00
-5.147974355327775697e-01
-2.283342556187057532e-02
4.720198167956199065e+00
2.115299099470203004e+00
5.881944716449905464e+00
-1.793200071743245250e+00
8.398840162231896445e-01
4.368707990317065581e-01
5.505936034774883137e-01
-9.017911287597327741e-01
-1.026550506373554494e+00
-2.002743650862445435e+00
2.008065037417592624e-01
-2.529830288448529974e+00
9.007750486298270187e-02
-1.087537647797561929e-01
-1.054384789412393664e+00
-2.803336554548941706e+00
7.833756355454248865e-01
-3.575858125153684730e-01
-3.551348205561204896e+00
6.054352743917323032e+00
-1.526211525793835788e-01
-1.496366226383047060e+00
1.789095965486452444e-01
2.624849874382917836e+00
3.549959178587386854e-01
1.866228864623264150e-01
-5.186076475524564050e-02
5.249771543771809545e-01
1.875598869061406493e+00
3.173639123699601994e-01
-2.905320386527669108e+00
-7.915065731221988532e-01
-2.525400033362273366e-01
-5.193759771108222623e+00
-3.148031954472319538e-01
-2.596087375961670052e+00
7.296227386412057037e+00
9.252944470198283256e-01
-2.948850108281173554e+00
3.622244656799884943e+00
3.849991485715616779e+00
2.244281244942307185e-01
1.175217043702104558e+00
-8.887375262742057691e-01
1.111030533726689917e+00
-3.323710864123504471e+00
3.402857691900900150e+00
-7.676230315855635533e-01
2.439207248252887261e+00
-2.897642740907009906e-01
2.730996827010618300e-01
2.115727544193067189e+00
6.508542958194732941e-01
2.837530775244308245e-02
-1.689210548422436453e+00
-4.879119297049006043e-01
3.667533389524212151e+00
-2.174409471217240708e-01
2.943296911713833008e+00
-8.652639163481494478e-02
-8.947619621871016893e-01
-3.327209420299723330e+00
2.862823969329796547e+00
1.011432665105423734e+00
1.819916507774593101e-02
-2.127108260397552630e+00
2.110541795569630175e+00
-1.811144504449156312e+00
4.244523099423506973e-02
2.680720266563670351e-01
-3.346273268657591338e-01
-1.096116732145850037e+00
1.823440538409853318e+00
-2.642965404766638660e+00
-3.972093295405295515e-02
2.475921089187227420e-01
1.293302681676363086e+00
-3.753046883980302728e-01
8.269708127248284191e-01
-5.226587543157751314e-01
-2.026154652441502363e-02
2.408431903810765995e+00
-7.410148939980646388e-01
-4.982541298917617101e-01
1.597929064366242713e+00
-3.389400282808126441e+00
1.260386836365783525e+00
-9.408222307954356989e-01
5.000365203415578774e-01
3.230283476318748903e+00
3.343323321685129357e-02
7.479123110086384196e-01
-1.583943463604305268e+00
-1.115223813113652040e+00
-3.279575453685565023e+00
-1.321599421092488402e+00
2.561692193299915932e+00
-1.787833712563183575e+00
-1.452506997052336768e+00
-1.847633754896816916e+00
7.800928528522445005e-01
-1.146069227208683206e+00
3.606269975173801434e+00
1.484463331089095117e+00
8.370289119539483513e-01
2.342377288778832334e+00
6.960825153819820699e-01
-8.409304748083233916e-01
3.562947312893434137e-01
-4.418000911132287101e-01
-7.181237751538037672e-01
-1.489874236478909264e+00
-2.418003364894852680e+00
-1.588217165960925381e-01
-2.181999618111495065e-01
-1.394914480802219303e-01
-1.292246466411796746e+00
3.407657970057171859e+00
2.673265466737626106e+00
-4.278408540224303280e+00
-2.149728318544072536e+00
-9.872379206859608347e-01
-9.042088036093649528e-01
-3.388572578648782141e+00
-6.125909422140556337e-01
-4.748049536244773328e-01
-1.539250866235161830e+00
-3.374839664211595647e+00
3.139654383884108668e+00
-2.461474249914422430e+00
2.586370855234046418e-01
1.406801032489697123e+00
1.830014326753385268e+00
1.991854142946571926e+00
-1.003180940008040922e+00
-1.487558042497954258e-01
-1.153549030786287677e+00
-1.503940189831367125e+00
-2.589689592844149901e-01
-2.938518807427418222e-01
-1.794134789218805315e-01
-2.317556969759760221e+00
8.027116262961838666e-01
-1.153721978310379592e+00
1.815092727784620275e+00
-2.291954925191927728e-01
-6.655064907559359033e-02
-8.259400976852756537e-01
1.368584099450006031e+00
-2.394203251121554299e+00
3.222051371747120196e+00
-5.518435587292297440e-01
9.908158263482411687e-01
1.104582781358683929e+00
8.756354466561278027e-01
-1.784883291530575233e+00
-1.547200261952053346e-01
1.371137373868533071e+00
-3.030931911301967041e+00
4.066886330400983907e-01
-8.645162573635579717e-01
2.858522878442594006e+00
5.383053518167607576e-01
-1.779127412240746109e+00
6.100260182908237017e-01
1.027918581952507182e+00
-1.384270342180733415e+00
1.400562645644478410e+00
8.516183249667615973e-01
-2.261236974467146332e+00
-1.021754488240806724e+00
-1.359107342632945858e+00
-3.389738373830569529e+00
1.103262975064320583e+00
1.760801794792596908e+00
1.142117655895655837e+00
-1.383847871362014592e+00
-1.372936466311052595e+00
-2.478995187037252301e-01
2.165525458752434462e-01
1.135325287441805164e+00
-1.067168315910360876e+00
-9.391399945274221672e-02
5.444177504952407709e-01
3.765452585373811889e+00
6.367719453909521654e+00
1.549986872937057170e+00
-2.542398209064836934e+00
-2.745597771153742706e-01
2.095936405109880551e-01
-1.475259587600073363e+00
-1.518312761936928768e+00
4.626859619913065380e+00
-2.926671291648780260e-01
-7.362546001593638367e-01
1.222748549055413747e+00
8.775495791179551697e-01
-1.056353770733942987e+00
3.419396772951745489e-01
-1.433767816823724672e+00
-6.218080742188290877e+00
1.281577486345272687e+00
-5.459478694828622247e-01
3.864383354068961385e+00
-1.164584608027409596e+00
2.189030272730054349e+00
3.381077610444840342e+00
-7.299971205682052044e-01
-1.231686337590122138e+00
-1.102829245758955024e+00
2.052010054324042265e+00
1.155727115204372851e-01
3.809859224578949211e-01
1.038236527898251715e+00
-2.171238947814365383e-01
4.893494013139526588e-01
-5.634593950367680071e-01
2.201725489937144120e-01
-1.913498459890187631e+00
1.198347033354573599e+00
-3.972005981444906575e-01
-1.442319534619661558e+00
7.980745214973429258e-01
2.028578001238270367e+00
1.269638281668071134e+00
5.272149642778989342e-01
-3.371547828750586784e-01
1.792475678361240776e+00
2.878306958778734659e-01
1.291426580091832754e+00
1.107754465035564628e+00
2.646693609839189110e-01
1.001574539377664552e-01
-1.568663127057537077e+00
-1.723681309069435397e+00
-2.082479694205841447e+00
1.829378612651868741e+00
1.954480510585261677e-01
-1.984693384928510440e+00
6.198726622179131507e-01
-8.167954302012302159e-02
-3.983355518776904081e+00
1.027469224070359344e+00
-7.042475252580072675e-01
-3.086248052019577859e+00
-1.581494949265519478e-01
-1.659139854875323117e+00
5.304786327868427076e-01
3.178696935994428374e-01
9.937007891447385832e-02
-3.117859106833513749e-01
2.047243458131199567e+00
2.248480575357748312e-01
-2.070317689236593761e+00
-5.464754183601879811e-01
-1.557118420689083127e+00
6.187756417355375627e-01
-2.567405804674494640e-01
5.061065651521331255e+00
-4.138553075868595110e-02
1.481318116437293275e+00
-9.462512729118400800e-01
-1.745195704629431965e+00
-3.863792740524446545e-02
3.271323521842053328e-01
1.529954984292513753e+00
1.362924125706050482e+00
-2.866397722499935963e-01
-1.306373699291811130e+00
-1.788679723479645656e+00
-6.104247075235503806e-01
2.882419582780451961e+00
7.620897787765269771e-02
-4.803163978348001795e-01
-9.802428615474672036e-01
2.896975878705470908e+00
-9.551862312763120463e-03
4.600679253338659791e+00
1.459682570187458728e+00
