-2.406553853064806459e-01
5.289136479371534527e-01
2.782642613607134052e+00
1.660895643504189056e+00
9.777555072982722084e-01
-2.323483846529887931e+00
-1.407132807524047180e-01
3.603903923095682638e-01
-1.256623783264974870e-02
7.944557335419941690e-01
-9.778333932261409345e-01
1.913422155744765485e+00
-1.468136968726905911e+00
3.318265045106515432e-01
1.476305913846198470e+00
-2.583659032284712609e+00
-8.645439649937125548e-01
-3.166741727183135069e+00
-8.419644678114808656e+00
3.736311943596191121e-01
-3.973422731962603205e+00
1.153940876662229442e+00
6.567562808308168298e-01
-4.510560054405549635e-01
-8.171876150284116402e-01
-2.906669275606408864e-01
-8.363253571961247745e-01
4.974309576185799719e-01
-1.249954520944204450e+00
-2.205753116911492173e-01
-2.407315419826479563e-01
2.093713527608888736e+00
3.641003555341172371e-01
-3.345280471492896091e+00
1.021059331471004805e+00
-3.325003324851953379e-01
1.039782994428836149e+00
-6.456700012872148564e-01
2.610812975163621985e+00
-6.382358052296686068e-01
1.844857553139420403e-01
-1.213855395817606680e-01
1.779944265247014545e+00
1.804719409828885179e-01
1.645249056824089062e-01
3.606989190660534028e+00
-5.231625220489392047e-01
7.619527338580231457e-02
1.125784448514523417e+00
-4.303440222811474314e-01
-2.139212597631085178e+00
-2.790082470582391672e+00
-1.005204100448867210e+00
1.201635107342551079e+00
-1.186595189469049211e-01
-1.440436261726205203e+00
1.353198229837745681e-01
3.040301735078681400e+00
1.029300678325810320e-01
4.609611272263913206e-01
2.489830234556634547e+00
3.551651504696229811e+00
-1.169943793281901651e-01
1.702116898653711075e-01
-1.625356557890931031e+00
2.457992756679636126e-01
-1.120858333120243300e+00
4.079601130893807159e+00
-2.456311854032043218e+00
-7.596319713237169591e-01
4.497427331222482727e-01
-3.560966132421295449e-01
3.307747806687900027e+00
3.024324555130457171e+00
1.744607524866568671e+00
4.125297138819104426e+00
1.269325935481796064e+00
2.792756984847920787e+00
5.760697431491822451e-01
-3.637167661921989481e-01
1.935159224627716723e+00
5.307505952230153756e-01
-5.107393313665530288e-01
1.835636420200239816e-01
-1.401112444273084900e+00
1.653868455164910545e+00
-5.463736051806365346e+00
-1.025570187232282660e+00
-3.398926417559126056e-01
8.700618206492063411e-01
1.209658032851085530e+00
-2.140080011198956189e+00
-9.000276870955140618e-01
-3.093574267736411088e+00
-1.518891875328880481e-01
-2.295933103219139071e-01
1.448247596109181190e+00
-2.559858467493094647e+00
2.621758667008569077e+00
-9.024611305756841118e-01
-2.840605504662589986e+00
8.328626029604073722e-01
1.121173605049081479e+00
2.149724697147687991e+00
3.405622831264227823e+00
3.753672217540268141e-01
-3.934362180245016383e+00
-9.263243445733067016e-01
1.908252375260688360e-01
4.630499710296640675e-03
5.312425744330281363e-01
1.002121192568992125e+00
-1.391897023908952091e+00
-4.677072014902591057e+00
-8.198191358441797583e-01
1.775082109558892562e-01
-3.259838055212704866e+00
-1.480536620681311755e+00
-2.559432469022835832e+00
-1.166666376129645410e+00
1.975075100290764274e+00
-5.455570153190045929e-02
1.014085962846998090e-01
-3.004103081492047966e+00
-2.867814391059293477e+00
3.060234351168957811e+00
-1.549535015428059673e-02
-6.740641696245180947e-01
-7.046691612099507118e-01
-1.497944853630730933e+00
-1.527609209641041188e+00
-1.193629283244274975e+00
7.727324264642132512e-01
-2.221145688561179554e+00
4.072047259601787594e+00
-7.037446997151927675e-02
-2.577625782638356622e+00
9.116636476294983638e-01
1.627540437839700926e+00
-1.231120646832174037e+00
1.249331672899131940e+00
-1.406143968319219395e+00
1.457462115910864275e+00
-1.379259574395744758e-01
-4.729101610571698977e+00
-1.542249752208757929e+00
2.728068548002959837e+00
-3.374208008512170842e+00
-3.491280078812330601e+00
3.294127620202954576e-01
1.400707969132033881e+00
-3.479073514362098773e-01
3.933801061965507273e-01
-3.362955647256808955e-01
-1.830661060935602213e+00
1.327876565444663814e+00
-1.156775986244264476e-01
-1.751975873517072957e+00
-6.253724383631652506e-01
-6.121235211167028734e-01
4.429674928673307255e-01
-4.966907518912653807e-01
6.616529347198808753e-02
6.691721645008834596e-01
-8.483986342344572718e-01
8.419059190750857624e+00
-1.779037864567930560e+00
8.039322747609928266e-01
-1.920356427667232024e+00
-1.350923677101309339e+00
2.506190023635680997e-01
4.865316813059969436e-01
-4.583271200492485264e-01
-2.392634413684523231e+00
1.316881865169822197e+00
2.676005716326836925e+00
-9.520290179894530525e-01
-1.545819119728133018e+00
-2.030590757018364556e+00
-7.368491058958411832e-01
4.607222472430815285e-01
2.904642125575851441e+00
1.104563703578824940e+00
-3.662467721824790301e-01
-6.818507670899423001e-01
4.128980610392299688e+00
-4.338842438889846387e-02
-4.468299575439425575e-01
-8.539337199119614308e-01
-5.643020400010403947e-02
-4.157818255188439616e-01
-1.915351283651547665e-01
-1.676143508084387834e-01
2.948244731048477618e+00
1.096795275508369638e+00
-1.633017302631330492e-01
-4.097924960700935482e-01
-1.318556785801506370e+00
1.912598621263968957e-01
2.623611156304507031e+00
1.522293754061790683e+00
-1.480541933541901001e+00
3.057921952870173432e-01
3.243497586830022539e-01
-6.716210473329156661e-02
-7.742881105393591978e-01
-7.504250442272880406e+00
1.156015329332074348e-01
-8.768848218134340788e-01
2.140306337055325248e+00
-2.071482930914732012e-01
-4.593664566618717027e-01
2.114808935843516480e+00
3.614506664915743794e+00
-7.419186896314402535e-01
-2.454761004474100172e+00
1.635061324234659830e-01
-7.812223275602152572e-01
-1.045689864647795092e-01
3.800852030041785845e-01
-2.955082751992264001e+00
2.137254927964553630e+00
1.469321532525081020e+00
1.706724888706607490e-01
2.026515567036852428e+00
6.191729151326179868e-03
4.077912637973798438e-01
-1.356212760940399553e+00
2.888969964979350991e-01
-8.525536537432012452e-01
1.053038265961273368e+00
2.919443586644587807e-01
4.086759402446335621e+00
2.290711264714307749e+00
-4.251271352643516965e-01
-4.118252230914508871e+00
8.422568673396393368e-01
1.714958257377397766e-01
-1.332765004265208608e+00
-2.801773363393177174e+00
1.291308928531808231e+00
-1.523856159213349937e+00
-4.153691079927009255e+00
-5.507658221357266681e-01
4.157833660690897659e+00
-2.394777010263090311e+00
-2.570233592242357368e+00
1.427248062477692203e+00
-7.930130104963467597e-01
6.096266117122284972e-02
2.267380078638539853e+00
1.300992551523875829e+00
-6.656792683334650240e-01
3.692974128361743880e+00
9.304943885940648585e-01
1.122760708170505994e+00
2.858897077283975019e-01
2.853021040817578680e+00
2.912592407221884283e+00
-9.412426773879806197e-01
6.191567466754174243e-01
1.041939343908621973e+00
1.612173284321623212e+00
-1.268923348784471994e+00
-8.076627126231206155e-01
1.012068238491106387e+00
8.064471094076748336e-01
-2.075596602342816954e+00
-6.671105999310774637e-01
-2.082483861451374985e+00
8.333679209023916457e-01
-3.532668572243274907e-01
-2.050247285376491924e+00
1.515296476846176521e+00
3.017249148238137835e+00
-2.584552808793408651e+00
-3.745128498486736124e+00
-2.834698061289615101e+00
-3.106102976054716525e-01
1.325884941209252155e-01
-3.935325376865461244e+00
3.064013483830142714e+00
-8.845989868817162316e-01
-2.173632937286134492e+00
-4.820773890577721432e-01
-2.267614671000221627e+00
-1.501538632210401847e+00
-1.658104515641254162e+00
6.947517799861763210e-01
4.714787951264264865e-01
2.881347685519838997e+00
-1.247928216547720681e-01
-6.582025097636909905e-01
-4.550156943844971380e+00
-1.461956672930566414e+00
-7.965711650310162151e-01
1.083805971962919834e+00
-3.342036712678101207e+00
-8.746377123554680555e-01
1.876074904813923894e+01
2.496458123537732110e+00
5.293705934116700595e-02
6.506699578503358783e-01
-1.777841283094949265e+00
-5.424634489992731234e-01
5.240329263980604280e-01
-8.014539645387128708e-01
1.338040341091168317e+00
8.158893224043513026e-01
-2.409001895796586190e+00
-1.171484877321349316e+00
-4.854658865998926487e+00
5.787563631015847365e-01
-1.689311776591373659e+00
-3.089032190486489249e-01
5.744703028930107092e-01
2.145826781684690321e+00
-4.060777699293145915e+00
2.377191735539050388e+00
-9.539522247565060953e-01
2.432418791484494136e-01
-9.599850392946021604e-02
7.112768754336737942e-01
-1.575868133535253124e-01
-8.950170771290870686e-01
-7.421699375756410921e-01
-2.107099754326502428e+00
-6.792675078952768730e-02
-1.603350974613471536e+00
-8.267007879488894595e-01
9.891193960037372168e-01
7.677535209698114205e-01
1.320075935997469807e-01
1.320645277174573140e+00
3.518357013172216163e+00
6.810809981726710927e-01
3.838915149274247374e-01
1.736563866007480028e+00
1.600729299084300949e+00
4.771163782789187291e-01
1.417823257831918093e+00
1.541090484351583578e+00
-3.775146074851375988e-01
1.235034863425654716e+00
1.468738379115782089e-01
7.308382385628285904e-01
2.127404617341835114e-01
1.167695061422330038e+00
-1.009708598639515786e+00
-4.150053463305738988e-02
4.237940366384947144e-02
-1.160164801847593380e-01
-2.428765870217624467e+00
-8.729147823315619448e-01
3.528453188294845333e+00
1.377102924555177133e+00
1.115222487954074193e+00
-1.645441707682758103e+00
1.345212440911933496e-02
-5.118278975265677655e-01
4.841347999029177451e-01
1.637566580050626996e-01
-6.313841802501674039e-01
2.383670762297002144e-01
9.128834101656937428e-01
4.628467003965393012e-01
-5.760261533532969880e-01
-8.644253031830678724e-01
-7.204244973148927755e-01
-3.232264110903571575e-01
4.025142139263815366e+00
6.597043862961122773e-01
4.285044398129649046e-02
4.991848789742137082e-01
-3.611801370554654778e-01
1.741101755736288448e+00
-1.785381735498283162e-01
1.329425230248575396e+00
2.655506672767705911e+00
2.337521525725641869e+00
-2.231575307614524384e+00
-5.671325080978908417e-01
1.534753712245264246e-01
1.613520554528769635e+00
1.788285691616931850e+00
6.148380620853026723e-01
1.412246468312321479e+00
1.659466869381524212e+00
-1.968292756016657874e+00
5.978290364885325836e-01
-5.133899487132079997e+00
-1.787283635295084716e+00
-5.187974428722156306e-01
-2.899867984270246279e-01
4.950536710353104830e+00
2.134339867813404457e+00
6.073113153271837206e+00
-1.717315656307208505e+00
8.200347922785278243e-01
7.282243862926512934e-01
6.023432993132347146e-01
-1.119315815474450471e+00
-1.199868933988493369e+00
-2.004604450332250654e+00
2.619846937170325352e-01
-2.569347969300655343e+00
8.001856946865343323e-02
-8.865693303179873752e-02
-9.423969385333613724e-01
-2.939908270246590405e+00
7.591278394918673511e-01
-1.348479988414693354e-01
-3.464885379842745472e+00
6.373643974978839388e+00
-1.643603895906274870e-01
-1.746635212113366364e+00
1.813270833945976046e-01
2.544832648565848565e+00
4.141059668887056011e-01
1.578076863811649633e-01
-7.549702497152041558e-02
5.990752694388412625e-01
1.641400883128016686e+00
3.745002475267111830e-01
-3.002110784894206130e+00
-6.444379149493649761e-01
-3.188479329915076543e-01
-5.466934359755268424e+00
-3.786112257058239505e-01
-2.651377022536256067e+00
7.393280970820208076e+00
9.098883829892943087e-01
-3.049102316588474970e+00
3.653814691122589942e+00
3.871931055396910626e+00
1.342036446853880627e-01
1.263042998989883481e+00
-8.984758787281932335e-01
1.079461670075136048e+00
-3.439186477671472453e+00
3.750159511631526055e+00
-7.696388720552007623e-01
2.596758216189702040e+00
-2.710406270131459072e-01
4.110936032073918556e-01
2.139249950154817892e+00
6.246304241167749405e-01
-1.032357330795628803e-02
-1.783368454912992451e+00
-6.327164227941399766e-01
3.825932574066711833e+00
-2.892440981126927491e-01
3.062627492017502284e+00
-1.123421313839482460e-01
-8.724061116969189511e-01
-3.430204620773378732e+00
2.837503249025974394e+00
1.712959265096153816e+00
4.498375237244622848e-02
-2.205487584341842222e+00
2.301540905318809394e+00
-1.881320589209747984e+00
1.587203716568665393e-02
1.474611389255344185e-01
-2.346789515257406977e-01
-8.994369504946904126e-01
1.929296598242151051e+00
-2.671406037458538218e+00
-5.930256557636379849e-03
4.563209372072135062e-01
1.543465580349023814e+00
-5.438288590374112941e-01
8.805066971321816593e-01
-3.744196263490584542e-01
-8.685912518247121059e-03
2.457017481732092890e+00
-8.215404505771120025e-01
-4.453250856996633922e-01
1.631535611992263046e+00
-3.577196572425934917e+00
1.422519459526671248e+00
-9.377839864350592247e-01
3.546659648574820300e-01
3.080299532748903779e+00
-4.772009343573555690e-02
6.110326551024729547e-01
-1.333351288045973471e+00
-8.691614650007539744e-01
-3.589487521968893979e+00
-1.346188365849596336e+00
2.616890490238005906e+00
-1.668533436684156657e+00
-1.525525822934362008e+00
-1.938339414783885051e+00
8.274271813785980534e-01
-1.324756626914723512e+00
3.484392327702623415e+00
1.490599541378329951e+00
9.784977508069307994e-01
2.483028810571098255e+00
4.879406014733623231e-01
-8.508010776833874189e-01
4.152342141039077617e-01
-5.716136323415582643e-01
-7.407011793748162765e-01
-1.380196629593002378e+00
-2.751581704891596036e+00
-1.012816278184371088e-03
-2.180154979321458075e-01
-2.957087369575733260e-01
-1.452311314601810066e+00
3.649228022856714659e+00
2.931668008999829489e+00
-4.679137041582275280e+00
-2.370097929809850346e+00
-9.731971538349191153e-01
-9.251110725115190281e-01
-3.511651690072651100e+00
-6.480821604381012957e-01
-4.937479402240252391e-01
-1.446386046373995038e+00
-3.588474049357686102e+00
3.261349409821903134e+00
-2.590063304311803982e+00
1.727114783627836103e-01
1.283492281246726430e+00
1.996916730278287977e+00
2.020538788686503828e+00
-1.085881892358950163e+00
5.093999176966670928e-02
-1.518512979139094998e+00
-1.483605863400955682e+00
-6.705129154281462833e-01
-3.136702654291398384e-01
1.583247349283626454e-02
-2.817971355634531161e+00
6.725396566264931764e-01
-1.323227307594070812e+00
1.928398638600012927e+00
-3.738447456811674896e-01
3.661753520626429004e-02
-8.841559745347478128e-01
1.418752979291993288e+00
-2.521800764948825435e+00
3.181385060233596018e+00
-6.293418667966776958e-01
1.057406757281065035e+00
1.261297789867916963e+00
9.780154089753585467e-01
-1.764719470516369126e+00
-1.656254816229673354e-01
1.432790354681653389e+00
-3.068739377995615136e+00
3.035099820546379168e-01
-9.511544041699042662e-01
3.077389221832504074e+00
5.581185106681146868e-01
-1.974685841761672167e+00
6.949910306108293412e-01
1.063847756682652967e+00
-1.504865651808355187e+00
1.424090644783531756e+00
8.892360802957178789e-01
-1.828910889324889100e+00
-1.095367658402435884e+00
-1.549408303536173648e+00
-3.269458356522784825e+00
1.084326365469694631e+00
1.878883731126938628e+00
1.047244318560999199e+00
-1.503465507232810028e+00
-1.444669180573161071e+00
-2.909956270763177644e-01
9.698080991718748267e-01
1.268587569109882685e+00
-1.047094757095318185e+00
-2.279356702317753836e-01
4.530428007275788538e-01
3.807336412898623124e+00
6.650432452120336180e+00
1.574107432093364345e+00
-2.639455144943412712e+00
-2.797098516806538759e-01
2.895721228830005489e-01
-1.766398134859989089e+00
-1.468543834128581693e+00
4.913128676949948925e+00
-1.810058614286960688e-01
-7.445904491651880175e-01
1.432703341277544951e+00
7.729263223645764791e-01
-1.093680424032896115e+00
2.661059200434282013e-01
-1.433065348176803422e+00
-6.611995417611684189e+00
1.337924315637846417e+00
-6.618028908832835899e-01
3.877878118228747173e+00
-1.118104633894448030e+00
2.370985664785413949e+00
3.339276344031483656e+00
-7.517805858100722327e-01
-1.221552006027968984e+00
-1.095662253713552969e+00
2.092099073827430544e+00
2.700591187214443911e-01
4.035378071138939204e-01
9.156073949248206834e-01
-1.727768051717366304e-01
4.824837982261412916e-01
-5.578696400265299449e-01
5.705903059924201104e-01
-2.543046975044016111e+00
1.153486932044951008e+00
-5.731573476375900755e-01
-1.301198302582963873e+00
8.966135659719867146e-01
2.112260517771100687e+00
1.361989591319194837e+00
4.142796164187512176e-01
-2.525666644149615059e-01
1.901918687470714131e+00
6.641744847987268718e-01
1.228770077437298269e+00
1.247258285588489057e+00
6.841141012897871132e-01
2.199598439858636567e-01
-1.725265161501232880e+00
-1.711269675261568812e+00
-2.121613143228345599e+00
2.088985431382100355e+00
1.394318969351223680e-01
-2.019857276965070891e+00
4.836265379387914010e-01
-1.025672319517056952e-05
-4.144051498334443195e+00
1.216830325428348125e+00
-7.185559465346739172e-01
-2.729268961876245569e+00
-1.720759769902745207e-01
-1.575671319521296576e+00
4.461109030670906694e-01
3.708700495484246740e-01
3.627667411911993378e-01
-2.982929529650638067e-01
2.071782853164466864e+00
3.024052941435552699e-01
-2.242243403252818901e+00
-5.616890298173815577e-01
-1.628333274751636139e+00
3.439385179229138001e-01
-2.104115040908181855e-01
4.788877205842136497e+00
-1.423502917476006657e-01
1.423891853134239716e+00
-8.982558048907214321e-01
-2.051492847739994296e+00
5.291679170385433714e-03
4.089231084024225749e-01
1.428085436109602924e+00
1.479298863219685511e+00
-3.782456593354449059e-01
-1.246558211221261647e+00
-1.429893930095459176e+00
-6.380427215085126003e-01
2.764746496169569578e+00
1.363283475824915714e-01
-5.135559721537670264e-01
-9.167319610683083431e-01
2.888735298737362012e+00
-1.439075522298358806e-02
4.691491680034536316e+00
1.579463868344447963e+00
