-2.867388783844471156e-01
4.766204279567800017e-01
2.737956926955320558e+00
1.652700526053075158e+00
9.358648572175353175e-01
-2.357857386841742731e+00
-1.082284988015765059e-01
3.692141948326537193e-01
4.008926874569072180e-02
8.090870717227894859e-01
-7.965132629505679018e-01
1.926395279972917152e+00
-1.424723147760461828e+00
3.500717578163445864e-01
1.452037522559904925e+00
-2.580982222799967030e+00
-8.973688862278406120e-01
-3.177258421934297861e+00
-8.408494923203262417e+00
3.755484499494444739e-01
-3.929120135509954537e+00
1.085603116792934975e+00
6.495565932155360489e-01
-3.619451757080791032e-01
-7.690636723996502333e-01
-2.970462397199407634e-01
-7.781280367507723561e-01
4.731067346263279072e-01
-1.222167049354575985e+00
-2.279029870156979165e-01
-2.028495661385730509e-01
2.119026187483744383e+00
3.939234186336198484e-01
-3.394126678435996691e+00
1.026589779740747277e+00
-3.182446962157108317e-01
1.038346784231334752e+00
-6.485138529233589466e-01
2.600356633983551102e+00
-6.704295239931713501e-01
8.663559497004116872e-02
-1.925830785908408949e-01
1.778048845562174352e+00
1.406978027237828222e-01
1.760506568470063815e-01
3.663139552112016695e+00
-5.074977344845607030e-01
4.073192125595361673e-02
1.086640721947079058e+00
-3.865507896842422242e-01
-2.122329119853291424e+00
-2.776935225623461623e+00
-9.867336406461825193e-01
1.212745159820994845e+00
-7.462084339030661262e-02
-1.432519682006623496e+00
1.166926450135080673e-01
3.018880122665638321e+00
3.634489157368514523e-02
4.453427513481362787e-01
2.512045825315572412e+00
3.428922187512446040e+00
-2.385479306614723127e-01
2.246005562001446298e-01
-1.584461125692980366e+00
2.222676403442477022e-01
-1.134611561325870488e+00
3.960785114134106166e+00
-2.449976016517189770e+00
-7.041416609441004670e-01
5.035642321468045690e-01
-3.629059853728623386e-01
3.294458836100604859e+00
3.058912096398064051e+00
1.723955173274286379e+00
4.010406350430036682e+00
1.278553333553628768e+00
2.801514582901261541e+00
4.926943912255016267e-01
-3.686791784152410045e-01
1.895393152886658994e+00
6.235244734744797013e-01
-4.713002771485249598e-01
1.877231143180730921e-01
-1.425522334165657767e+00
1.537066434021756578e+00
-5.474965939441482021e+00
-9.627638392415409641e-01
-3.155705218022004654e-01
9.061347105421534431e-01
1.244164978107453967e+00
-2.152826073885247382e+00
-8.262547709863138357e-01
-3.092265284913164436e+00
-1.889070854554698309e-01
-2.655784141184694414e-01
1.481301312481763333e+00
-2.613920506976061375e+00
2.589443625905809121e+00
-8.338009613980684742e-01
-2.771346621528008480e+00
8.067583564391276330e-01
1.095988921396045646e+00
2.129545338360983919e+00
3.443475542104416753e+00
2.681982776672614532e-01
-4.019561651572840510e+00
-9.304581575049495346e-01
1.463169374995556826e-01
-6.729369070508596160e-03
3.582794326602367629e-01
9.594441016879782236e-01
-1.396420954251036628e+00
-4.482847410003387267e+00
-8.294969410287941214e-01
1.755473106057429955e-01
-3.254772089339332375e+00
-1.360241429128310697e+00
-2.508624875264078735e+00
-1.111330454606180407e+00
1.883934876693526661e+00
-1.735279089688001111e-02
7.402746282631100794e-02
-2.969780103031975482e+00
-2.662746556992956481e+00
3.035468156502989512e+00
2.337461621136006223e-02
-7.044428239746589604e-01
-7.143170458320637906e-01
-1.477503871184256079e+00
-1.521487277100121105e+00
-1.111929472030722676e+00
8.595133470271896226e-01
-2.100607185892119144e+00
3.852786713696748855e+00
-7.542273082464727441e-02
-2.533979627239355548e+00
8.765820515040798622e-01
1.625637395023675769e+00
-1.216805795091641329e+00
1.201667082199695535e+00
-1.445789345344426158e+00
1.392078413401256709e+00
-7.403316265056562873e-02
-4.579847265316156602e+00
-1.511424922015012662e+00
2.661218346454851780e+00
-3.315186248072699904e+00
-3.408262364681647671e+00
2.456139970375242898e-01
1.427306581498907212e+00
-3.411292115914311696e-01
3.404102393801062831e-01
-3.277171851514515954e-01
-1.830584537056468397e+00
1.295687510342701909e+00
-9.376980064240460211e-02
-1.791747673183237133e+00
-6.453180416514452400e-01
-6.070723990758167821e-01
4.206834664188793260e-01
-5.622662023353361960e-01
1.221865219680770276e-01
6.860651079835390354e-01
-8.643861786417957882e-01
8.351628697282990288e+00
-1.722325101946401871e+00
8.454260159747312153e-01
-1.905963719934435918e+00
-1.331895367958024989e+00
2.535838717736690340e-01
4.329644444313041074e-01
-4.424168959866812134e-01
-2.265375333363381039e+00
1.319831429203630169e+00
2.620345088824152402e+00
-9.668297829582599423e-01
-1.584008464717268971e+00
-1.980594206966616255e+00
-7.298344888403188735e-01
4.433662183674307866e-01
2.821624415461785329e+00
1.111873837380057628e+00
-4.748728564547458619e-01
-6.685575403406325279e-01
4.028453037765431510e+00
-1.185735289148247412e-01
-4.388547729705285505e-01
-8.244996133455168019e-01
-1.270720977036034205e-01
-3.753810831948881099e-01
-1.616402019426950720e-01
-1.875634175217604227e-01
3.003340113908359310e+00
1.058410905006806457e+00
-9.444128709214839879e-02
-4.574348994935498181e-01
-1.350114500326704992e+00
2.128834517284272088e-01
2.597605655545875081e+00
1.475338700333524100e+00
-1.462019987469483029e+00
2.940143205116915182e-01
3.417666539676864623e-01
2.410700838992941783e-02
-7.932896877515521750e-01
-7.508020383791788710e+00
1.522660650428286078e-01
-8.922844873588897663e-01
2.082628718484196728e+00
-1.274780102613389532e-01
-4.575794071885013747e-01
2.087273183579690272e+00
3.452024150866255692e+00
-7.445084004318268667e-01
-2.446995793708715450e+00
3.805804621620985373e-02
-7.974747369076692349e-01
-1.326801750376229438e-01
4.433314275200064825e-01
-2.945174656405280977e+00
2.137193448832258369e+00
1.573745745733561741e+00
1.478507640451841021e-01
1.910803654335568647e+00
5.097340976891437218e-03
4.382702774662516898e-01
-1.384935529973575052e+00
3.251781183117937735e-01
-8.318085442001971197e-01
1.049452853897616444e+00
3.378795401018807043e-01
4.086746696383333877e+00
2.116245681703831760e+00
-3.519932274196736488e-01
-4.124440127422617230e+00
7.976251550515243149e-01
1.921850883484166606e-01
-1.328986217605693243e+00
-2.835747434179367144e+00
1.287340904490780646e+00
-1.565678033759930088e+00
-4.108054109190486969e+00
-5.174235850945489990e-01
4.047728618440454618e+00
-2.344138841654800576e+00
-2.417898554516596743e+00
1.407869943988485195e+00
-7.308370655888180023e-01
8.836632177751720107e-02
2.148071568965631783e+00
1.335328786905618736e+00
-7.013119367633617873e-01
3.704064780626329156e+00
9.419563328411824088e-01
1.115554303984549467e+00
3.140979627387459061e-01
2.786901795714035401e+00
2.917875301269994281e+00
-9.524001261447107014e-01
6.160311441683360423e-01
9.983854205921880443e-01
1.797880165892438598e+00
-1.207766354145618726e+00
-8.145271740509300029e-01
9.754776646799396822e-01
9.467065602586144379e-01
-2.089646345771704272e+00
-6.173996394341142446e-01
-2.134678937830976508e+00
8.924905994551101118e-01
-3.450363538930243390e-01
-2.042920371880930563e+00
1.476459920498582434e+00
2.977232979494277121e+00
-2.514272164109497609e+00
-3.739346960132893916e+00
-2.804297668348648465e+00
-2.969752067628244618e-01
6.586305315782488290e-02
-3.970392853419200119e+00
3.118671613912413765e+00
-8.709841489264894543e-01
-2.058305917539415830e+00
-4.582061268084231531e-01
-2.288474605349180013e+00
-1.388319535379467062e+00
-1.750823200510452260e+00
6.803743486870256207e-01
4.031096313985059187e-01
2.906876942654148976e+00
-2.079016968915238794e-01
-6.651934381972980370e-01
-4.541526794627967156e+00
-1.379074609119175454e+00
-8.246238710860759324e-01
9.640309639753144033e-01
-3.312725528802821007e+00
-8.263591598517207037e-01
1.874952900202821127e+01
2.467252752616932998e+00
-5.415614161250583564e-02
6.410362621028430352e-01
-1.779859915917724855e+00
-5.903501721164953198e-01
5.265103123609028435e-01
-7.519261757623908471e-01
1.253107801838495128e+00
8.182961838005476940e-01
-2.330725391889681308e+00
-1.192239465720422720e+00
-4.780170865906734790e+00
6.418544465899964635e-01
-1.708756542140542622e+00
-2.961286502823803901e-01
4.668147831875986142e-01
2.298948146587525443e+00
-3.946732057644625424e+00
2.293007337421554492e+00
-9.186638800782137571e-01
2.528159122334766029e-01
-4.481846715521776991e-02
6.394025056607084423e-01
-1.730334912887296905e-01
-8.852167539733646340e-01
-6.548664856648825916e-01
-2.077627716237075095e+00
-7.862053337290957067e-02
-1.559728857002502522e+00
-7.606153594088077563e-01
1.020556253041094763e+00
5.588911045434915570e-01
9.516482927711666928e-02
1.289444655663675832e+00
3.491179141583268031e+00
7.097846868557424749e-01
3.985938790281031152e-01
1.710412733328868340e+00
1.510871533861059435e+00
5.312253921968645987e-01
1.425369440158437140e+00
1.546827358634861760e+00
-3.153928493324031912e-01
1.223221337394295283e+00
1.141353812790858319e-01
8.400517437914216679e-01
1.648362282217355479e-01
1.172621672662462311e+00
-1.030506171070046939e+00
-1.180179771146673273e-01
1.853957296400450538e-02
6.436913689062285365e-03
-2.592069291919520957e+00
-8.735362899683843940e-01
3.471890622609925092e+00
1.339924955196953205e+00
1.117586797762334605e+00
-1.687998968725209936e+00
1.523673385679717544e-02
-5.248389359133612819e-01
4.596693891133314391e-01
5.908214855210089378e-02
-5.039915019796762374e-01
2.773449991796380631e-01
9.196783816943262524e-01
4.647983410661792880e-01
-5.908393709031175556e-01
-8.650994613012029655e-01
-6.529523311829471544e-01
-3.244228793081458950e-01
3.895954950949864326e+00
6.465588633463267287e-01
9.500675931825140752e-02
4.805813800058768015e-01
-3.630330696984250261e-01
1.596307945814239737e+00
-1.921906304288180378e-01
1.357713706830672828e+00
2.642768243060456435e+00
2.313638366440158745e+00
-2.358526059772525052e+00
-4.934463335833202957e-01
1.468680313968405426e-01
1.555197690291536983e+00
1.776297929664189201e+00
5.652862428724333421e-01
1.304650208678353795e+00
1.605711227007368569e+00
-1.987260529075943305e+00
5.694403009791024761e-01
-5.069358515876625226e+00
-1.702103780285355805e+00
-5.004520710323773214e-01
-2.009368535236620845e-01
4.702943455504264847e+00
2.172867544116924954e+00
6.007475829968520920e+00
-1.737699279245960238e+00
7.617040307694136203e-01
7.894468978701031370e-01
5.776150019999148899e-01
-1.108002802943705012e+00
-1.141844187238364006e+00
-2.033668500576496729e+00
2.179971988953290085e-01
-2.497069149512041619e+00
1.084617436928091844e-01
-6.639112679201424061e-02
-9.824101903719910656e-01
-2.920675271809251683e+00
7.208910167917481626e-01
-1.757054237773374439e-01
-3.437186699446829419e+00
6.295210771545210804e+00
-2.039866501895210571e-01
-1.715908365853061168e+00
1.624091926044830270e-01
2.518533573443572759e+00
3.659044915089057493e-01
1.381556843620669883e-01
-6.106410048835488047e-02
5.927713168166026669e-01
1.714126896798773503e+00
3.825873177447958184e-01
-2.972123810988943848e+00
-6.365995981935577142e-01
-2.338642424520198659e-01
-5.355158706592880513e+00
-3.936952706269498115e-01
-2.650798220625442347e+00
7.379008124960056314e+00
8.910420718016146546e-01
-3.064537009571540072e+00
3.649996202412891577e+00
3.907180777080036194e+00
1.793512163852684638e-01
1.325785426371070663e+00
-9.315597698116757641e-01
1.125432071404718348e+00
-3.365258940622128492e+00
3.652395764215432550e+00
-7.736074199242078953e-01
2.383993510787362435e+00
-3.032874083287204758e-01
3.884756250848695469e-01
2.123723537607785428e+00
5.690435722760719406e-01
5.899505716968484609e-02
-1.671650591452614520e+00
-6.243060171450641738e-01
3.814764907595165067e+00
-2.695399367429311965e-01
3.032013005455691079e+00
-8.739470341922410401e-02
-8.964542183986289325e-01
-3.454166982467601787e+00
2.829821357223860190e+00
1.906709773230502503e+00
4.393346589257320078e-02
-2.158959627325764075e+00
2.316026831355614046e+00
-1.891763207415319004e+00
7.589708548956311529e-03
1.395174044672260472e-01
-2.498686935890614136e-01
-9.454953252841565847e-01
1.922835246276359600e+00
-2.664016750707582037e+00
1.661283259408311008e-02
4.037086703816107902e-01
1.736239377006651985e+00
-5.272655930528572510e-01
8.485246953924479030e-01
-4.052108739572032881e-01
-1.024170007702734312e-03
2.469274652959266625e+00
-8.740853680750262367e-01
-4.924274948113105399e-01
1.622911539076004717e+00
-3.509227080840216839e+00
1.341680868163724893e+00
-9.602131333556206405e-01
4.091507714396647732e-01
3.159892934785856866e+00
-7.853642708136978831e-03
6.245597731462511071e-01
-1.351887393969586126e+00
-1.012524596397395227e+00
-3.346655297103263038e+00
-1.340757309707019784e+00
2.586913319373141285e+00
-1.634744891083471430e+00
-1.494533253470953893e+00
-1.929565079513173798e+00
8.082825480823246922e-01
-1.341215697558035380e+00
3.525668039972406742e+00
1.522114097117248654e+00
9.676868492526682353e-01
2.468260494160980034e+00
4.728044821099263717e-01
-8.305247509258800731e-01
4.722487460784718372e-01
-5.601557688754633668e-01
-7.059092027495151855e-01
-1.490128626500825115e+00
-2.638769312391853195e+00
-1.481747303101198059e-02
-2.361615021458743080e-01
-2.303959397140710463e-01
-1.404312262942732925e+00
3.534514466568450253e+00
2.915231897982405229e+00
-4.418116674953652456e+00
-2.270569758410448280e+00
-9.862807393780120835e-01
-1.062544658856140467e+00
-3.507763038411249479e+00
-6.369448813383554731e-01
-4.805904228700797476e-01
-1.504681389820537563e+00
-3.602306121224215119e+00
3.223096932480293830e+00
-2.549212034301717722e+00
2.074801719966186953e-01
1.333026353952160292e+00
2.000689928893840008e+00
2.010707775694850152e+00
-1.071096782665687863e+00
-8.333075323324697081e-02
-1.419837045830092848e+00
-1.503661444681880344e+00
-8.325225585387409089e-01
-3.596442198762600517e-01
7.507844292842980397e-03
-2.752894277040114357e+00
7.776813909102173739e-01
-1.306927534091679499e+00
1.873427137851684909e+00
-3.466222800161520290e-01
2.381001097758178586e-02
-9.035129186393484613e-01
1.352994506440828637e+00
-2.417388950178497975e+00
3.303293645050539240e+00
-6.567985577372829065e-01
1.060542854805496482e+00
1.253760421036501649e+00
9.262507696279067559e-01
-1.768083084056454757e+00
-9.986454412960961424e-02
1.430529882469970593e+00
-3.062668462206374009e+00
2.956015112632480180e-01
-8.901087697347265237e-01
3.082649935919116402e+00
5.540466292964709716e-01
-1.964003801852552300e+00
7.449227873961965507e-01
1.009604803114533933e+00
-1.422613076198903759e+00
1.462895431243129041e+00
8.654548008401286019e-01
-2.087145126675319595e+00
-1.098494828336847418e+00
-1.442973734743986380e+00
-3.179055783848141026e+00
1.075845052921417855e+00
1.893533784916277662e+00
9.580842996233257525e-01
-1.471934128169339440e+00
-1.347115485211750618e+00
-2.600406714031524569e-01
1.015075530233748857e+00
1.230318573021341733e+00
-1.053278125347253624e+00
-1.917862188780243005e-01
4.957614977417570956e-01
3.856726131498283916e+00
6.419406606406001359e+00
1.617408918939332585e+00
-2.586631329701122084e+00
-3.228231845140942524e-01
2.616414533982953650e-01
-1.688584022040636734e+00
-1.429432448431299685e+00
4.855957577692564087e+00
-2.551710371229970464e-01
-7.696582174314998692e-01
1.342358754447874780e+00
8.230435975343184385e-01
-1.056702514762094092e+00
2.944108282193834691e-01
-1.464500220537771291e+00
-6.555295258284709270e+00
1.276719367449011600e+00
-7.579044179367596668e-01
3.903361017210321027e+00
-1.142576182357496695e+00
2.330949973854094637e+00
3.382612368965472349e+00
-7.404829341364752571e-01
-1.210099439254479270e+00
-1.063882996725654007e+00
2.089777731479711242e+00
2.073396180512538101e-01
3.557906983860007477e-01
9.580456969195557670e-01
-2.091506128548312193e-01
5.090382579293070142e-01
-5.321883789488205396e-01
4.898551427469604591e-01
-2.524724201957562197e+00
1.195450161420914981e+00
-5.156759312561357556e-01
-1.334822240344047062e+00
8.651857872168409180e-01
2.110428753520098066e+00
1.282871627630558287e+00
4.480043696146067123e-01
-2.909147934091661503e-01
1.887459887876189901e+00
6.851005874608284696e-01
1.211280480574528529e+00
1.168448009824356593e+00
6.434762803523309538e-01
1.777916324879325882e-01
-1.505694937040515491e+00
-1.714489779894575738e+00
-2.064574513258677690e+00
1.898796367376947680e+00
2.115840309877663750e-01
-2.059426554505581652e+00
5.076104997410186837e-01
-1.748903652411578843e-02
-4.134594932511587828e+00
1.138575884706170882e+00
-7.087992442699800888e-01
-2.758320689185722596e+00
-1.673571978581123720e-01
-1.617489773453405055e+00
5.078610168209537479e-01
4.299941197467155862e-01
3.062437094386531444e-01
-3.156436532242238857e-01
2.099327249682755969e+00
2.630199106933366893e-01
-2.135451002346335336e+00
-5.957971131080082028e-01
-1.778078888309570393e+00
3.506021102710241699e-01
-2.304802622462297224e-01
4.803360798086124817e+00
-1.928941172652486047e-01
1.408209606022919891e+00
-9.053866351741874929e-01
-1.896453894203371959e+00
-8.259549505062043981e-03
3.618485389004642561e-01
1.387497186753201772e+00
1.447430174517161383e+00
-3.955043383269790658e-01
-1.251825971590956321e+00
-1.383530292198111411e+00
-5.895670301445721240e-01
2.791035358809284883e+00
1.162776160935824477e-01
-4.845425075533055792e-01
-9.375916756348430248e-01
2.939202751278279901e+00
3.291003893529717561e-02
4.656934463425158377e+00
1.624689286954626333e+00
