-2.555598349646109324e-01
5.085735956941500602e-01
2.767770650345378947e+00
1.664749118517834248e+00
9.596874028554074343e-01
-2.362064251345985966e+00
-1.311518798905011995e-01
3.603164395878185045e-01
1.712502843307370931e-02
8.023348052709858846e-01
-7.964597221087384993e-01
1.918729583176085107e+00
-1.449350151426473721e+00
3.427757465359309030e-01
1.463704900685849575e+00
-2.580663569519654477e+00
-8.982528854445204214e-01
-3.142946293238347621e+00
-8.432144718229187319e+00
3.734034535690372025e-01
-3.950346573831450048e+00
1.116384364842022858e+00
6.548535179182722876e-01
-4.079195148511240987e-01
-8.041440893273972268e-01
-2.889098886935524968e-01
-8.324830705108109408e-01
4.840128086919101014e-01
-1.239386608996452255e+00
-2.469445293805883901e-01
-2.139427646304095376e-01
2.115620148382357346e+00
3.654634410217498242e-01
-3.358430796719055866e+00
1.031511675564373398e+00
-3.258294307305907855e-01
1.041891759439893317e+00
-6.076626902560569032e-01
2.606809889376216383e+00
-6.571191331633040589e-01
1.304851848947864712e-01
-1.409523277805776742e-01
1.776854194006824317e+00
1.537134524822677262e-01
1.623214916242567696e-01
3.624645974337365129e+00
-5.209450554590965288e-01
5.395643889727708836e-02
1.098568334203083641e+00
-4.118340751271422628e-01
-2.132016794865017051e+00
-2.780810175404983653e+00
-9.930727038775492010e-01
1.213793318940989518e+00
-7.856657914643119800e-02
-1.433666851511409490e+00
1.284475448881612081e-01
3.029065287677699114e+00
8.075273922808634541e-02
4.295578838578679726e-01
2.492231854985249573e+00
3.500064513320790383e+00
-2.210971010468186781e-01
2.028918001021309814e-01
-1.592276166179930064e+00
2.378713637078513354e-01
-1.126140389553661691e+00
4.024512668829034467e+00
-2.454304632122645824e+00
-7.403891920790275361e-01
4.747057129312867718e-01
-3.594758888178201661e-01
3.307147587306257464e+00
3.032145322558274625e+00
1.728697908297769148e+00
4.094006503299331357e+00
1.272251561452160562e+00
2.815079288839711591e+00
5.467303331933976995e-01
-3.662474028341615728e-01
1.917779964825369055e+00
5.585465006481569183e-01
-4.844608655799099717e-01
1.849405403598597952e-01
-1.413336363636859216e+00
1.602933051877717840e+00
-5.471127986651263875e+00
-1.007251044433097986e+00
-3.314929184240140714e-01
8.731301575599843545e-01
1.211004518680390829e+00
-2.148261078501690680e+00
-8.589098113881031837e-01
-3.092785494349688413e+00
-1.617908177688637261e-01
-2.665055910845967047e-01
1.462679642989682893e+00
-2.591981092408756737e+00
2.644483870585356833e+00
-8.507557837957249181e-01
-2.816726618503119006e+00
8.024880954461022231e-01
1.113068994202496498e+00
2.129598495736646946e+00
3.413786369180198399e+00
3.192160091644716813e-01
-3.974441594649861020e+00
-9.291765546744681359e-01
1.711581313260362724e-01
3.309861201226373551e-03
5.045438384720857261e-01
9.474796243109013805e-01
-1.396571949845639704e+00
-4.594731504815337431e+00
-8.244124873215378235e-01
1.757829668012326763e-01
-3.250448169405336429e+00
-1.413861115955300951e+00
-2.534339053864261171e+00
-1.121526062040619776e+00
1.934588228599512183e+00
-4.889720031437418124e-02
9.028204885834988092e-02
-3.009756057215321245e+00
-2.704183142802641715e+00
3.055900435251184710e+00
-1.398762622348564445e-02
-6.837998538251075509e-01
-7.129648191213733277e-01
-1.496707012659896918e+00
-1.542272691826086506e+00
-1.171656080197470251e+00
8.253001497856045088e-01
-2.182894672180365703e+00
3.925067024004932570e+00
-6.510367287981624895e-02
-2.557923470900166141e+00
9.035628446780082923e-01
1.630207796360602313e+00
-1.223760229734716543e+00
1.218837787720077337e+00
-1.432100615646706210e+00
1.433682808812549947e+00
-8.072238202412761188e-02
-4.667934287718833453e+00
-1.543942651354960338e+00
2.705891846815393631e+00
-3.368053809366288842e+00
-3.466632001801236651e+00
3.046770175445412954e-01
1.412407337501602855e+00
-3.669624097253025852e-01
3.754029271726865291e-01
-3.321791796282245746e-01
-1.808808450220248165e+00
1.320625771479938315e+00
-1.128054234340967882e-01
-1.766130230061249806e+00
-6.371515287520079784e-01
-6.074546440792186752e-01
4.319093634738939147e-01
-5.178194103762397971e-01
9.151529931321876477e-02
6.786794186593018141e-01
-8.534514352655846459e-01
8.385421147829202226e+00
-1.753257926130153299e+00
8.166384312398996537e-01
-1.913114007331645050e+00
-1.342914842984717527e+00
2.507499082837618687e-01
4.585085273043740250e-01
-4.696469863886473806e-01
-2.285567884923793258e+00
1.319786715588222137e+00
2.653384139957006838e+00
-9.513172643889287183e-01
-1.554213618551687492e+00
-2.017918135292330106e+00
-7.347448010063486468e-01
4.477807289070962482e-01
2.861360991472338355e+00
1.081331576137352091e+00
-4.064383887248839144e-01
-6.774764127878405429e-01
4.074317447956620875e+00
-8.480466873416542262e-02
-4.432062956475410487e-01
-8.489345925462988829e-01
-9.524388321575823213e-02
-4.024586837826726882e-01
-1.867784708931211346e-01
-1.734660923266076182e-01
2.966480671628306975e+00
1.090082050021503601e+00
-1.634301638453009020e-01
-4.363436325347298528e-01
-1.327680352746694714e+00
1.853054393472275685e-01
2.625178110783440655e+00
1.506303327723848895e+00
-1.482727227344352139e+00
3.024696494694897320e-01
3.191225801033721332e-01
-4.307950434945252705e-02
-7.816646500177256707e-01
-7.498827684344677280e+00
1.318882375848896005e-01
-8.850454807574538174e-01
2.104734097983564478e+00
-1.897567652536988336e-01
-4.579423430150734720e-01
2.117076088919826127e+00
3.575844121060593572e+00
-7.378240348733257070e-01
-2.450601581595508005e+00
9.424139984451730678e-02
-7.958392057562954092e-01
-1.142544134278600104e-01
4.039189875166281918e-01
-2.960299823747315262e+00
2.136297433551156200e+00
1.517999450212757839e+00
1.636208862589540458e-01
1.992681105516305617e+00
8.407229345867147860e-04
4.065930115108576381e-01
-1.370627853053683509e+00
2.923587612653726353e-01
-8.422000959938510389e-01
1.052051472045062441e+00
3.106057904082615284e-01
4.088200943870927695e+00
2.221031335062791712e+00
-3.896114351873840032e-01
-4.125934430209453829e+00
8.224458441492477068e-01
1.815385149461871406e-01
-1.335024234315144387e+00
-2.739742875774072495e+00
1.290379745473805961e+00
-1.542594253703674756e+00
-4.129984279203835484e+00
-5.396128343681837469e-01
4.122920184037033309e+00
-2.377016983440239706e+00
-2.525046445802945794e+00
1.493446775309381414e+00
-7.759060913499473688e-01
6.530986549325096258e-02
2.242104031543102671e+00
1.325477794229462214e+00
-6.377418584941310087e-01
3.683667301356779333e+00
9.339633417388212289e-01
1.153129238639496013e+00
2.953456171967603905e-01
2.843564048709448677e+00
2.916376082033420580e+00
-9.433991298222822453e-01
6.174193291756924218e-01
1.025127346279615992e+00
1.742479822753498331e+00
-1.217578164817032293e+00
-8.047363711848651846e-01
9.955804379335175813e-01
8.612889033671563555e-01
-2.070064378085161749e+00
-6.526122910441184422e-01
-2.106974251746669413e+00
8.816370113814716580e-01
-3.370312756040949043e-01
-2.042854762887713171e+00
1.486818192567716412e+00
3.013734788874379511e+00
-2.561482540558099430e+00
-3.737371541735163838e+00
-2.832827520029738810e+00
-3.065080018671365036e-01
1.092004260392568094e-01
-3.962277592067570353e+00
3.078127024929812272e+00
-8.661932705206283334e-01
-2.116864727367294918e+00
-4.726497742941851432e-01
-2.265864684487383318e+00
-1.448327842608246874e+00
-1.689982701274134858e+00
6.937975168182616281e-01
4.514031519891743005e-01
2.887167633881963624e+00
-1.782734073399444286e-01
-6.689430626040598904e-01
-4.541661509502261218e+00
-1.428921640936569037e+00
-8.081670496587910479e-01
9.949132781016520877e-01
-3.350409068498080511e+00
-8.599267927642487708e-01
1.876003312617811147e+01
2.456427712760133719e+00
1.941384290700968324e-02
6.434823879566617943e-01
-1.773837707006406195e+00
-5.935380561200765959e-01
5.228119005254721063e-01
-7.908915976064592179e-01
1.315570214678671856e+00
8.136963513758960209e-01
-2.375530427719401150e+00
-1.166097357668916867e+00
-4.840098347072460783e+00
6.166113683710823246e-01
-1.735563225805387466e+00
-3.092768098257479559e-01
5.329906745689736436e-01
2.210639353171755861e+00
-4.015076655284797624e+00
2.339708225075320946e+00
-9.378608933227200462e-01
2.423387571130823648e-01
-8.547564986618971794e-02
6.866863791098056780e-01
-1.655401682910174477e-01
-8.864335017500012404e-01
-7.027209986266050867e-01
-2.105620388853155944e+00
-7.619497035525121809e-02
-1.583891659347280267e+00
-8.072024642975063058e-01
1.005872331870935277e+00
6.836686046178859222e-01
1.173713923272433346e-01
1.278472079348212720e+00
3.510179641195157796e+00
6.893951233231762066e-01
3.797922656088277282e-01
1.732096040095089773e+00
1.575319818906771863e+00
4.960638747474018784e-01
1.431370873309774749e+00
1.554009961567126119e+00
-3.624109860517185644e-01
1.232670724898709436e+00
1.355545440764722720e-01
7.776255489966373835e-01
1.868002423311675431e-01
1.177830513165048831e+00
-1.021501215838020116e+00
-6.634322897084352078e-02
4.995392887068082072e-02
-7.424091250874917391e-02
-2.522169585307062256e+00
-8.318956675844265680e-01
3.529625371305002979e+00
1.372481387942400488e+00
1.116236924495705551e+00
-1.649292877150473791e+00
1.647751127698268009e-02
-5.260429898773392177e-01
4.664593368808393481e-01
1.340017914597926851e-01
-5.828529073085154666e-01
2.648207588170999327e-01
9.158310820042456779e-01
4.695998497989081755e-01
-5.782770438096997978e-01
-8.454162932250691709e-01
-6.935119143016382770e-01
-3.232997380487175887e-01
3.978328477673956254e+00
6.535558631521792838e-01
6.234854953389413340e-02
4.977832474735491286e-01
-3.611234556577266330e-01
1.673902543695413137e+00
-9.483969963508859236e-02
1.329328062657404885e+00
2.675486018429011903e+00
2.328259720416296030e+00
-2.279582155751938899e+00
-5.169098809357974833e-01
1.632570005959459725e-01
1.596102788202425682e+00
1.780232399229487728e+00
6.042745719307890395e-01
1.377727581777178134e+00
1.633586667216683885e+00
-1.969411298667430588e+00
5.641944770495106454e-01
-5.128358846616485778e+00
-1.758727116710385951e+00
-5.134015876584451243e-01
-2.399621200735096160e-01
4.814181917358236973e+00
2.143593131334417201e+00
6.049620651950606387e+00
-1.732436116714569874e+00
7.871350924925982762e-01
7.277382190715745436e-01
5.972370849999658615e-01
-1.123660920461835522e+00
-1.178800513864823207e+00
-2.013614447016557119e+00
2.462699934397296064e-01
-2.546333746335699200e+00
1.032483054664360689e-01
-8.502660797318228880e-02
-9.347078490246617521e-01
-2.929389555449158244e+00
7.413004082790944915e-01
-1.491031291527443181e-01
-3.462559036724950801e+00
6.359656582272187109e+00
-1.900736508449582807e-01
-1.728574287541184917e+00
1.754061798163486230e-01
2.535055957099049184e+00
4.019944414212519024e-01
1.409689250831075991e-01
-6.963979736730707693e-02
6.004149053062970420e-01
1.663812375614875938e+00
3.742260812146241400e-01
-2.993763115675546871e+00
-6.401786139346126170e-01
-3.000424318117120848e-01
-5.428856003500476923e+00
-3.826484794271203804e-01
-2.660277892790866794e+00
7.401366637254059633e+00
9.062503582867950103e-01
-3.059401195396131090e+00
3.677803644788768533e+00
3.884467712278824703e+00
1.485076373911763392e-01
1.281121424001143927e+00
-9.127217782296114246e-01
1.099182738762012779e+00
-3.406762300333324500e+00
3.713425489905464616e+00
-7.705122515244579029e-01
2.500720280238464710e+00
-2.751113257043672489e-01
4.025928008170360783e-01
2.136816262089287211e+00
6.125623662683067350e-01
3.239887571305563596e-02
-1.746713779216705786e+00
-6.293921719734389963e-01
3.808856737977480478e+00
-2.761111340534675995e-01
3.050051546676576741e+00
-9.485538500241452731e-02
-8.849453319628065584e-01
-3.449117856572936791e+00
2.825036326477715409e+00
1.790479465405218074e+00
4.561084222737742805e-02
-2.201962980677488524e+00
2.311624568950745751e+00
-1.883525273731991190e+00
9.197126706488346903e-03
1.434215118933864497e-01
-2.404862915597545392e-01
-8.950525049042139525e-01
1.925784223778363557e+00
-2.670658172961120957e+00
2.598343974231076374e-03
4.446602336427166180e-01
1.628848760812029450e+00
-5.394267071679818004e-01
8.657686493961002094e-01
-4.122170011006444645e-01
-3.786176975039226046e-03
2.457600739656727207e+00
-8.277677615272670542e-01
-4.596059606778419293e-01
1.621670733365432104e+00
-3.549305744772577764e+00
1.382576550754814670e+00
-9.456093106861495068e-01
3.765838049718270852e-01
3.108983761394719991e+00
-2.592506460531743620e-02
6.085440286582338709e-01
-1.336835520560435642e+00
-9.121802704991670563e-01
-3.320371673411491642e+00
-1.340452011486830797e+00
2.604763040425272624e+00
-1.661138534728084482e+00
-1.520988488260022198e+00
-1.943525023955946951e+00
8.204099693024442530e-01
-1.336383785824916792e+00
3.495212995441441262e+00
1.468634660232495337e+00
9.789547236697907495e-01
2.476946162575899724e+00
4.877911500241821630e-01
-8.412773002435972591e-01
4.314456173804746553e-01
-5.742815708442752243e-01
-7.287655975658027252e-01
-1.426839842834126681e+00
-2.726508446932791152e+00
4.792591765768593193e-03
-2.223009603530518852e-01
-2.812975497685608062e-01
-1.437064053334151659e+00
3.600139729647871434e+00
2.940575497847751851e+00
-4.590291126065202398e+00
-2.337208632473541048e+00
-9.567677879970351018e-01
-9.573115257149036328e-01
-3.516623660661737372e+00
-6.451862835044561706e-01
-4.905325912965057822e-01
-1.504658582325103966e+00
-3.596944238421991624e+00
3.246782331039678393e+00
-2.562551485966147347e+00
2.083778903998365628e-01
1.298946834415470430e+00
2.006028483720589506e+00
2.015740873109055364e+00
-1.083276926262136453e+00
-2.399786098860506520e-02
-1.470982787541134984e+00
-1.486898157593154801e+00
-7.685955070684881152e-01
-3.372315278060104005e-01
1.268629892870363172e-02
-2.797544822941163023e+00
7.072972931958123599e-01
-1.312963986849883025e+00
1.910371696613099468e+00
-3.653366178819010823e-01
3.409798140944297895e-02
-8.915781460626787114e-01
1.374499496991180569e+00
-2.492477691162007236e+00
3.275734556157454236e+00
-6.462382237352790604e-01
1.059959568729981649e+00
1.248923308789508635e+00
9.567630198235481664e-01
-1.762982492762427134e+00
-1.353790601566314533e-01
1.420837177597251699e+00
-3.067457539458814608e+00
2.642709926801402043e-01
-9.209686747818326413e-01
3.013309884369411495e+00
5.540930701124938684e-01
-2.006876214356381194e+00
7.014876455831743352e-01
1.045749353101963930e+00
-1.471268141317034539e+00
1.433543064777801357e+00
8.792401527224027458e-01
-2.051898835566770440e+00
-1.095240198235314377e+00
-1.506194950868458227e+00
-3.269942223784588986e+00
1.073777229434589531e+00
1.892788291052300176e+00
1.029804318564386589e+00
-1.497562151047873158e+00
-1.385559406051217080e+00
-2.798348862216714084e-01
9.948560070579312020e-01
1.253369054595580456e+00
-1.045747736718182441e+00
-2.223064556194976615e-01
4.847569057438195217e-01
3.823800108497415362e+00
6.537933085317569670e+00
1.583345263700168815e+00
-2.620541696093756645e+00
-2.998490592962460011e-01
2.806949588630355819e-01
-1.732239926741077962e+00
-1.444733032118993066e+00
4.901880815321158380e+00
-2.102623204997693673e-01
-7.493602335302906869e-01
1.396256335522595426e+00
8.020853723820579040e-01
-1.080319321114763254e+00
2.745592616206331549e-01
-1.448607381222852597e+00
-6.601634654227390264e+00
1.305283437475619923e+00
-7.038297213372318728e-01
3.887206205357637945e+00
-1.129895935155461384e+00
2.354370934319605535e+00
3.335936909783060234e+00
-7.523479469736330527e-01
-1.218245109225691847e+00
-1.090148609873001551e+00
2.075252336806419962e+00
2.458506105070345227e-01
3.811945687190821941e-01
9.252575269038666450e-01
-1.988974168989200708e-01
4.913443973160477873e-01
-5.593375618918414727e-01
4.933553494657736960e-01
-2.536400168598663019e+00
1.201927502945349557e+00
-5.479186728527093431e-01
-1.317833345770412556e+00
8.854646018261405072e-01
2.116406961754940141e+00
1.333448094123122152e+00
4.240485301746786950e-01
-2.970569582111523554e-01
1.903268368373514985e+00
6.745026246671872450e-01
1.223343584384584126e+00
1.228358711040689055e+00
6.713588986729885910e-01
2.073576803379158784e-01
-1.611078099060097468e+00
-1.711569282786927992e+00
-2.104818287209107464e+00
2.027853752136459686e+00
1.607609017903128823e-01
-2.019885237540396616e+00
4.980950019030407905e-01
2.456048179090356432e-03
-4.157402895692236200e+00
1.191818866248720354e+00
-7.161916943392206969e-01
-2.744390188883480519e+00
-1.711306514797623357e-01
-1.588886261412540080e+00
4.661733600675428968e-01
3.955808920657116756e-01
3.360216387343177846e-01
-3.175350661217754000e-01
2.093123715214167735e+00
2.933488977522511476e-01
-2.197923689424511995e+00
-5.678210697516700156e-01
-1.751345269986789743e+00
3.425586395624862224e-01
-2.144603573406015373e-01
4.826156283907487854e+00
-1.329425375239494944e-01
1.413817557651316337e+00
-9.057909024898912476e-01
-2.008912333077627732e+00
9.851991837981487199e-03
3.952784026921733473e-01
1.425572924929535912e+00
1.447147363928381836e+00
-3.971243973839134189e-01
-1.246500243008573650e+00
-1.392306917274076961e+00
-6.263364696611536386e-01
2.778527418141721661e+00
1.412828770843789494e-01
-5.008372733210063599e-01
-9.262425995703262860e-01
2.906755700150247979e+00
4.044943913991060416e-03
4.665078150352800712e+00
1.587970880492261649e+00
