-2.564533141113371495e-01
5.085326755424347533e-01
2.772508166440015742e+00
1.654279129225934897e+00
9.614784186540020761e-01
-2.356850638313082946e+00
-1.302808681399451329e-01
3.619923770907311766e-01
1.598205592203925246e-02
7.961253624482973468e-01
-8.282467028208982951e-01
1.912124513168964812e+00
-1.453024769158989260e+00
3.420827768739420627e-01
1.462705555421593084e+00
-2.579700479766808829e+00
-8.962087779815660626e-01
-3.158463632050723113e+00
-8.434218144734266787e+00
3.730013468293584822e-01
-3.953559574430403956e+00
1.122892413315706772e+00
6.520115023081836103e-01
-3.972341047787069090e-01
-8.027324565901209352e-01
-2.914451355008211841e-01
-8.262274171321238869e-01
4.832407679573498260e-01
-1.239216198862541418e+00
-2.587587551412833808e-01
-2.301655812890383845e-01
2.114253881886010600e+00
3.640215515790452550e-01
-3.362129495879992103e+00
1.033979231274681609e+00
-3.302610568649201328e-01
1.031452152494341856e+00
-6.012975364558069691e-01
2.609247030959986891e+00
-6.548212894615501600e-01
1.394922767733708657e-01
-1.370983352739928718e-01
1.777741624406425469e+00
1.539984012309908445e-01
1.667906669185353907e-01
3.624854114307477726e+00
-5.234805724504550950e-01
5.197732178851430934e-02
1.097758144565786687e+00
-4.119287996273698349e-01
-2.131103716255902114e+00
-2.783699504907647615e+00
-9.929855159046048207e-01
1.213070563301079652e+00
-5.554906721239940420e-02
-1.434245999333527921e+00
1.309338769241661371e-01
3.028962353160191689e+00
8.505585155308081902e-02
4.262129066202836603e-01
2.498432934853434428e+00
3.499752578684151683e+00
-2.068897215105034715e-01
1.998271612771962413e-01
-1.587335723991318392e+00
2.390809485827695147e-01
-1.126801234201457058e+00
4.022295596723167499e+00
-2.451294383511434472e+00
-7.401943755496387389e-01
4.714174064368037431e-01
-3.591878946989311983e-01
3.305911701221691867e+00
3.034098236680060179e+00
1.735682453762815269e+00
4.103754697461150514e+00
1.271091555002991980e+00
2.803348244751016516e+00
5.465475270802059304e-01
-3.717763419724627316e-01
1.918270008643643498e+00
5.609124662154336693e-01
-4.833855756537838722e-01
1.855531539250953321e-01
-1.413790335789584018e+00
1.613836047682305264e+00
-5.470688574876486854e+00
-1.007265212810529276e+00
-3.318936667796679174e-01
8.849741346977911816e-01
1.209192299324920006e+00
-2.147475099954332833e+00
-8.649208942453179283e-01
-3.092657989281460740e+00
-1.615052974794330132e-01
-2.652641658093565780e-01
1.465156676387793011e+00
-2.594215702632986620e+00
2.639139601421041537e+00
-8.489372002155859409e-01
-2.817255176452360121e+00
7.993179530021918833e-01
1.113228573727092163e+00
2.131427732908345529e+00
3.416267720770699512e+00
3.134500924062272875e-01
-3.972993414631929010e+00
-9.291096814486240474e-01
1.705451006538251657e-01
6.076308327117091977e-03
4.829061941638036481e-01
9.411387566198478050e-01
-1.395473314322357883e+00
-4.593748136005430638e+00
-8.233386120747101522e-01
1.758916367164608807e-01
-3.245121962565823637e+00
-1.410880831683658299e+00
-2.528175315619419550e+00
-1.120077516487651748e+00
1.937717932076074678e+00
-2.272051061482342413e-02
9.123542128037878673e-02
-3.017983307216512756e+00
-2.712858731614786745e+00
3.054599544440767644e+00
-8.162169998016414671e-03
-6.815749849629189061e-01
-7.108676967160924010e-01
-1.496957944013605601e+00
-1.544205945306373451e+00
-1.172861954328440648e+00
8.186102920105349234e-01
-2.181470755839762798e+00
3.912992228502374825e+00
-6.449802210533596425e-02
-2.560785667774158725e+00
8.973843822037846918e-01
1.632777387527077906e+00
-1.225055227034521188e+00
1.224480558257338370e+00
-1.433575857964943578e+00
1.455107390885957530e+00
-7.454433857734210633e-02
-4.673806081544954694e+00
-1.545947117726166997e+00
2.708118583576494043e+00
-3.359495874015554939e+00
-3.455529261566017141e+00
3.079682803995542617e-01
1.415881546726017293e+00
-3.659168233963153161e-01
3.773051875268085276e-01
-3.305091498782254944e-01
-1.803446116406599131e+00
1.309022483653033753e+00
-1.128787259144961586e-01
-1.760957173203051340e+00
-6.351591959783043917e-01
-6.077565501011432669e-01
4.355239886810226557e-01
-5.109881448888399236e-01
8.359631787166602046e-02
6.753834541139837055e-01
-8.542970531843724347e-01
8.392180504821016740e+00
-1.758796947153066004e+00
8.163370373621510190e-01
-1.912672777142919722e+00
-1.345585651537737792e+00
2.530206904080065655e-01
4.598588378599316462e-01
-4.646008812940624066e-01
-2.288537060001198054e+00
1.321492791316676296e+00
2.653205821808806597e+00
-9.489715781001274442e-01
-1.535311108636035815e+00
-2.018843060441579240e+00
-7.345436260319526678e-01
4.512297439892196671e-01
2.865518956917986859e+00
1.090677062908125494e+00
-4.058318071248483982e-01
-6.790897020319598409e-01
4.108506076494975900e+00
-7.728445035845524225e-02
-4.438462197358498118e-01
-8.496432542200468285e-01
-9.468292112354868839e-02
-4.025657132113546477e-01
-1.795783765243050834e-01
-1.732509255835644746e-01
2.968866415518329749e+00
1.090518610474121131e+00
-1.574972795622389121e-01
-4.242055148608314674e-01
-1.332003624353884863e+00
1.898094399753237072e-01
2.623912837929212483e+00
1.500111224148534150e+00
-1.485085853545615953e+00
3.019354357724984839e-01
3.331228946865227303e-01
-4.016052833593695276e-02
-7.827264349483618044e-01
-7.494412046270770844e+00
1.377982439567840833e-01
-8.843343853492313666e-01
2.111388032106028323e+00
-1.819265628773844012e-01
-4.563730366027123342e-01
2.068914509908199584e+00
3.568270925119632508e+00
-7.380104364583135457e-01
-2.450523897927114447e+00
1.067391614105772657e-01
-7.865791676243917285e-01
-1.182088940822063755e-01
4.053573906897233181e-01
-2.958741441325777544e+00
2.135780995671441751e+00
1.514735463071852584e+00
1.619777520026191853e-01
1.990984502401617284e+00
-2.174658172139306330e-04
4.009175380108009334e-01
-1.379306820375711506e+00
2.798577550243055434e-01
-8.438625249981290821e-01
1.046920796961723577e+00
3.099737622447807928e-01
4.086263332670688087e+00
2.228064453484387641e+00
-3.902238264133761070e-01
-4.124325662302458007e+00
8.253194900839522230e-01
1.802977967272525184e-01
-1.335788859996639877e+00
-2.753296845298209838e+00
1.290918059124684270e+00
-1.542708697318398103e+00
-4.129356654501641799e+00
-5.398779098408992283e-01
4.130525210415818549e+00
-2.374174644775506771e+00
-2.524589657679748189e+00
1.507858504672387356e+00
-7.768573317788572963e-01
6.879477532152313002e-02
2.238649719034821128e+00
1.320150145300886368e+00
-6.715416129272043788e-01
3.692471009663559123e+00
9.363853164763253911e-01
1.129001234539413812e+00
2.919178063139508672e-01
2.846987853195439122e+00
2.917156090235780486e+00
-9.433342839564379245e-01
6.182218342421621493e-01
1.030310571983296786e+00
1.744068993420160529e+00
-1.221280869239414590e+00
-8.065248992165308106e-01
9.960209896968612586e-01
8.661553523416540834e-01
-2.069539649995257857e+00
-6.535513725446300271e-01
-2.106969705618357391e+00
8.889019822097942169e-01
-3.434546155065318906e-01
-2.043384114003862884e+00
1.488286109462852114e+00
2.995623990489927557e+00
-2.561355324347617923e+00
-3.735831113149060023e+00
-2.830518524803133040e+00
-3.007384366455723157e-01
1.102194174121332998e-01
-3.968920078117650796e+00
3.073117941833046540e+00
-8.838519366387797005e-01
-2.119055478990720331e+00
-4.721121559080553309e-01
-2.266158006880456544e+00
-1.448930188051097190e+00
-1.694490146475390091e+00
6.916595239589908850e-01
4.577495655309560263e-01
2.896287473859707529e+00
-1.774186002434554321e-01
-6.685962942109862084e-01
-4.538981152745801495e+00
-1.445735956929758759e+00
-8.080812633967472403e-01
1.001702022776788770e+00
-3.332907585620523694e+00
-8.611822554007270147e-01
1.875440107339111506e+01
2.453976821786173268e+00
2.093075458370990960e-02
6.403218669298871291e-01
-1.774314654405487302e+00
-5.950331366274018707e-01
5.216172217492253127e-01
-7.877222295405100772e-01
1.323736554639871610e+00
8.153088526232360467e-01
-2.377139422273886638e+00
-1.165334259418870255e+00
-4.841724219213235259e+00
6.152889020715346380e-01
-1.746348492958370358e+00
-3.135174157795608263e-01
5.349633693318341932e-01
2.217842429735213727e+00
-4.015266716985284035e+00
2.341247053852329341e+00
-9.354675990720068279e-01
2.419287496826015016e-01
-7.885390184422795545e-02
6.854710549262138519e-01
-1.647934156513195247e-01
-8.529301814168923634e-01
-7.106582936926197913e-01
-2.102691213896939360e+00
-7.125440350811335088e-02
-1.584658349405237754e+00
-8.080079650410942893e-01
9.978791863012318464e-01
6.921357093857947174e-01
1.189487093984611943e-01
1.283577754996079623e+00
3.511611873602884515e+00
6.897886078172723590e-01
3.815703014059421694e-01
1.731268310490718942e+00
1.572613398227088677e+00
4.963298123805141571e-01
1.437350338592508381e+00
1.552356701265805716e+00
-3.498250309875807762e-01
1.232289010637477755e+00
1.352272478648684495e-01
7.715196838437844429e-01
1.820168066647502025e-01
1.159337214614526657e+00
-1.021464833932377969e+00
-6.731595657318144299e-02
5.514367653565364902e-02
-7.040352339947174298e-02
-2.493688510780342593e+00
-8.308428270210570510e-01
3.522642344486002663e+00
1.371655740868425788e+00
1.115810669790648024e+00
-1.643157492018705090e+00
1.408282142091382867e-02
-5.235571401561727178e-01
4.694997603704444411e-01
1.413084038002478671e-01
-5.812687242948189059e-01
2.604452991260994277e-01
9.165496700687320031e-01
4.661943061965694302e-01
-5.806719323948875688e-01
-8.469371263270448758e-01
-6.951239597394386349e-01
-3.234496241352615153e-01
3.979157348080176071e+00
6.519087573730876217e-01
6.148171773077977520e-02
4.962308548825238308e-01
-3.613655454426212277e-01
1.678025662178100896e+00
-1.006611854939706702e-01
1.333465490765874506e+00
2.668488847035215716e+00
2.333172992902642573e+00
-2.280055664950662919e+00
-5.148337138123887380e-01
1.681423110433874213e-01
1.595365469347678422e+00
1.785026535927459523e+00
5.899694597504352434e-01
1.387451473320424178e+00
1.634854774647666487e+00
-1.965012013796826329e+00
5.674862392442874270e-01
-5.107709383339249065e+00
-1.751127764854096824e+00
-5.135052197329061929e-01
-2.389784426077265489e-01
4.899002369489127595e+00
2.142281100585753162e+00
6.041907971577763270e+00
-1.722373055574644374e+00
7.938048470856193806e-01
7.258324983309601963e-01
5.989012638454834780e-01
-1.118024439097005107e+00
-1.182028964333120102e+00
-2.013792774705620126e+00
2.491077520220931207e-01
-2.544915339094459217e+00
1.027435472600213423e-01
-8.679108335101684557e-02
-9.338133282026841453e-01
-2.927110456247932646e+00
7.462510206115082756e-01
-1.442124351313116837e-01
-3.453223759699827422e+00
6.364802157789767989e+00
-1.905053005289432944e-01
-1.730578822091447533e+00
1.761848581515324808e-01
2.535794839627649289e+00
4.037899770964678559e-01
1.477570382008639160e-01
-7.088424669601163519e-02
5.977972873202868076e-01
1.667649089095415649e+00
3.735934295151329687e-01
-2.995419253792179770e+00
-6.432400518521550481e-01
-3.005810721869291435e-01
-5.429842322086710915e+00
-3.821097050546326535e-01
-2.655149340238862621e+00
7.398377037884719343e+00
9.065286732823102378e-01
-3.060666998354065971e+00
3.678881254351360930e+00
3.883940745720114496e+00
1.512461382758666928e-01
1.280860931219899523e+00
-9.121029949745319554e-01
1.098709403281605379e+00
-3.414520157741816497e+00
3.709074105994691894e+00
-7.712731043445921753e-01
2.486474336084941950e+00
-2.756862798503422751e-01
4.058081550405513438e-01
2.136315273375369639e+00
6.133141249938701689e-01
1.711212749317905096e-02
-1.751005304819563069e+00
-6.307501684645374640e-01
3.801828156930723512e+00
-2.778335233308527608e-01
3.049161073951199619e+00
-9.341571684257901631e-02
-8.849199829060002687e-01
-3.449868459793980602e+00
2.821508856001585297e+00
1.782291078668697848e+00
4.478467148404306764e-02
-2.198572441013309842e+00
2.316320502004691306e+00
-1.885372417450267957e+00
1.195510581370414806e-02
1.416794228326690164e-01
-2.436721934226800390e-01
-8.980720053734234654e-01
1.927247323697343528e+00
-2.668854396685222508e+00
3.654747370981948577e-03
4.437016325835839159e-01
1.626806238901373325e+00
-5.403401643313742175e-01
8.740165339117933474e-01
-3.989764100813550929e-01
2.541066364976426063e-03
2.457061234343679956e+00
-8.288602491514932558e-01
-4.594846446104514093e-01
1.615348479193314812e+00
-3.555750989425703334e+00
1.375497397395574417e+00
-9.447469706736753015e-01
3.755977415332544256e-01
3.108509393200822757e+00
-2.755972084588967710e-02
6.100534271178845724e-01
-1.337614516294079126e+00
-9.105929555289596911e-01
-3.355168479000187443e+00
-1.343638363061499419e+00
2.570920821555757740e+00
-1.664863704083134666e+00
-1.516606698668758968e+00
-1.940855799662364767e+00
8.192564131991102450e-01
-1.335971887917247525e+00
3.494362830796957198e+00
1.494184126296856041e+00
9.761969072485818799e-01
2.477490038056487265e+00
4.843049981619222955e-01
-8.399428587756880837e-01
4.406077211097209068e-01
-5.728228505853484309e-01
-7.254315376801506732e-01
-1.424925739788537316e+00
-2.729034914128836142e+00
6.594158899448503662e-03
-2.250341441734844683e-01
-2.681682660212185154e-01
-1.436732056515915845e+00
3.600380941169686988e+00
2.936973197444962214e+00
-4.589796360261371611e+00
-2.335289556986103854e+00
-9.561656109015939098e-01
-9.661073328356190038e-01
-3.510339588909574093e+00
-6.438873633103001648e-01
-4.913586679276363278e-01
-1.510297441926534479e+00
-3.595930954974367655e+00
3.246447028582780447e+00
-2.568113222723209965e+00
2.097415061741709774e-01
1.298730742180577602e+00
2.004450935292358960e+00
2.012548338543485471e+00
-1.083673954242364790e+00
-3.273171030868902293e-02
-1.471922618989318643e+00
-1.479123768497224267e+00
-7.305327332461762913e-01
-3.364377335099416055e-01
1.712345292302193053e-02
-2.798808801959135728e+00
7.118639312521850560e-01
-1.314637366808512509e+00
1.907843130026802836e+00
-3.595444677829977009e-01
2.950913101030170488e-02
-8.918268781774609799e-01
1.387231575527852367e+00
-2.468496994976012271e+00
3.266305412746964176e+00
-6.395751805789566813e-01
1.059505728620173892e+00
1.254544278262825108e+00
9.551341029981267328e-01
-1.772167965278996116e+00
-1.319718493126967318e-01
1.419765138599282217e+00
-3.066856110048212347e+00
2.640914304035172355e-01
-9.228503943278072441e-01
2.983790569223183642e+00
5.542891926893972476e-01
-1.988101526680832176e+00
7.057059835850617580e-01
1.047503390474579854e+00
-1.487432837462381530e+00
1.434472071375861857e+00
8.768323436630254264e-01
-1.991902909066956440e+00
-1.096041762732296698e+00
-1.500495372860357168e+00
-3.262956157120684875e+00
1.078673880749228653e+00
1.891377038840333036e+00
1.032206468091195761e+00
-1.498509651129296794e+00
-1.392542675947952668e+00
-2.810490087873993015e-01
9.924807813237163101e-01
1.253794019401664572e+00
-1.051592928934147242e+00
-2.231488828326613771e-01
4.865780336791734051e-01
3.819064964109445626e+00
6.545379495591395980e+00
1.583551574643657256e+00
-2.620476818109746198e+00
-2.918789654624975305e-01
2.803236226366731532e-01
-1.737273513668015967e+00
-1.455807245270347883e+00
4.900537099021203602e+00
-2.025463397775562335e-01
-7.444237482944536799e-01
1.399386865801673485e+00
8.024384488046937269e-01
-1.079427528669304026e+00
2.763824797877565409e-01
-1.454989340366908301e+00
-6.607227547891930008e+00
1.306120186934144778e+00
-7.123006504634009639e-01
3.889066899000758415e+00
-1.135146745704903148e+00
2.349762841564718485e+00
3.339195460819262440e+00
-7.570308989306184788e-01
-1.210677715010894273e+00
-1.089520190276988432e+00
2.077065010059394368e+00
2.463116218315689332e-01
3.740201634045887680e-01
9.191279569242923886e-01
-1.908842887701225344e-01
4.932475242408490002e-01
-5.570294263527738599e-01
5.012553084785660307e-01
-2.535141857294137768e+00
1.195657130540334068e+00
-5.524980312540994642e-01
-1.310649979216515160e+00
8.852505567924415786e-01
2.116842296386599820e+00
1.330225947338433246e+00
4.304870428517456604e-01
-2.973322904685082868e-01
1.895296471879832634e+00
6.758275455835938139e-01
1.221187142367766931e+00
1.228866788999917636e+00
6.726587479966182892e-01
2.049202084154629899e-01
-1.641927218812757605e+00
-1.715751301583954280e+00
-2.100383143807630137e+00
2.024323324525261647e+00
1.613577482568551436e-01
-2.019305795347932975e+00
4.926751231713096812e-01
2.938199641482608197e-03
-4.188566739287706397e+00
1.191510502832759943e+00
-7.201010957170873583e-01
-2.749011065743044213e+00
-1.781373882401602882e-01
-1.588554278824105825e+00
4.661466403578841677e-01
3.951489927792662393e-01
3.342974275502890724e-01
-3.159345915554588879e-01
2.086672812392013299e+00
2.890371361547024454e-01
-2.201319607628183128e+00
-5.689245619327809589e-01
-1.756647649319321047e+00
3.400507285936003044e-01
-2.139977519007110751e-01
4.810494579350305777e+00
-1.223663920832326751e-01
1.419460323047238903e+00
-9.033406566159103424e-01
-1.997937228459046644e+00
7.289474974147355443e-03
3.932599919349572537e-01
1.444355274458004601e+00
1.449596747322614787e+00
-4.237078529362504065e-01
-1.247361745895724239e+00
-1.426375008083032192e+00
-6.241644695097493534e-01
2.764293674370928766e+00
1.418861428860161700e-01
-5.031275047866001771e-01
-9.249456123373961391e-01
2.907256191572718862e+00
-1.307638353466963237e-03
4.663543448213351539e+00
1.586125405065146987e+00
