-2.261983760872701144e-01
5.391134589494377405e-01
2.808015883354498587e+00
1.659521554251262465e+00
9.828430166680660607e-01
-2.349563837750535455e+00
-1.527164948095144914e-01
3.520557224732514534e-01
-1.241041356830292590e-02
7.889936185860926265e-01
-8.285508799244306610e-01
1.914848728376000508e+00
-1.480752863749984938e+00
3.342761433164979090e-01
1.475483279080272103e+00
-2.581548387117761134e+00
-8.802621658086022816e-01
-3.133762245313555184e+00
-8.434451239175322357e+00
3.722655004322704686e-01
-3.976068569773008043e+00
1.154400305323243225e+00
6.564663151932397245e-01
-4.107222607865851360e-01
-8.359884287160144201e-01
-2.851700772721144084e-01
-8.681470308105767586e-01
4.946240149028913735e-01
-1.255428018676475244e+00
-2.877251970382494473e-01
-2.450325680170790665e-01
2.109514041895601988e+00
3.336422667685482457e-01
-3.323789029913104986e+00
1.038753566670642670e+00
-3.359864696887677749e-01
1.037922983951778955e+00
-5.640646909042611457e-01
2.604042968211517817e+00
-6.395796326227422002e-01
1.948739385047479067e-01
-9.137466899494205153e-02
1.776138246420338573e+00
1.876760417901638389e-01
1.549829515345308162e-01
3.588746321932247962e+00
-5.369195812011016145e-01
6.339786927191587429e-02
1.110772564110139360e+00
-4.380264226504185232e-01
-2.140719147765573371e+00
-2.785829601079137685e+00
-1.000102294592205565e+00
1.218869679002112072e+00
-5.195126732358034544e-02
-1.436781543590272880e+00
1.419571045180043067e-01
3.043350871601149699e+00
1.255805246320108592e-01
4.077507310139086294e-01
2.480755553637346011e+00
3.579441813399785843e+00
-1.807913960554068666e-01
1.736862981217003332e-01
-1.602698487984978604e+00
2.555974321376691671e-01
-1.115882787063308346e+00
4.083711665473358288e+00
-2.451065436699328526e+00
-7.775928925802304548e-01
4.452709312573450151e-01
-3.618098480673934136e-01
3.323671579997488301e+00
3.010534065469654852e+00
1.742267113201553252e+00
4.213172676193417843e+00
1.265136953830073629e+00
2.817229505571136716e+00
6.032413691551811175e-01
-3.691774794015338923e-01
1.947100001369784561e+00
4.954538736832114210e-01
-4.895901712843015452e-01
1.819631415685580289e-01
-1.397947984720091741e+00
1.666598636868689365e+00
-5.463064718527960828e+00
-1.052695249791946619e+00
-3.477728347194337100e-01
8.532971522352565952e-01
1.172043343257233250e+00
-2.142572130201511271e+00
-9.012905656201671833e-01
-3.090705492011246669e+00
-1.363465364055839735e-01
-2.749518129694711321e-01
1.447817349367917394e+00
-2.564691700436660948e+00
2.688867369704771360e+00
-8.716054738252283496e-01
-2.862030574875009226e+00
7.873990802358322716e-01
1.130962255891244883e+00
2.120963750067988318e+00
3.387170101300842173e+00
3.618763458626674256e-01
-3.907747433791096459e+00
-9.271705764866645660e-01
1.915437328439275333e-01
1.899791359319497747e-02
5.705179379546695406e-01
9.361903209975096507e-01
-1.395689446707107262e+00
-4.701919701882173896e+00
-8.142130530714288827e-01
1.754666654339085141e-01
-3.248622211966040396e+00
-1.459718708855005653e+00
-2.538237323392271705e+00
-1.131295731473494826e+00
1.980447350641366455e+00
-5.846585253784716135e-02
1.097729813217705741e-01
-3.061598437676934736e+00
-2.750765989461601002e+00
3.069670913942605495e+00
-4.370838203420270018e-02
-6.574020700437247511e-01
-7.096204104840125870e-01
-1.518213948338855701e+00
-1.562290062564437143e+00
-1.233872302356032513e+00
7.858202161921936657e-01
-2.261909956462661242e+00
3.988610740003241339e+00
-6.329151234407021098e-02
-2.588286658507342963e+00
9.228165219441641920e-01
1.638209928138084859e+00
-1.233790619701762958e+00
1.252208294130091382e+00
-1.429080340636643021e+00
1.512201544184574864e+00
-7.617517697559489376e-02
-4.761177470926662103e+00
-1.589959067324508757e+00
2.751490641998511233e+00
-3.402156741216836533e+00
-3.500602316235348344e+00
3.634100324967426410e-01
1.383154408874984531e+00
-3.868406566962550586e-01
4.130145681258911572e-01
-3.305590464478838086e-01
-1.779248876676022162e+00
1.342134025669129871e+00
-1.298354151431791725e-01
-1.737050530439138596e+00
-6.289631206805795793e-01
-6.073463174138523657e-01
4.443371588001368555e-01
-4.690390466059405350e-01
7.229980390042264893e-02
6.653479089726324069e-01
-8.418239879132358716e-01
8.432112029897847805e+00
-1.792597988393794139e+00
7.865410369225184217e-01
-1.917750825120452252e+00
-1.354220629959809186e+00
2.509419101259082185e-01
4.868871430770723152e-01
-4.853275292287225762e-01
-2.315991945433476751e+00
1.321869437338061282e+00
2.689210952396887233e+00
-9.335173139930648123e-01
-1.511790066039231828e+00
-2.051667764369425662e+00
-7.372182754341822797e-01
4.555292148809382824e-01
2.902657874272962069e+00
1.075942950714034785e+00
-3.371906164212677415e-01
-6.883203145743019835e-01
4.161507126619867769e+00
-5.057218267532986172e-02
-4.481583756553880193e-01
-8.738763811108745116e-01
-6.473426384078626028e-02
-4.301676665786335341e-01
-2.067031634268813589e-01
-1.591763670158006794e-01
2.925247105548816506e+00
1.127207218233188923e+00
-2.185853968273907821e-01
-3.980866115109217840e-01
-1.302504860253425489e+00
1.643024739777077248e-01
2.642133655646736745e+00
1.538125857866682544e+00
-1.508753807913518541e+00
3.114915295976949383e-01
3.172411081905324171e-01
-1.026492947556049556e-01
-7.746615187002665603e-01
-7.488732460260871804e+00
1.305189274139059719e-01
-8.725534710428962670e-01
2.140206724615915768e+00
-2.346066695330478735e-01
-4.585481357039369321e-01
2.080499324667306027e+00
3.726200981410636714e+00
-7.307458308506825650e-01
-2.453756877444434714e+00
1.706648692220220642e-01
-7.794164206572413711e-01
-1.013220425240788369e-01
3.661323658333305309e-01
-2.973700449806876644e+00
2.128433138337936459e+00
1.467489086319490710e+00
1.768101677538878036e-01
2.061614509408518536e+00
-4.488270798873077866e-03
3.710754487336422325e-01
-1.361505089465276708e+00
2.397431661965119254e-01
-8.551599000505573089e-01
1.048178719816240889e+00
2.857479417657733944e-01
4.089217136402766073e+00
2.349594681792579909e+00
-4.319123194755744577e-01
-4.121359929765923802e+00
8.491319505231784692e-01
1.695619620170495390e-01
-1.338488290120465551e+00
-2.668338169220037415e+00
1.294973104683888598e+00
-1.529455945712302256e+00
-4.150183271434656262e+00
-5.619146000326329382e-01
4.217005302999980110e+00
-2.400967490918358926e+00
-2.629614620626339327e+00
1.631442642355316552e+00
-8.229522392420979271e-01
4.969264381704730643e-02
2.308761366143223359e+00
1.312119240463540004e+00
-5.944063321491288576e-01
3.687748123257373223e+00
9.314092824590899378e-01
1.154772806633174609e+00
2.691509178111267664e-01
2.910613833791120708e+00
2.916160075042822264e+00
-9.320857735602031680e-01
6.172580542811544335e-01
1.058601175870266697e+00
1.699107597804904835e+00
-1.243889745999879448e+00
-7.984938428676321420e-01
1.014562770404703329e+00
7.984574260811505564e-01
-2.051565594903655310e+00
-6.877209675286120039e-01
-2.076126557881664780e+00
8.648894597998851852e-01
-3.355215799495681606e-01
-2.041876709933761358e+00
1.465918043195215459e+00
3.034698675917183674e+00
-2.606312349458552724e+00
-3.730231202540860824e+00
-2.855149620586582948e+00
-3.280829979813275621e-01
1.535704196883242445e-01
-3.956414314514945296e+00
3.044924981593954527e+00
-8.910838860643500725e-01
-2.171911433345549369e+00
-4.836888930604045234e-01
-2.243985888264276252e+00
-1.515343722712247709e+00
-1.637598538344921195e+00
7.380428069979394490e-01
5.046716686659804552e-01
2.884572711876325357e+00
-1.487271688266220970e-01
-6.665887088500740409e-01
-4.546845405142859065e+00
-1.495347300353902398e+00
-7.899759031484335781e-01
1.036548251881490579e+00
-3.377330604668183689e+00
-8.895032984896676931e-01
1.876727382733018956e+01
2.455755918584904940e+00
9.279754134706473534e-02
6.458942568507571869e-01
-1.770189607925170439e+00
-6.031730151939991291e-01
5.220154741961485767e-01
-8.269212708171941317e-01
1.360297596080033200e+00
8.153830307559436497e-01
-2.427275820786273908e+00
-1.139276217620857956e+00
-4.899064108342492396e+00
5.862832441384935311e-01
-1.770425666026025135e+00
-3.277202229278273204e-01
6.018663034408527901e-01
2.129158079302485795e+00
-4.081781396464984724e+00
2.391070222184204397e+00
-9.525476860392247946e-01
2.315600353182997728e-01
-1.136658296668007218e-01
7.286067779246094833e-01
-1.580212442638294079e-01
-8.409619403276357152e-01
-7.565275447315108481e-01
-2.137431565501378028e+00
-6.448394985971914184e-02
-1.609253591989423526e+00
-8.527025498609491772e-01
9.823846507362684610e-01
8.211280733064917348e-01
1.419825057337239793e-01
1.266876046462507066e+00
3.535208079300694806e+00
6.675324877495624198e-01
3.611868474278198127e-01
1.752918856660843128e+00
1.637002165850516278e+00
4.608462114263576215e-01
1.439099654899385072e+00
1.553896630997385842e+00
-4.058443298497674823e-01
1.242394837666601193e+00
1.561559610519449304e-01
7.122667447851810385e-01
2.027849237134332627e-01
1.188307199930603852e+00
-1.011388156930768778e+00
-1.571814818368695924e-02
8.026102838889108415e-02
-1.407271161105125012e-01
-2.541026228819972754e+00
-8.005579125682126262e-01
3.569751522694299961e+00
1.403441749106642211e+00
1.120671748961094671e+00
-1.610693618080190292e+00
1.384981099031347071e-02
-5.210795474121403537e-01
4.769628290556443551e-01
2.055821516219430711e-01
-6.623414160310019394e-01
2.447162137859744679e-01
9.132283654246374782e-01
4.735176965476437516e-01
-5.618964519244166178e-01
-8.182647307167272288e-01
-7.362639733814737575e-01
-3.234948478859939192e-01
4.071544852388473856e+00
6.568872354800787683e-01
2.798224470810686468e-02
5.141480315389086453e-01
-3.591671638530216093e-01
1.760112370712397123e+00
-7.676502317390114169e-03
1.310910838175515014e+00
2.697017439338581735e+00
2.342528436185406626e+00
-2.199154258214027990e+00
-5.368717014705145507e-01
1.749022280369023630e-01
1.635538514760835005e+00
1.786980923666934729e+00
6.402311926408155163e-01
1.461470110568084291e+00
1.664572091861405978e+00
-1.948538930756144705e+00
5.653625001839492903e-01
-5.158940402348791920e+00
-1.805759158130104458e+00
-5.260187456789933158e-01
-2.770637395396123859e-01
5.056002576058463482e+00
2.119651289177410636e+00
6.102771137516339373e+00
-1.714929846429304572e+00
8.162203714374538510e-01
6.712504451407707018e-01
6.179357251668282647e-01
-1.132944801012271130e+00
-1.218611342108027129e+00
-1.993409257330022832e+00
2.754648599547483423e-01
-2.600102083630831729e+00
9.578717083219688566e-02
-1.022200870634312614e-01
-8.858592991945229977e-01
-2.932233866262150102e+00
7.771749998050637709e-01
-1.266319102507478811e-01
-3.471272526423952343e+00
6.438897421859365977e+00
-1.806860974307306911e-01
-1.747219953405172443e+00
1.867555179676573252e-01
2.549633450221081343e+00
4.484919134867744184e-01
1.585669632467873458e-01
-9.008492556930294826e-02
6.060721674761647693e-01
1.620032627907783240e+00
3.659152266474216542e-01
-3.016352866244147890e+00
-6.538938723050049528e-01
-3.509595943113898442e-01
-5.503043145482705789e+00
-3.740591782381473274e-01
-2.675144967033888044e+00
7.425832539322494874e+00
9.220035140927493877e-01
-3.055870768022734829e+00
3.696844421276379133e+00
3.863854210416814983e+00
1.148613577065874664e-01
1.236034736157514358e+00
-8.962643335335126471e-01
1.073125202999829941e+00
-3.466925873685637871e+00
3.770005962542125832e+00
-7.692070314136870701e-01
2.611804080849716492e+00
-2.455495005384586427e-01
4.130740704974618094e-01
2.157285986999498029e+00
6.520789210570409056e-01
-2.476572586515009625e-02
-1.815604108858511978e+00
-6.350909001995590497e-01
3.799796933768992524e+00
-2.875686081314380860e-01
3.066372856439657735e+00
-1.000200351453678221e-01
-8.723571090516661908e-01
-3.448036638619151439e+00
2.840130594169487210e+00
1.655435899262004629e+00
4.685209323117547203e-02
-2.250569165951285200e+00
2.296065655925831894e+00
-1.878683890953076530e+00
1.216393999574352444e-02
1.451823727754015525e-01
-2.313990622552545007e-01
-8.414762188972919610e-01
1.927451284025594402e+00
-2.679076044171368132e+00
-1.060315622238104140e-02
4.831640414575934517e-01
1.519794786854349100e+00
-5.539414764922944157e-01
8.834708999162089738e-01
-4.193191796007343930e-01
6.178570481102246131e-03
2.444240826835076152e+00
-7.903792274808036922e-01
-4.266070199651380568e-01
1.618356553500554851e+00
-3.595719509067122566e+00
1.411278509669063874e+00
-9.301684351423996633e-01
3.465318082795726951e-01
3.049400887068546950e+00
-4.998920966645024194e-02
5.974048222542004405e-01
-1.320886092541131651e+00
-8.142814929013824088e-01
-3.443621281673832080e+00
-1.338761308894316215e+00
2.596124056217599119e+00
-1.697759617941709154e+00
-1.551242993291795269e+00
-1.945508505079343475e+00
8.319096522837464702e-01
-1.329903820172491313e+00
3.465898821863397483e+00
1.448275206799633175e+00
9.855223934578200007e-01
2.486245650351647463e+00
4.966799075229708094e-01
-8.498281236248564907e-01
4.082096499561200798e-01
-5.908485905547361527e-01
-7.527858627873191821e-01
-1.362650042204267109e+00
-2.814088227244002649e+00
2.396799018869478007e-02
-2.128684132782769911e-01
-3.087976051312692483e-01
-1.466473340848376994e+00
3.669066285703602937e+00
2.960180481374539596e+00
-4.781462225282576028e+00
-2.397722133875727302e+00
-9.370548354549058656e-01
-8.608730309202660136e-01
-3.516167683750764272e+00
-6.515055329166502540e-01
-5.011782757146329148e-01
-1.513788125402594442e+00
-3.583312535204223437e+00
3.270990264443859541e+00
-2.577038399240421107e+00
2.203005383878932355e-01
1.266080512344372355e+00
2.011625970083275039e+00
2.020304438601835173e+00
-1.094357211809092290e+00
3.496463725565807784e-02
-1.525957023386869116e+00
-1.462255572127036940e+00
-6.536472326430817770e-01
-3.202049799004103581e-01
2.340060783653851589e-02
-2.841059605753081474e+00
6.427687778765102111e-01
-1.320310070226586641e+00
1.944295389143034125e+00
-3.784181612136149342e-01
4.360010290125049259e-02
-8.753682713193781106e-01
1.424760825449798540e+00
-2.501059029121414756e+00
3.221374079241511978e+00
-6.291188990750528065e-01
1.057700491399870879e+00
1.245631731195483871e+00
9.851672924398428011e-01
-1.771954527925419409e+00
-1.688200902195184094e-01
1.405344474214069272e+00
-3.070986709429565309e+00
2.356151444484514412e-01
-9.590770286204249873e-01
2.924722255027359274e+00
5.562310519766188177e-01
-2.012709727887263877e+00
6.603081523599271252e-01
1.080329340525645776e+00
-1.537107437532798881e+00
1.403314849570286738e+00
8.931382856503000678e-01
-1.977722273796265418e+00
-1.091600920454944168e+00
-1.563101038944254562e+00
-3.352653912358205979e+00
1.076572513889178628e+00
1.887327486121123998e+00
1.103262116863989561e+00
-1.523075412225527225e+00
-1.421379588451098241e+00
-3.006519996934652883e-01
9.652165229083319309e-01
1.275246973320489641e+00
-1.056331804268916708e+00
-2.508262276751254127e-01
4.775671295798235017e-01
3.785623303005605234e+00
6.667564600041492540e+00
1.549204295594006853e+00
-2.654847074735945611e+00
-2.589868855760871225e-01
2.942322315715000247e-01
-1.798471213026936022e+00
-1.481355234976306390e+00
4.939855780595796553e+00
-1.523828867960934363e-01
-7.221537657886044625e-01
1.445932475305174547e+00
7.900400189607990065e-01
-1.102682404063742183e+00
2.642425497284686120e-01
-1.435537512279936978e+00
-6.663639109145091055e+00
1.334088483285513549e+00
-6.498123660405848989e-01
3.877300524543122684e+00
-1.120989633710971489e+00
2.376241473407858074e+00
3.301422099924070430e+00
-7.601350311161397810e-01
-1.229076168357053911e+00
-1.121068455707925349e+00
2.073580710869888932e+00
2.886761751307141965e-01
4.224478509193822506e-01
8.811525237225483753e-01
-1.845774286436964451e-01
4.747852004034215923e-01
-5.815807685474584376e-01
5.123998419208499744e-01
-2.543431459608616496e+00
1.187578247760747052e+00
-5.925014482767758661e-01
-1.293682536563089513e+00
9.052023145610903487e-01
2.120891325799138194e+00
1.386014923330177506e+00
4.242496118392292681e-01
-3.076720268887818133e-01
1.903047267464913483e+00
6.610157362616524424e-01
1.236467681986795242e+00
1.288529945550949352e+00
6.923792992692862081e-01
2.348372554595471451e-01
-1.756384276779159759e+00
-1.709384037185746497e+00
-2.135277679883689661e+00
2.155634792340486161e+00
1.104171812323335722e-01
-1.989084697089225529e+00
4.823163027761051547e-01
2.617896789632073035e-02
-4.173439580751682421e+00
1.244429151901293107e+00
-7.253827121247929943e-01
-2.734610038227016648e+00
-1.803080935772857774e-01
-1.557918453473527309e+00
4.234484175326965194e-01
3.640868961918461988e-01
3.661777455227859246e-01
-3.138980871916343673e-01
2.077916710259474442e+00
3.315976511291353068e-01
-2.265954428466113946e+00
-5.403655386174783803e-01
-1.726676060845167449e+00
3.332026032753057088e-01
-1.990249379549802744e-01
4.833935300448871430e+00
-8.875624097280047919e-02
1.423753162844999975e+00
-8.993375830928612702e-01
-2.109444672685256705e+00
2.252311035512067836e-02
4.304520198936943043e-01
1.481147490819616719e+00
1.448719713327297542e+00
-4.527698503073493974e-01
-1.241364236780463370e+00
-1.415301310058432849e+00
-6.536607745274103376e-01
2.743750900149713345e+00
1.641363319432256607e-01
-5.184955654752182452e-01
-9.147469676527806293e-01
2.873780206651927571e+00
-3.417383231288115275e-02
4.693117656636852431e+00
1.580882617075559216e+00
