-1.704970780021591026e-01
6.058195810837877504e-01
2.840384360971488054e+00
1.670883458517341547e+00
1.028151963272799785e+00
-2.294084624227342939e+00
-1.994315259719329769e-01
3.360685044119565701e-01
-6.892564800411669912e-02
7.668911359761526603e-01
-8.653396507683724925e-01
1.909899711142107437e+00
-1.540455846944228213e+00
3.169396269960457202e-01
1.497370071692744053e+00
-2.580619998039658913e+00
-8.451775791045056385e-01
-3.070375442782065978e+00
-8.574477262723180004e+00
3.687442147338569343e-01
-4.022341452289428076e+00
1.220578184594244942e+00
6.741970545362794276e-01
-4.514128982657359956e-01
-9.026466377689733589e-01
-2.819312862596836111e-01
-9.189051942367241210e-01
5.119746162223949293e-01
-1.286404144270143934e+00
-3.239747112163163245e-01
-2.321029117437251044e-01
2.106171561603577658e+00
2.785221883731448522e-01
-3.250278987920503848e+00
1.049917219736404617e+00
-3.524865084102924984e-01
1.055928246891569389e+00
-4.705616776623632869e-01
2.590155747614323989e+00
-6.062659732765723897e-01
3.281774122585628950e-01
1.699291070485336314e-02
1.772511610580371100e+00
2.268033639535574908e-01
1.449593073344339900e-01
3.511153337253011486e+00
-5.673765106801016422e-01
9.179122256606810082e-02
1.135684773463824460e+00
-4.898704720367169640e-01
-2.162482129641336570e+00
-2.794968521022227925e+00
-1.013149932735889935e+00
1.229003568214811493e+00
-3.388636693894810786e-02
-1.443849673837657832e+00
1.612250204916565455e-01
3.067938145195196586e+00
2.024482569664903253e-01
3.720459420212342549e-01
2.448092819099460193e+00
3.730591933446512964e+00
-1.264216261412524633e-01
1.384753563149246358e-01
-1.628922869036614207e+00
2.929200123969570302e-01
-1.095141395115553085e+00
4.215099494723953732e+00
-2.456483509706826052e+00
-8.499667637604210180e-01
3.879071768169110590e-01
-3.666050284331773268e-01
3.350147220523253644e+00
2.958268833607844428e+00
1.760708660820428539e+00
4.425242928264241371e+00
1.248105250624106599e+00
2.854302152135678394e+00
7.144506778705657091e-01
-3.559925198910158795e-01
2.002493866692742763e+00
3.683393273058539474e-01
-4.903611455768265848e-01
1.737870835252569024e-01
-1.364892230327354961e+00
1.803627854911338702e+00
-5.447401151585183676e+00
-1.150584367111134876e+00
-3.754552824695293611e-01
8.081617537541218033e-01
1.102092296418243578e+00
-2.128802564190904079e+00
-9.664351135949091898e-01
-3.085884167828917946e+00
-8.755816284155316931e-02
-2.959462834618816762e-01
1.412310164678294511e+00
-2.507954011588530374e+00
2.779784452911710169e+00
-9.086504276125071389e-01
-2.954926426691432351e+00
7.750111378230259973e-01
1.166337167144750442e+00
2.113082760479740418e+00
3.331255002511007035e+00
4.613903569377594827e-01
-3.824380516975388833e+00
-9.229752730787725845e-01
2.372184037277554614e-01
2.589170661952316585e-02
6.212657865105096766e-01
9.137944532566723010e-01
-1.392975521057741917e+00
-4.913912897078808406e+00
-7.941751105464009974e-01
1.766517064998656406e-01
-3.248498865265293745e+00
-1.541283154685068491e+00
-2.575165505859348780e+00
-1.156937395839620963e+00
2.074978598321310042e+00
-1.476016414058594073e-01
1.438243871973062804e-01
-3.120503154916548727e+00
-2.821419991809526184e+00
3.099428454994389348e+00
-1.140013572716133544e-01
-6.034453987459097446e-01
-7.077390692595013633e-01
-1.561466249249021443e+00
-1.609201768723262704e+00
-1.356523926799828805e+00
7.227517231976328116e-01
-2.426857411695001243e+00
4.119285523722428621e+00
-6.815798343411744176e-02
-2.640679634217919514e+00
9.832560332976613138e-01
1.649224387889011822e+00
-1.251086037072600021e+00
1.299516994681649829e+00
-1.405774547502250282e+00
1.622112103204780942e+00
-6.986628174106845890e-02
-4.939665270082499227e+00
-1.672284874558710221e+00
2.837200777695874976e+00
-3.498935455020716123e+00
-3.636905308738310971e+00
4.836239937226429753e-01
1.315569964533768399e+00
-4.132706432536149554e-01
4.865319621806238892e-01
-3.310322064641962325e-01
-1.722799357599257064e+00
1.390214288944928933e+00
-1.664288636961916701e-01
-1.691456949796869891e+00
-6.102435397425930441e-01
-6.095276160236982044e-01
4.630200996571098848e-01
-3.952871898753682611e-01
1.908826640589282239e-02
6.442700619259409400e-01
-8.162091937400184349e-01
8.511361155686648416e+00
-1.861221089539815576e+00
7.237377284409385325e-01
-1.931339855247222737e+00
-1.371066599688136378e+00
2.439105054015059948e-01
5.365509192678231676e-01
-5.351874950738672032e-01
-2.347333742598794792e+00
1.319128526725918071e+00
2.755021309213431913e+00
-8.988410542260605318e-01
-1.458977479168046543e+00
-2.114530129132027980e+00
-7.447429433427827927e-01
4.732503487883925053e-01
2.980760655776971912e+00
1.035697008666510488e+00
-2.012115996938923512e-01
-7.081430248917304215e-01
4.333770786065254121e+00
1.774039965427658821e-02
-4.620433829914489809e-01
-9.233189141937372391e-01
-6.410889290213611300e-03
-4.819025334944991856e-01
-2.601396428742120959e-01
-1.300654780417706269e-01
2.850503919282891818e+00
1.228798065485740665e+00
-3.256211361795134374e-01
-3.461347231572273198e-01
-1.247608697534113631e+00
1.141390738379604169e-01
2.692361085768525175e+00
1.607284315466530167e+00
-1.559295615829547899e+00
3.296515431615907321e-01
2.962006018061107415e-01
-2.108540239931644411e-01
-7.546535296190652886e-01
-7.462758579378199641e+00
1.147889479721670158e-01
-8.579083107941013475e-01
2.191821055602444890e+00
-3.417645823469284694e-01
-4.627194681146384325e-01
2.128465298377541171e+00
4.090102908838098017e+00
-7.180760147060032406e-01
-2.459323458518869021e+00
2.835686610000303642e-01
-7.546682310796899440e-01
-6.363211802024207331e-02
2.814720264327741917e-01
-3.009869660160091609e+00
2.122034054920276969e+00
1.362859382119318452e+00
2.118133949034252395e-01
2.201714007071143175e+00
-1.221061764462427930e-02
2.833398118328639415e-01
-1.338437760782908548e+00
1.662171545013106932e-01
-8.789396651419699724e-01
1.052695763797717232e+00
2.424296247210410704e-01
4.092145089883142184e+00
2.600377565004384106e+00
-5.104488908099252820e-01
-4.108038890261788367e+00
8.962538778601633060e-01
1.533020001981166003e-01
-1.345027135440540755e+00
-2.513973447035991793e+00
1.306003198184945591e+00
-1.489350719646193477e+00
-4.194034904105020445e+00
-6.017600723703783183e-01
4.384670255819423268e+00
-2.445936122927482526e+00
-2.837994043137943567e+00
1.864900861927957010e+00
-9.000152542215834606e-01
1.494754946538215910e-02
2.440031138110188902e+00
1.294537146708128583e+00
-4.900336489946663932e-01
3.671958670876660502e+00
9.251538686673304035e-01
1.217169665215450891e+00
2.256694478572701390e-01
3.055969513188690367e+00
2.915046373305624439e+00
-9.176431409665727346e-01
6.198684110249633727e-01
1.120972778628239075e+00
1.605750983163558354e+00
-1.266339339815663489e+00
-7.898483734196944939e-01
1.053584965530607764e+00
6.672706367440912611e-01
-2.012414535154560813e+00
-7.517266442353467415e-01
-2.017514796925148790e+00
8.304853376433656287e-01
-3.312390008727605917e-01
-2.038411270256501151e+00
1.456844945871128782e+00
3.105141323069891435e+00
-2.698926599801673820e+00
-3.728071794291514696e+00
-2.907331718535946408e+00
-3.555851115187937395e-01
2.408312073894051386e-01
-3.876171510407574683e+00
2.985491377349136055e+00
-9.211849201347623861e-01
-2.257932067932201470e+00
-5.042898602674932285e-01
-2.201768470831203306e+00
-1.647153682388289964e+00
-1.514324791459495501e+00
8.267343985390590566e-01
5.882322703254831975e-01
2.868077006899082626e+00
-9.291213044449427028e-02
-6.653436397795958746e-01
-4.565769535809022450e+00
-1.603229462343576106e+00
-7.535924827531234049e-01
1.086933875151973927e+00
-3.466336789350776382e+00
-9.541590843474478945e-01
1.877496635766782873e+01
2.455947787973437269e+00
2.445878813325421119e-01
6.552396785547890401e-01
-1.761314498398981243e+00
-6.249219362428849456e-01
5.206345796044458130e-01
-9.023273968648978238e-01
1.438434507339171331e+00
8.126192472302363745e-01
-2.529421233420838355e+00
-1.084777570565146565e+00
-5.011366304711954101e+00
5.288539097799361821e-01
-1.833811718745666841e+00
-3.527208624783864654e-01
7.416009186664742625e-01
1.969342872527043209e+00
-4.226529891844454490e+00
2.486623718243143877e+00
-9.923347826812942696e-01
2.119002444187094714e-01
-1.792449612577197426e-01
8.116348347023397691e-01
-1.423899393451664441e-01
-8.164628407295295709e-01
-8.323632333442694264e-01
-2.180970472880097155e+00
-5.217281925786592528e-02
-1.661562128787192449e+00
-9.458350380777211797e-01
9.504463312443214296e-01
1.111459563105467785e+00
1.858156306423728865e-01
1.254014221450864497e+00
3.588321755305803773e+00
6.253763787326245271e-01
3.221098311772173095e-01
1.794382362418610155e+00
1.765096854766951218e+00
3.923322723511264987e-01
1.452641534531223799e+00
1.566654396206985433e+00
-4.942075797922744762e-01
1.263591109664340628e+00
1.982731565180180233e-01
5.825782886811297079e-01
2.488518200185657059e-01
1.232477549453973031e+00
-9.954330634024126656e-01
8.654418957461146311e-02
1.262452082915958840e-01
-2.820346695520232205e-01
-2.679857322342174886e+00
-7.130064815086115670e-01
3.664918313208582745e+00
1.466512205387865198e+00
1.135712356399770195e+00
-1.544782351228451311e+00
1.031167377709661485e-02
-5.257980636222316928e-01
4.891597046269733351e-01
3.538484005355633233e-01
-8.168121692375663878e-01
2.157793100127927688e-01
9.034081659120127838e-01
4.828821845693274106e-01
-5.302071701892434596e-01
-7.604763349530373473e-01
-8.189670973768047313e-01
-3.226349807931844782e-01
4.253596534354445069e+00
6.647440683839627162e-01
-3.556024218991252900e-02
5.504411991397565318e-01
-3.536937314130409460e-01
1.916091827385190571e+00
1.819291655598190560e-01
1.285706210249908832e+00
2.752507179364314105e+00
2.376066539528433719e+00
-2.039923805690012415e+00
-5.685092448085813377e-01
1.899832256578895817e-01
1.712690723804390025e+00
1.814984714536648447e+00
7.066348098739023698e-01
1.608977137087158171e+00
1.727945403587102913e+00
-1.911135863832757353e+00
5.650628790800769075e-01
-5.229524467299766499e+00
-1.896402955518009970e+00
-5.531806278869710880e-01
-3.513004249058464534e-01
5.261840362045953512e+00
2.077827987369275320e+00
6.194614705168092428e+00
-1.694585882381441255e+00
8.603826706332595720e-01
5.710164266217401252e-01
6.586215266154162862e-01
-1.163427020397149292e+00
-1.291676625613030760e+00
-1.952217862065229737e+00
3.289796314943893019e-01
-2.691773516238147312e+00
8.261346291074291026e-02
-1.335433733257592737e-01
-7.866749358011297932e-01
-2.925178984723343145e+00
8.512593455918979757e-01
-7.278267854266454173e-02
-3.475967843775439992e+00
6.588916248838509127e+00
-1.504073982713702851e-01
-1.778921615658332511e+00
2.088208787505147490e-01
2.582395820444671752e+00
5.324602381427280262e-01
1.855484358996909999e-01
-1.234082805305815322e-01
6.258580995926449342e-01
1.517624132742046994e+00
3.631800923809531678e-01
-3.057221078721572116e+00
-6.891713889947426175e-01
-4.667035114081000691e-01
-5.650679786299270368e+00
-3.489253274509941383e-01
-2.712915598285384533e+00
7.470949532557469297e+00
9.546921042972028593e-01
-3.047597217943999404e+00
3.720162581088643172e+00
3.819546293324405095e+00
5.473277838077156981e-02
1.147675351173699010e+00
-8.596993583222600765e-01
1.027680988319735089e+00
-3.582824372637255284e+00
3.876667419935122538e+00
-7.675977068968795614e-01
2.858098506062895172e+00
-1.836739644952785355e-01
4.389926900439389823e-01
2.185215532936789273e+00
7.177937968181131723e-01
-9.902732827986104880e-02
-1.959004600393700724e+00
-6.565684920853727125e-01
3.789004876190589233e+00
-3.003085099161602600e-01
3.096779939807976945e+00
-1.154357766872906588e-01
-8.463288859543768305e-01
-3.443165006700310116e+00
2.866801918618106182e+00
1.446325458593654023e+00
4.858178692914744828e-02
-2.341134565537555279e+00
2.277725069048547546e+00
-1.864582198676682623e+00
2.219619061363013041e-02
1.584298229460764096e-01
-2.086074800538295915e-01
-7.337485195214872302e-01
1.925960921996665798e+00
-2.696378119603910495e+00
-3.693435898132382128e-02
5.610677339952067078e-01
1.309844860251255128e+00
-5.832800226391268161e-01
8.880731071691964074e-01
-4.590037829350726573e-01
-5.739955348778563032e-05
2.422128362444336602e+00
-7.255184333165364263e-01
-3.604917253278498435e-01
1.640140655357676946e+00
-3.676848666957523104e+00
1.476486432199143106e+00
-9.024765804864057772e-01
2.836060590566217843e-01
2.941121278903057412e+00
-9.530054826145409330e-02
5.729740461255800055e-01
-1.292733901743448266e+00
-6.207284166378170820e-01
-3.514506777511077651e+00
-1.335186642382686140e+00
2.588561724170500344e+00
-1.774945194144027072e+00
-1.607933858769908575e+00
-1.951346169609800008e+00
8.576971034211674505e-01
-1.315201479042657828e+00
3.417059812277123410e+00
1.368698725105242264e+00
1.006471801992223858e+00
2.504714122456132674e+00
5.251415080258663437e-01
-8.746316966508818069e-01
3.535149266473064378e-01
-6.217246943281582450e-01
-8.039376851335523488e-01
-1.237323680995800812e+00
-2.993327859424566917e+00
5.911246097410131906e-02
-1.889074838331687989e-01
-3.883026891537669778e-01
-1.525258178246952756e+00
3.786697987537285037e+00
3.006755894073890545e+00
-5.082367991211000913e+00
-2.520146255157709625e+00
-9.129618144681745928e-01
-6.490661102738660704e-01
-3.516606039414748253e+00
-6.657373097238873383e-01
-5.207720527297864388e-01
-1.509870651325412538e+00
-3.590103741668092763e+00
3.318466473545150119e+00
-2.606635812920139461e+00
2.339485313798032318e-01
1.204277515353876948e+00
2.042011978918266912e+00
2.033819764470216729e+00
-1.114888100477178234e+00
1.943094947980557596e-01
-1.639690922704051923e+00
-1.436078874224326674e+00
-5.108243642928027572e-01
-2.882083782266596783e-01
4.347849165440588470e-02
-2.925791858021377312e+00
5.005522158402565536e-01
-1.326736066613538600e+00
2.017152021242205606e+00
-4.226561398402519654e-01
5.329222877603149305e-02
-8.406333508659807885e-01
1.480789233166958319e+00
-2.551013397567350793e+00
3.151194067376314134e+00
-6.064620055101961338e-01
1.059862542596827995e+00
1.232209703099813147e+00
1.047732569768425437e+00
-1.783626376498704369e+00
-2.450267818381632601e-01
1.367183445540798292e+00
-3.082086215808927498e+00
1.684764905269711954e-01
-1.026500659940436933e+00
2.831604951934512560e+00
5.593418113245853807e-01
-2.082690801307056194e+00
5.830783344539102186e-01
1.151407389057339747e+00
-1.632559514340795603e+00
1.338264069551077018e+00
9.119955921320156422e-01
-2.003108556390396977e+00
-1.082724930831932886e+00
-1.656595812939682277e+00
-3.537705744470942104e+00
1.078884548357092132e+00
1.877148929072870231e+00
1.240368400853283593e+00
-1.567098606491433621e+00
-1.499481143755468482e+00
-3.380522307255491299e-01
9.197742902295423795e-01
1.312999629411652602e+00
-1.050119018776620061e+00
-3.081631783112114276e-01
4.594600958573774596e-01
3.712787769526758819e+00
6.907857393825342029e+00
1.484567104673230276e+00
-2.723838452148781730e+00
-1.995948161525687437e-01
3.206071607023642245e-01
-1.908954548590527711e+00
-1.539726139812401140e+00
5.015337617458792252e+00
-5.586910249159230540e-02
-6.885654198001358584e-01
1.554166707823146476e+00
7.470193461023404424e-01
-1.154671711535480316e+00
2.237362888628421365e-01
-1.382627983151966333e+00
-6.795374508303507533e+00
1.388525970508108998e+00
-5.295649331596121723e-01
3.843797863598407361e+00
-1.095201780781505096e+00
2.428388722399936750e+00
3.213352702158500218e+00
-7.411577894080199069e-01
-1.269013106646173838e+00
-1.181486131083964386e+00
2.046713022409187399e+00
3.699362901716357066e-01
5.039346033466138852e-01
8.097284696494752021e-01
-1.662415750148152072e-01
4.382156288528439858e-01
-6.301720898724433306e-01
5.414835183495312343e-01
-2.564125552204521874e+00
1.186125519299411346e+00
-6.715585380434880847e-01
-1.284563122724569295e+00
9.424478198334200751e-01
2.137009017094634977e+00
1.496480309579592216e+00
4.031219209763559630e-01
-3.260984685087822132e-01
1.924476695809087534e+00
6.484315839470269349e-01
1.267170333875021315e+00
1.412136841046730540e+00
7.126758748117505426e-01
2.904865010382052248e-01
-1.967329147991875304e+00
-1.712088246201802333e+00
-2.207191393151822112e+00
2.431951209697662541e+00
9.352775772182492231e-03
-1.910186623564057662e+00
4.605426296432582611e-01
5.689489395340290023e-02
-4.162782493571417497e+00
1.345789544422008710e+00
-7.332830434674848519e-01
-2.717085029203481827e+00
-1.892196074679327322e-01
-1.497479133037814325e+00
3.381910681714047628e-01
2.967791654700647763e-01
4.296640508064244468e-01
-3.149605149558029615e-01
2.059108902622627912e+00
4.249239789094358954e-01
-2.383801245262764823e+00
-4.913592973451280654e-01
-1.675503790917998392e+00
3.188915301427210913e-01
-1.692217809460327127e-01
4.891706328444206164e+00
7.881093464117645830e-03
1.440680147140517509e+00
-8.969564047177776001e-01
-2.316525148310166760e+00
5.285459054190391054e-02
5.018594028349745439e-01
1.575577703582710321e+00
1.457065781750095601e+00
-4.987756847075132116e-01
-1.230488987440552462e+00
-1.362366602239482916e+00
-7.071503397464425911e-01
2.712620486673865017e+00
2.130598868545104108e-01
-5.534552974294901784e-01
-8.933545710791211958e-01
2.809855302103906105e+00
-9.045599007134812186e-02
4.745944343980427860e+00
1.620518412215786963e+00
