-3.328224380466982546e-01
4.385669979754213688e-01
2.705700845699805512e+00
1.695792348857353193e+00
9.455846150677660322e-01
-2.363761282572318212e+00
-6.820822974268513084e-02
3.629820592473008700e-01
1.723387952828991931e-01
8.444517784226005519e-01
-8.378821114405424764e-01
1.922180932228311656e+00
-1.338704591351542739e+00
4.099896320490739043e-01
1.434394633125960272e+00
-2.609915443155040204e+00
-9.488572600428880621e-01
-3.211500420201429229e+00
-8.340478000892224131e+00
4.141211254211664139e-01
-3.860635464024974706e+00
1.075740777124066128e+00
5.857191818909648351e-01
-4.147169247874308295e-01
-6.824435060122320262e-01
-2.961019312341424126e-01
-7.838910158487869539e-01
4.833200417279535643e-01
-1.156247560890210524e+00
-2.629434747890249668e-01
-2.716560748573430550e-01
2.102196271086517410e+00
4.381852454620309145e-01
-3.514194056937603783e+00
1.022877954588512051e+00
-2.827712793206464403e-01
1.106512391756744096e+00
-5.986685326756928660e-01
2.537659506197542658e+00
-7.028705557317963537e-01
1.278629295414651602e-03
-2.915206535411144495e-01
1.782548741627993039e+00
1.243916063888261397e-01
8.801938835988615262e-02
3.703210319113237059e+00
-5.055627361173896661e-01
-7.287231731211320576e-03
1.079129986105998862e+00
-3.741683814128461405e-01
-2.095538245823677315e+00
-2.819625934901348163e+00
-1.079029572144682536e+00
1.147952635093840490e+00
-8.524704628513588012e-02
-1.452708786967998433e+00
8.183769219991471333e-02
3.000700022828670654e+00
6.244986732798620682e-02
5.229212625399983772e-01
2.529086013966070023e+00
3.370873574888902269e+00
-2.589799813884966495e-01
8.782303154393074351e-02
-1.516138804764322279e+00
2.168387516352593414e-01
-1.150632700394193408e+00
3.831080168001864461e+00
-2.405870121956027674e+00
-6.215084137196491554e-01
5.613018333802007875e-01
-3.102972249807299243e-01
3.279362046548671028e+00
3.176000733982047741e+00
1.701806131402547884e+00
4.066542511154731976e+00
1.213902158000176534e+00
2.720097433731960113e+00
4.040019687576195118e-01
-4.971610385367052354e-01
1.864448392754698647e+00
6.992595042445202136e-01
-4.441919742574598762e-01
2.112864159399020225e-01
-1.456626343269769919e+00
1.488000945950096687e+00
-5.541120412005884788e+00
-8.331237300052815042e-01
-3.115821017738529264e-01
9.067543844251508833e-01
1.358814626526975156e+00
-2.240353340892529133e+00
-7.464042959297717550e-01
-3.106651444510026838e+00
-2.506712528590473998e-01
-2.313613151775629484e-01
1.529580498232072427e+00
-2.713410960030118169e+00
2.486580028364568928e+00
-7.058587275790798587e-01
-2.647660034035861365e+00
7.793851932314430631e-01
1.094773024038878662e+00
2.170115533633507177e+00
3.569552960258051577e+00
1.295350659515252245e-01
-4.168601906345474895e+00
-9.232679851792977566e-01
9.634958787935442304e-02
8.406870307000986753e-02
3.380362374170874373e-01
9.947682096599179680e-01
-1.377992860762022431e+00
-4.333111069578733598e+00
-8.403141885218813334e-01
1.578434480074688284e-01
-3.251870953905990014e+00
-1.352867789544966337e+00
-2.524649295126422555e+00
-1.031808371983782502e+00
1.721649361920458476e+00
9.971623102891488677e-02
2.324073158751685172e-02
-2.971240636491385256e+00
-2.704353327581869859e+00
3.004681405559328944e+00
8.084741673155564079e-02
-6.986243190714402918e-01
-7.011807035417814138e-01
-1.486586552676696815e+00
-1.404687873911587559e+00
-9.841928051584333259e-01
9.151670506752190848e-01
-2.006017513835586463e+00
3.635973718993673831e+00
-5.235959967611087708e-03
-2.477887031822496589e+00
8.469108954879293050e-01
1.637401751548992701e+00
-1.208734764828790276e+00
1.320796634732962493e+00
-1.521943473908478062e+00
1.369056325758222448e+00
-1.062396517450365646e-01
-4.552729955243407289e+00
-1.504550079489008985e+00
2.580433424324066305e+00
-3.139192768685710622e+00
-3.111155007108690640e+00
7.754621619629664675e-02
1.503456513009254314e+00
-3.598469033574975273e-01
2.701141070483197293e-01
-3.492379810898127435e-01
-2.047252141658200131e+00
1.260349479497359093e+00
-6.396597556769113846e-02
-1.949100945743501123e+00
-6.221132254112526905e-01
-5.960078776981811988e-01
4.496833137536830338e-01
-4.872701738076128941e-01
1.880050470429524001e-01
6.958526967720003453e-01
-8.402859179412566215e-01
8.313630606834601977e+00
-1.704485420016722319e+00
9.352689041692554550e-01
-1.891447113204669295e+00
-1.289612539702803318e+00
2.540410529658346794e-01
3.703492398537545638e-01
-3.990168564686958907e-01
-2.291923172895826699e+00
1.359850621832421336e+00
2.618213177063548613e+00
-1.027214601953230888e+00
-1.617040111693155202e+00
-1.905924372860011928e+00
-6.911905463182017595e-01
3.786048590692991378e-01
2.720011133241810874e+00
1.136527728337099141e+00
-5.121140193641705585e-01
-7.001054424276161869e-01
3.825399192047391317e+00
-1.294440618507229912e-01
-4.580085394533516818e-01
-7.931317037715459595e-01
-1.698981025524400890e-01
-3.321379379461729120e-01
-1.244675397667139305e-01
-2.248678819803755502e-01
3.144102791706069322e+00
9.225750747612183611e-01
-1.134342266199611232e-01
-5.374049248080812191e-01
-1.328544449262977212e+00
2.600833556523908796e-01
2.571785340640347695e+00
1.451373746061531245e+00
-1.376945257531456246e+00
2.813924641019575068e-01
3.534456949343225962e-01
8.048779908613028222e-02
-7.684725336242350657e-01
-7.494736259158692349e+00
9.606145824251284548e-02
-9.373728884446115295e-01
2.128855083413840443e+00
-8.327902742869207342e-02
-4.936989520600554293e-01
2.098879690835499634e+00
3.318056750439426050e+00
-7.976253670129663798e-01
-2.431783622742278883e+00
-3.615017245186527561e-02
-7.997340075385045433e-01
-1.477878928305005335e-01
4.410712660309923372e-01
-2.888705818360356226e+00
2.107490354550261902e+00
1.666120784042027125e+00
1.806936259663417532e-01
1.845266870822097394e+00
-8.803736353743756016e-03
4.705645338960385282e-01
-1.345219126071117044e+00
3.966385456411843924e-01
-8.173431847596468458e-01
1.041666268833644882e+00
3.136704609519453402e-01
4.109001222447684398e+00
1.934981428174554763e+00
-2.929217075209396004e-01
-4.113135192781688154e+00
7.617436111562947421e-01
1.947972672741170863e-01
-1.299579446979676423e+00
-3.131052023971599318e+00
1.315194983629017544e+00
-1.599924650421477690e+00
-4.094886632804860760e+00
-5.113675549023578570e-01
3.897502019958489328e+00
-2.375903773552678899e+00
-2.137209419394181964e+00
1.550129555295416406e+00
-6.427502500893647053e-01
1.324256532904290740e-01
2.101835264507521561e+00
1.408178926977196044e+00
-7.215432392326328603e-01
3.679389775941300122e+00
8.779315562558522856e-01
1.139529191945111819e+00
3.144083939084303947e-01
2.742919845658879918e+00
2.997937299093001773e+00
-1.009895801407958205e+00
6.741481035346713613e-01
9.412466194960827925e-01
1.833800315444924722e+00
-1.204543517381129858e+00
-8.938374713210930356e-01
9.135783437702418297e-01
9.781178833823294116e-01
-2.166014607295678296e+00
-5.701476715594626654e-01
-2.042368820711448318e+00
9.490200306346839865e-01
-3.608235409053367482e-01
-2.016553132243349644e+00
1.233644837450384335e+00
2.921990716700932911e+00
-2.388937932971044731e+00
-3.731546598269982695e+00
-2.728574168942342837e+00
-2.790652023438010554e-01
-1.498883470147710333e-02
-4.077536800244150328e+00
3.148835050898903809e+00
-8.496164964099421901e-01
-2.047028080286204865e+00
-3.933811572837024872e-01
-2.340850338484719906e+00
-1.320245743382455927e+00
-1.854782188976866752e+00
6.056276370221254091e-01
3.340719943905364198e-01
2.951192098882535753e+00
-3.576488664865917211e-01
-7.036170339525811279e-01
-4.525055757552348901e+00
-1.328953468802557714e+00
-8.730208845409338503e-01
9.949192011314990092e-01
-3.249213168316473777e+00
-8.116006226831697923e-01
1.875973826385959597e+01
2.524145450339058794e+00
-2.052118235333691976e-01
6.064360649975660822e-01
-1.801284257416209345e+00
-5.484176159278781881e-01
5.413092483777289798e-01
-6.530257299064621268e-01
1.223729385885308441e+00
8.442653799303840856e-01
-2.213980639645633186e+00
-1.256973877622383773e+00
-4.646812942631755483e+00
6.979943058207426221e-01
-1.679109173169715641e+00
-2.559082340429628122e-01
2.705373725634065973e-01
2.320774008159499413e+00
-3.843432361027190325e+00
2.187613302849490182e+00
-8.517777417321079625e-01
2.619263613517781031e-01
6.161291017486026506e-02
5.830194742562294641e-01
-1.778423064028545331e-01
-8.448797742319207327e-01
-7.103808623334285643e-01
-2.262919451848684371e+00
-1.119881256588869389e-01
-1.511867078915119622e+00
-6.672311604166731858e-01
1.035780623290665226e+00
4.680656393695691309e-01
-8.576995431782603180e-03
1.253445797661323358e+00
3.416482241103634632e+00
7.425310628332022489e-01
4.000699100719525281e-01
1.633379186605580236e+00
1.368680642981985995e+00
6.117029377957001746e-01
1.408284945926100207e+00
1.525278185909789030e+00
-1.971121238689651223e-01
1.213482394031955236e+00
6.088666225158120143e-02
8.743303136196410863e-01
1.446897790584588672e-01
1.113718090594974619e+00
-1.026763514763445073e+00
-2.627755216297185115e-01
1.304812849556336724e-02
-1.957450932353027584e-02
-2.612189300593044994e+00
-7.675380781685609000e-01
3.492722951598924208e+00
1.246915375490836642e+00
1.025728451074409353e+00
-1.717960623065730941e+00
3.691500834444396556e-02
-5.157480380176135970e-01
5.219162340904294206e-01
-3.561738217696105990e-02
-4.379111128227081706e-01
3.279562197404073953e-01
8.931166047393059859e-01
4.673691781832956527e-01
-5.011217326324786114e-01
-9.103325080568075434e-01
-5.419359766497789943e-01
-3.376788930128352129e-01
3.725052761932930778e+00
6.772302655807806993e-01
1.890812066568998140e-01
4.410147639752142190e-01
-3.760461367244368192e-01
1.448630793849054132e+00
-4.301524538959353161e-01
1.396720899796795257e+00
2.533959943617301480e+00
2.262039293009721952e+00
-2.453071876097614901e+00
-4.325516761388009668e-01
1.661629813523229637e-01
1.533584974636964970e+00
1.736153969431190935e+00
3.936738787732462219e-01
1.163695079988142256e+00
1.549253463980549750e+00
-2.006336188050372282e+00
5.419059296191850450e-01
-5.158543304111382177e+00
-1.622191586078418180e+00
-4.943452106646316069e-01
-1.592302909823384016e-01
4.531970259300770465e+00
2.199157660566049000e+00
6.072550523887588980e+00
-1.779399384900760328e+00
8.555485189507511246e-01
8.245097932682347031e-01
5.406068028863312280e-01
-1.049843705996111654e+00
-1.054181352911038205e+00
-2.125449925344367497e+00
1.641113826327081360e-01
-2.424912470254580565e+00
1.767806754631739696e-01
-3.081512832409840502e-02
-1.061502994360836283e+00
-2.926896763310196103e+00
7.585843457748810970e-01
-2.745221601865612260e-01
-3.396007386883550971e+00
6.158301184397302563e+00
-2.021708933172126077e-01
-1.665042188231619091e+00
1.436384822564265307e-01
2.505183233624708627e+00
2.928889410101587765e-01
9.890911177325698023e-02
-9.381777205761097915e-02
5.638357886382635575e-01
1.887791101647777081e+00
3.528043577949071530e-01
-3.025062776956432220e+00
-6.096747969373748077e-01
-2.022416721600654999e-01
-5.175597578276621036e+00
-4.154002057407882309e-01
-2.696849820639560580e+00
7.235802319536654537e+00
8.691407415761286392e-01
-3.109198419735951902e+00
3.782170066651355800e+00
3.942164959738072572e+00
1.740683681304908692e-01
1.402157430074639999e+00
-9.776542437805226804e-01
1.226923154613886568e+00
-3.196359200170579840e+00
3.535472599844243113e+00
-7.998115392093447795e-01
2.383497940464787579e+00
-3.049964198180308284e-01
3.949338785476652625e-01
2.003419437345742793e+00
5.302098107198822685e-01
5.972001916935833210e-02
-1.604831122692734535e+00
-5.981514101521406834e-01
3.763092159584687568e+00
-2.366523557516125587e-01
3.033382073171659421e+00
-7.817985477891584156e-02
-9.077915685152631031e-01
-3.450121913162336185e+00
2.843537819503158648e+00
1.995764235649013507e+00
2.282851968221824221e-02
-2.081130517245488587e+00
2.142610942543699437e+00
-1.875607474602138280e+00
2.410932637330971337e-02
1.406007578005060155e-01
-2.209601469976530119e-01
-1.127308919845526614e+00
1.965848160238483855e+00
-2.770506668618365254e+00
3.346731482239145156e-02
3.068625107995895940e-01
1.568819037201139688e+00
-4.774453650384707926e-01
8.437704464887412215e-01
-4.017300913253682437e-01
2.828311446948103894e-02
2.480011311484327408e+00
-8.973619005534457793e-01
-6.095275665091648420e-01
1.563737287663022668e+00
-3.442896464817111646e+00
1.229963993389775911e+00
-9.828446107767078166e-01
4.134712604370188727e-01
3.256114737638726719e+00
-7.144734819710873985e-02
7.065048142651949581e-01
-1.450410880826199511e+00
-1.209542704447032158e+00
-3.245009603148537813e+00
-1.349797096811344410e+00
2.666372876511567735e+00
-1.655702882235609907e+00
-1.437409503017120338e+00
-1.813965933273155917e+00
7.863292026395605205e-01
-1.316179610645210607e+00
3.606632069926027473e+00
1.630123363312927731e+00
9.538243522749334513e-01
2.473134065160370820e+00
4.757841839147294305e-01
-8.281564792539287678e-01
4.878238090276866279e-01
-5.430603713728672233e-01
-6.764282067335355420e-01
-1.633973417178215870e+00
-2.485161699959968828e+00
-9.578767697247828061e-02
-2.811675531185183763e-01
-1.588162083424527748e-01
-1.320490864296622657e+00
3.471599739880823599e+00
2.825167134517216461e+00
-4.199994402569462437e+00
-2.128907905590665006e+00
-9.587617897603541994e-01
-1.213470684841893021e+00
-3.498154042827716026e+00
-6.501041720198691420e-01
-4.402341998459610717e-01
-1.510178100572941773e+00
-3.514501120227532915e+00
3.200665212438267293e+00
-2.483694762165317371e+00
2.777656201712376260e-01
1.439359874716763077e+00
1.924710727083307038e+00
1.985688109151359182e+00
-1.009860938908246020e+00
-1.698844766910599380e-01
-1.289733886958837727e+00
-1.476867155158855249e+00
-8.055576675489957150e-01
-3.792897101927990011e-01
4.045402001315528268e-02
-2.680972646999059350e+00
8.806306219229866894e-01
-1.279846852640462496e+00
1.814467344537814775e+00
-2.708442899558314854e-01
-2.660775139871238149e-02
-9.088228928151691477e-01
1.300364813825956700e+00
-2.431551160752061680e+00
3.405764929244112338e+00
-6.154633852488669010e-01
1.077194375771583834e+00
1.209451350986016305e+00
8.413206742759878898e-01
-1.704696792956806428e+00
-9.539741772605123127e-02
1.451561164026428319e+00
-3.108108175259533201e+00
4.235399768349612515e-01
-8.315924444959885697e-01
3.068899613959969130e+00
5.635314648862365106e-01
-1.815716804741023926e+00
7.867512799968942039e-01
9.436345375824742865e-01
-1.283491502261278727e+00
1.498585878521280890e+00
8.407938863313551003e-01
-2.127170395376767331e+00
-1.057381660142594937e+00
-1.157579963932102718e+00
-3.439388672965142391e+00
1.091401518270947335e+00
1.919210532954232828e+00
8.847397617699008787e-01
-1.433189475551828629e+00
-1.331655558569029285e+00
-2.622363648284488091e-01
1.105366113565746655e+00
1.209723236518502665e+00
-1.047434026999984225e+00
-1.599838078515425643e-01
5.414744087730281041e-01
3.924880168498537270e+00
5.974458368054246904e+00
1.685698520538751355e+00
-2.519991275912014217e+00
-3.008359961081368272e-01
2.024531298962436721e-01
-1.543457280261123721e+00
-1.376791792661287595e+00
4.784468982624301425e+00
-3.042881198406501286e-01
-8.438282317830493318e-01
1.324156740424029310e+00
8.719335613597406498e-01
-1.011807927892316439e+00
4.555032616885724139e-01
-1.502200748647475992e+00
-6.362636216802147970e+00
1.204384400336532712e+00
-6.491863191354172447e-01
3.946270176400919816e+00
-1.184870090542779586e+00
2.284312248752097929e+00
3.552066782036579440e+00
-8.661418536569054361e-01
-1.145244819311857842e+00
-1.066217472405274425e+00
2.044193937105902137e+00
8.937412103551063691e-02
3.219375240762978319e-01
1.147996099593796782e+00
-1.186077328302839878e-01
5.253710978306873614e-01
-4.911127296079291771e-01
4.634938893542777105e-01
-2.542039534068730955e+00
1.210539532903133431e+00
-4.058972528469323438e-01
-1.410751713378239902e+00
8.077377796141619326e-01
2.117012092107739551e+00
1.220538380019186908e+00
5.209889117781659751e-01
-3.108183688054501070e-01
1.816009257238143215e+00
6.819027278081483123e-01
1.243242520012666219e+00
1.018642001447173762e+00
5.791725896940927987e-01
7.394228874568128940e-02
-1.403605278320945615e+00
-1.732846659476314111e+00
-2.075437440548733026e+00
1.827000085813014874e+00
2.849578769525998867e-01
-2.030989970482425466e+00
5.292370367305517798e-01
-1.375145315060510021e-01
-4.071162438065885958e+00
1.050310411987076087e+00
-7.218069713525832043e-01
-2.788001680731870380e+00
-2.269729787342559812e-01
-1.708868592809712039e+00
5.984180285552166412e-01
4.903897198399995716e-01
2.930639756809588214e-01
-2.969702764996093869e-01
2.135602842100887244e+00
2.857394267271768928e-01
-2.077067983726248901e+00
-5.659923849593959666e-01
-1.692381899715885929e+00
3.899526101769021924e-01
-2.990988513514243885e-01
4.761739778882346563e+00
-1.346233102630547684e-01
1.399674468256065785e+00
-9.056897857389603068e-01
-1.822560396039967001e+00
-3.553658945204814235e-02
2.992308907667499129e-01
1.378993677873471047e+00
1.584490150039927991e+00
-3.493768906969703658e-01
-1.289617180657141038e+00
-1.706267815162822776e+00
-5.515450224247833155e-01
2.891668421202673311e+00
4.754919041742181052e-02
-4.694373790827968129e-01
-1.032907928175548662e+00
3.056420909389482965e+00
1.471141488304890561e-02
4.700462148075142288e+00
1.689764934508940719e+00
