-2.817890618605880526e-01
4.724165555621160917e-01
2.775402153062625832e+00
1.647343408463099568e+00
9.366724277830079659e-01
-2.404895697866724191e+00
-1.060113585504818545e-01
3.683709886740758610e-01
4.417627437007555502e-02
8.123904404094702825e-01
-7.926602644373863527e-01
1.919666964410758236e+00
-1.421195063922358504e+00
3.517896805642316549e-01
1.453017014207676150e+00
-2.582453759555426664e+00
-9.152990802516256519e-01
-3.195896677270992470e+00
-8.294179639935045145e+00
3.762375734831162055e-01
-3.929757816996572117e+00
1.088888741533696747e+00
6.383518574986490890e-01
-3.691025695245025440e-01
-7.691895748609469674e-01
-2.892509507148908199e-01
-8.179159474510349082e-01
4.772372286037707134e-01
-1.224329634348751750e+00
-2.525760337634511687e-01
-2.563420295725105658e-01
2.112632729267982512e+00
3.900110004797437968e-01
-3.398879550563491225e+00
1.027611409720069480e+00
-3.197324172650129470e-01
1.019754287334020404e+00
-6.581495522881856131e-01
2.618098562643141225e+00
-6.727452508860870539e-01
6.152648690328872683e-02
-1.993568666417860624e-01
1.779649513470383138e+00
1.486481961583751010e-01
1.646950054819366349e-01
3.663543050432626291e+00
-5.062800331660581854e-01
3.662858741439385668e-02
1.085849381026207761e+00
-3.862600245144903743e-01
-2.118941127288763937e+00
-2.775666318498201779e+00
-9.867585923610029397e-01
1.210384773426919525e+00
-6.945801028312297010e-02
-1.429626098273256041e+00
1.224940185925796482e-01
3.018803909152440124e+00
4.899518978545355091e-02
4.434996068152306514e-01
2.511991096792075773e+00
3.428348743916191932e+00
-2.356907505511637579e-01
2.142024695648473698e-01
-1.575946879027332770e+00
2.185231376440146811e-01
-1.136728156729225558e+00
3.954018961699622192e+00
-2.445765296915898723e+00
-7.051790461286289169e-01
5.026578700904118513e-01
-3.566275154026347649e-01
3.297658498372186830e+00
3.062464096418662685e+00
1.725518195877384642e+00
3.995991363404149510e+00
1.281498625939160307e+00
2.779760189738703424e+00
4.915705336178577967e-01
-3.825306348262725309e-01
1.892359942123766459e+00
6.226587691505897082e-01
-4.880967817335087888e-01
1.895761079295893436e-01
-1.431244854905546537e+00
1.529096169076923584e+00
-5.478611382301849630e+00
-9.563477593774467600e-01
-3.206457284190386003e-01
8.991384267483502057e-01
1.243395418743493686e+00
-2.156010889343127346e+00
-8.359112087989541973e-01
-3.095942533524069340e+00
-1.853480739121149412e-01
-2.541676067472077860e-01
1.483018722667545086e+00
-2.620636519068265002e+00
2.598592474911493699e+00
-8.338304997138178409e-01
-2.768712010742472529e+00
7.995262773348573715e-01
1.095309755155274845e+00
2.128637499214322659e+00
3.443024299535554444e+00
2.623542981746591618e-01
-3.997282580713793720e+00
-9.313739607987281399e-01
1.459204195458207176e-01
1.122252579057328621e-02
5.216031549358534081e-01
9.573935300490632461e-01
-1.399894353331408769e+00
-4.489420346121418604e+00
-8.342263684330980533e-01
1.742205837431709536e-01
-3.249149702711909171e+00
-1.379644407905464609e+00
-2.498501184936219310e+00
-1.107713734570471065e+00
1.883960029522613100e+00
3.018204778295194637e-02
7.564919456809195142e-02
-3.001602976326967820e+00
-2.680570475010944698e+00
3.039941543545594982e+00
2.628895301390625494e-02
-7.112555088974678030e-01
-7.113855071310526412e-01
-1.475884873281361642e+00
-1.515928866756501403e+00
-1.110889428918504285e+00
8.501151899744188167e-01
-2.096669244870586368e+00
3.856613397428018786e+00
-5.981055329614402144e-02
-2.534950104089622513e+00
8.622221814179579225e-01
1.627451788282354705e+00
-1.216333823477909082e+00
1.207234959500009142e+00
-1.452105809745996012e+00
1.402854010811233954e+00
-8.309781501710794549e-02
-4.583603842412057539e+00
-1.507350021024792985e+00
2.664968926360492762e+00
-3.308022508218218860e+00
-3.363519476198751246e+00
2.436624011019035974e-01
1.450621105002256384e+00
-3.601239340385491983e-01
3.393130328251226513e-01
-3.306768729337055124e-01
-1.836774124073893733e+00
1.294339361539076139e+00
-9.420465788022232279e-02
-1.785405083070891186e+00
-6.474434623052098825e-01
-6.053560077581087162e-01
4.251185378480428212e-01
-5.417468479884645083e-01
1.255902256755825896e-01
6.857603584469146307e-01
-8.674855703764395853e-01
8.352697658656140334e+00
-1.723825780150842091e+00
8.489962839156036667e-01
-1.904398676282966774e+00
-1.338122180054633681e+00
2.583155137856721351e-01
4.373947248112947661e-01
-4.351121003097249695e-01
-2.291631775583050423e+00
1.323093803194082652e+00
2.623539788179937826e+00
-9.677089139142278640e-01
-1.560812478844157303e+00
-1.988066435580240210e+00
-7.298299745368161950e-01
4.377178857251021737e-01
2.822540967525874578e+00
1.116429360311395724e+00
-4.720876571860634918e-01
-6.672374132996256035e-01
3.988985974693669778e+00
-1.128649001781080602e-01
-4.342603384807748879e-01
-8.257442645004531290e-01
-1.230337031237073164e-01
-3.783960416967156459e-01
-1.538753186240880422e-01
-1.881064997108278236e-01
2.999649530851115742e+00
1.026509552729525598e+00
-1.124271514560448715e-01
-4.499260755383431287e-01
-1.358354472266069424e+00
2.158418944556081964e-01
2.591941625353425760e+00
1.464995547275378396e+00
-1.457977045908895875e+00
2.931968890609633061e-01
3.375015493642752329e-01
5.260957435180199301e-03
-7.945750394005471895e-01
-7.514746512575738002e+00
1.458443039907993122e-01
-8.878017268379070348e-01
2.088772961011688523e+00
-1.280938550853423230e-01
-4.552196935761015917e-01
2.037662446526626425e+00
3.357499263417890845e+00
-7.431704306487185718e-01
-2.448622853451623005e+00
5.714122522752683453e-02
-8.053515623131654033e-01
-1.388737980067807354e-01
4.495356407261187903e-01
-2.936969653034272820e+00
2.135032944233453911e+00
1.570962698228841603e+00
1.414253316028178942e-01
1.921512484549197097e+00
3.158810852696002959e-03
4.580747909058057177e-01
-1.385870735944310983e+00
3.135556358495272811e-01
-8.309582930498478071e-01
1.043817143116497537e+00
3.289232041533113882e-01
4.086606917956602025e+00
2.099396607097283596e+00
-3.549461842978587911e-01
-4.136863003149302997e+00
8.019829263359559146e-01
1.860026448795045195e-01
-1.331548369200891369e+00
-2.826105797926353524e+00
1.283985669766448234e+00
-1.569182225090564264e+00
-4.105613925027309818e+00
-5.221251242260632752e-01
4.051813670634902387e+00
-2.356203154655468257e+00
-2.419500843788521482e+00
1.403229965551917369e+00
-7.459041184472078312e-01
8.366984896797950710e-02
2.175831046714254757e+00
1.330635479222330275e+00
-6.992551633687443813e-01
3.703112307064962305e+00
9.371318530670714742e-01
1.094692525848629305e+00
3.129137286619969038e-01
2.765574611522179538e+00
2.917591122657201552e+00
-9.471329915827313428e-01
6.150610792960431450e-01
9.960428313294448222e-01
1.795782179896705522e+00
-1.219060839015461584e+00
-8.061221836145345820e-01
9.756052988884077459e-01
9.287472623059749299e-01
-2.090670081992608065e+00
-6.240112085763530603e-01
-2.134920689084183199e+00
9.009805838674926903e-01
-3.414498987289978915e-01
-2.045327491371542017e+00
1.474480088698179037e+00
2.963644850647219720e+00
-2.513863015651121913e+00
-3.732946475293312805e+00
-2.802503869478004006e+00
-3.006338275597068566e-01
6.666251686377937247e-02
-4.031573858860559412e+00
3.099866914031310206e+00
-8.601187814380155672e-01
-2.084091646312966173e+00
-4.622707660319472223e-01
-2.287463049301464491e+00
-1.385544392646919309e+00
-1.759806930149804494e+00
6.506374696307802852e-01
4.210689446812068693e-01
2.902397313597129713e+00
-2.040684402635553896e-01
-6.677708528121237830e-01
-4.527748917398175088e+00
-1.387694531509808815e+00
-8.257540082931197345e-01
9.841206594522131645e-01
-3.288964365037310600e+00
-8.249971584036750460e-01
1.875885868375713983e+01
2.452719787767224435e+00
-5.700909250052779709e-02
6.366378216926603661e-01
-1.778701279279696568e+00
-5.791674408251454853e-01
5.234417283399723786e-01
-7.513966036887311795e-01
1.280890851358772453e+00
8.186927079140884356e-01
-2.325164695411513716e+00
-1.193643974635265392e+00
-4.786037353526265470e+00
6.432589411045791516e-01
-1.706313727395293744e+00
-3.027207894487041751e-01
4.619117889283106404e-01
2.289857721566430193e+00
-3.937185955376626190e+00
2.295404854427787633e+00
-9.126251922414566620e-01
2.510239706374902124e-01
-4.780338595314910510e-02
6.445035076852417832e-01
-1.738364303155498780e-01
-8.666225538744934953e-01
-6.845715922912802842e-01
-2.093162960073735590e+00
-7.684419763056644925e-02
-1.557201492308200486e+00
-7.594325995821894493e-01
1.013652571935274915e+00
5.335474236433001005e-01
9.794215362916729173e-02
1.282331051287527446e+00
3.481999063272268824e+00
7.099257182365974472e-01
4.003805555208342914e-01
1.711619836476849343e+00
1.508245438865328802e+00
5.292371788244855102e-01
1.426162265281885944e+00
1.540364114973555854e+00
-3.173229242816183460e-01
1.221341712077309127e+00
1.141144454279432729e-01
8.412720863261319293e-01
1.660845300575129468e-01
1.143662882064955921e+00
-1.027448860163976629e+00
-1.179376045328951739e-01
3.355868164267868797e-02
2.138033785875821571e-03
-2.401854971163066121e+00
-8.871594673129891140e-01
3.474450688299842049e+00
1.340423323456007010e+00
1.106220818884688706e+00
-1.675964608436780079e+00
1.746975998200811855e-02
-5.159125087071962934e-01
4.644409422399960463e-01
5.779728234964004452e-02
-5.075461609386412443e-01
2.716748049839125545e-01
9.226967903376872560e-01
4.641225231163584874e-01
-5.940518246632661148e-01
-8.769358305156059741e-01
-6.519210064653417902e-01
-3.244574624064565649e-01
3.888822595951616723e+00
6.492118267076122384e-01
9.141952124600752350e-02
4.790071705775305611e-01
-3.645866958708398053e-01
1.603385401702874580e+00
-1.973281976558161621e-01
1.336123145459842787e+00
2.639680098557336319e+00
2.308844988867230885e+00
-2.358792697013305961e+00
-5.064122004532681798e-01
1.600057901571425578e-01
1.558097400019084811e+00
1.758810460824287158e+00
5.751427010346318314e-01
1.312004654458449382e+00
1.600861964018018613e+00
-1.985388237376212617e+00
5.629625416010246575e-01
-5.087480873561526451e+00
-1.713762564277852452e+00
-4.990422493354546574e-01
-2.021309190891535934e-01
4.847024076834362205e+00
2.161217373741139980e+00
6.009598676071869150e+00
-1.734803900417315248e+00
7.715363319908713491e-01
7.705222368110877795e-01
5.772925913000757081e-01
-1.102126312694450272e+00
-1.145878119044258625e+00
-2.034595980143805605e+00
2.219818744778891129e-01
-2.509139435798828366e+00
1.089877444881432872e-01
-7.078665553894264439e-02
-9.857411758061525031e-01
-2.940638826751238888e+00
7.018166246890531479e-01
-1.790878983616335240e-01
-3.466242597091101718e+00
6.285169659907424489e+00
-2.114147700397915330e-01
-1.714848885214111718e+00
1.645235661426328322e-01
2.517510562706555266e+00
3.633467693181679503e-01
1.314567505215675225e-01
-5.669998306057209836e-02
5.864420389006209655e-01
1.722325140784494391e+00
3.682762313864306747e-01
-2.975523641512841433e+00
-6.192317558702649105e-01
-2.346352779905971075e-01
-5.355366388865315130e+00
-3.983078365625042361e-01
-2.636942285201917979e+00
7.381720611969734058e+00
8.895174703786066228e-01
-3.064208409668418565e+00
3.673892565416931877e+00
3.908404342072958837e+00
1.752194923514586722e-01
1.324618100875257998e+00
-9.328172308518444256e-01
1.119188296057632703e+00
-3.350822941804133759e+00
3.663583055358626606e+00
-7.713388022955155465e-01
2.363873106194439799e+00
-3.076782519237474811e-01
3.875658750296078203e-01
2.129448377916018043e+00
5.867193366674953170e-01
5.027787153950273591e-02
-1.672039437051855204e+00
-6.121791638745162079e-01
3.810619101340151804e+00
-2.758748310448287944e-01
3.036427070101317405e+00
-8.585424969647285909e-02
-8.985956399656226390e-01
-3.453487111846865520e+00
2.811440527029752889e+00
1.863871812942412998e+00
4.480725140546201052e-02
-2.158218293976812863e+00
2.316633075707744016e+00
-1.893006967052672351e+00
2.722186573770899853e-03
1.317762841699746668e-01
-2.545085561220220005e-01
-9.493843750969086503e-01
1.928804568496184535e+00
-2.660514662418221210e+00
1.583825309418758834e-02
4.055164283417204141e-01
1.730850467518035174e+00
-5.251341658045115546e-01
8.781556357256011802e-01
-3.802974228691878289e-01
1.091673143720594576e-02
2.466273563829334492e+00
-8.504860391069499759e-01
-4.920006877323537253e-01
1.594918786084051243e+00
-3.513800979323780549e+00
1.345163534178432707e+00
-9.577451187926998566e-01
4.085950139300578154e-01
3.157392552166750299e+00
-6.340389337544231375e-03
6.216336564852484869e-01
-1.348746264971516728e+00
-1.008005776363562589e+00
-3.364446774693695019e+00
-1.342483844876942722e+00
2.604366499714484195e+00
-1.620808731676788073e+00
-1.492172891151360536e+00
-1.939351483265077558e+00
8.060866463119777947e-01
-1.344268375433900431e+00
3.512571180744757715e+00
1.528385339741347604e+00
9.654492040628587235e-01
2.467451268857240088e+00
4.680760633418116212e-01
-8.248268194177675872e-01
4.639394744636058387e-01
-5.596226953093522694e-01
-7.017911838966961469e-01
-1.486606384816210547e+00
-2.635065751975576021e+00
-1.123539995694311858e-02
-2.366956230090689339e-01
-2.310144561342103997e-01
-1.408243538727910638e+00
3.551432484661828148e+00
2.913530654806999465e+00
-4.481471761322391778e+00
-2.274690240462911461e+00
-9.618536636484413815e-01
-1.072673736394771149e+00
-3.515981408623281901e+00
-6.371098045756917738e-01
-4.817216823222481015e-01
-1.512014847657828120e+00
-3.577754488605944694e+00
3.223548930864579276e+00
-2.542933537405623667e+00
2.067579034267105764e-01
1.327634259885448920e+00
1.982109062465012395e+00
2.006573994494826430e+00
-1.073144282992974041e+00
-1.251041031976422024e-01
-1.411562317308184378e+00
-1.490918777336466494e+00
-7.950011629317642603e-01
-3.526780528517839408e-01
3.549414926883526396e-03
-2.756635208563897876e+00
7.844809082757743246e-01
-1.313821457846412244e+00
1.871204018766373212e+00
-3.335319031913257515e-01
3.461352265291246094e-02
-9.106479691998835557e-01
1.367944398412564322e+00
-2.448652520096082252e+00
3.292718305123778499e+00
-6.523855814636916328e-01
1.056154738304720730e+00
1.258485111999021910e+00
9.230016486971106549e-01
-1.759409001024560659e+00
-9.131302399647028833e-02
1.443300743414237086e+00
-3.059475562635421308e+00
3.019674843792858332e-01
-8.909094997114197501e-01
3.017937182512829608e+00
5.532507936084631872e-01
-1.944823334528907433e+00
7.375929295236288707e-01
1.009702795660728070e+00
-1.440316909867044748e+00
1.469615717707498659e+00
8.739751045925356898e-01
-1.953588737860887159e+00
-1.100174291388000603e+00
-1.470209304213045520e+00
-3.167906371807040156e+00
1.074628439989450124e+00
1.898139657264215741e+00
9.665570322027331462e-01
-1.478803950004725642e+00
-1.343162686191816668e+00
-2.633998486819134066e-01
1.011465460738055766e+00
1.236805954264635465e+00
-1.061925235861680639e+00
-1.921921700325842919e-01
4.963188552769791095e-01
3.858465272445071204e+00
6.425801485738211305e+00
1.614942995754638844e+00
-2.585751645872969018e+00
-3.193667607282247856e-01
2.680728739927970006e-01
-1.688574654381103102e+00
-1.422839618058698630e+00
4.864189166274169196e+00
-2.500890245982036464e-01
-7.566706496554249650e-01
1.338362443324528916e+00
8.309063719314897511e-01
-1.050345418256034558e+00
3.047992117040581039e-01
-1.488316043511237918e+00
-6.530271473419785977e+00
1.281776843851234027e+00
-7.700171974941485420e-01
3.909965656885730390e+00
-1.146992304283583897e+00
2.324329770014636587e+00
3.390020432239563064e+00
-7.796630026112604250e-01
-1.188894527530935052e+00
-1.060170340041411974e+00
2.099719182390986205e+00
2.074964045448665917e-01
3.407555935988379470e-01
9.531359139616523146e-01
-2.016013226882187315e-01
5.110329493571361681e-01
-5.336367537472999079e-01
4.823860345214680545e-01
-2.523473134954028030e+00
1.188387692616668101e+00
-5.122011342774599463e-01
-1.303028375649845527e+00
8.681450017297216437e-01
2.104248133662402598e+00
1.275577257239725926e+00
4.406370290574136983e-01
-2.860933121321647121e-01
1.881692543465116829e+00
6.741440156970444075e-01
1.206643579418961165e+00
1.164667208569174939e+00
6.717630530530501742e-01
1.794213754897589219e-01
-1.545774400301056950e+00
-1.706386627438694958e+00
-2.064148647520799518e+00
1.877998450688240784e+00
2.110571188294185496e-01
-2.067287645363712123e+00
5.045745195913532433e-01
-5.208378538877513411e-03
-4.184299523658780551e+00
1.143911933300301831e+00
-7.178464349809219325e-01
-2.754572318815894594e+00
-1.706736533278287449e-01
-1.618595358998575096e+00
5.085869731665627613e-01
4.314634771624959453e-01
3.023550997468671397e-01
-3.129262584114029799e-01
2.096902190459462467e+00
2.379337777551683020e-01
-2.147480425335539511e+00
-5.896511906985576479e-01
-1.780448764946707341e+00
3.472402159413835454e-01
-2.288634853718676532e-01
4.778423335827909568e+00
-1.826397245132662661e-01
1.408227143079306742e+00
-9.010838668850714717e-01
-1.903193931836476338e+00
-7.402792972094391147e-03
3.592053611775973265e-01
1.386109341546831297e+00
1.443395986905013917e+00
-4.057543342943606968e-01
-1.252178995175412979e+00
-1.467571567679192057e+00
-6.006654435882515797e-01
2.775299824430789819e+00
1.156410957338238343e-01
-4.839362500876971396e-01
-9.363070868201621710e-01
2.938141345091232814e+00
2.222043272478583381e-02
4.640982404407326456e+00
1.541109482234964023e+00
