-4.308844124813365761e-01
2.878612975212401226e-01
2.572173313768135738e+00
1.530928773777103125e+00
8.723314964192200316e-01
-2.452682241457383228e+00
7.162710308299209683e-02
3.235288930156950404e-01
4.573168106604023064e-01
8.491014487666553867e-01
-8.636297317302863430e-01
1.938090092510236451e+00
-1.123925795739417310e+00
3.977793676400447342e-01
1.422057985024433480e+00
-2.544213340544494883e+00
-9.888069937894751193e-01
-3.417441926713480793e+00
-7.974851511767565349e+00
3.820578386967345974e-01
-3.665881103266062979e+00
9.252448687748288103e-01
6.914649943034206769e-01
-3.397898695588750795e-01
-6.249913895893005611e-01
-2.483802736830577895e-01
-5.102500909500499171e-01
4.575938686071427397e-01
-1.003419940045870984e+00
-2.625898419099533254e-01
-2.894843860703018579e-01
2.407875393483427828e+00
5.357466246521852549e-01
-3.693317489855828306e+00
9.458437873193616952e-01
-3.039104754411567910e-01
9.970087273097638647e-01
-1.038085321348075629e+00
2.514578268113194071e+00
-7.352414885548486101e-01
-1.636217185399570784e-01
-6.125799819480913788e-01
1.706635322985095016e+00
8.645773566000953397e-03
-9.230976918236238893e-05
3.718779658368522867e+00
-4.175545475928575945e-01
-1.768196216701703738e-01
1.005308099083858320e+00
-2.789501095289877441e-01
-2.100593710486603261e+00
-2.601122919668883871e+00
-8.568890310497263574e-01
1.033864471806178242e+00
1.052730114446165099e-01
-1.373251429735751206e+00
5.126292836760778376e-02
2.877367359480013764e+00
-5.036287922294140074e-02
5.946898219166301125e-01
2.322370789722045359e+00
3.035547278567387597e+00
-3.199623070889001109e-01
1.512256760486649643e-01
-1.366877728566372241e+00
1.545563422415874577e-01
-1.060257163589228613e+00
3.453572640560750528e+00
-2.265791735480076952e+00
-3.817557753591873659e-01
6.123305854853715591e-01
-2.627291883756960877e-01
3.316612502244383531e+00
3.299042715743684795e+00
1.579305780641353962e+00
3.553335411938324029e+00
1.357666410760430376e+00
2.578258856774930052e+00
1.890127757281930276e-01
-2.311497968856204566e-01
1.585048699517435988e+00
8.883649020835997501e-01
-5.137317501123477292e-01
2.387182704126009913e-01
-1.502566162688458107e+00
1.178733281997202953e+00
-5.307554348152771162e+00
-5.314056394838200248e-01
-2.064924531288253595e-01
1.132821337269682704e+00
1.456328717244850024e+00
-2.083662050744647054e+00
-6.341380686418609525e-01
-3.018725679194647515e+00
-2.497518986386215167e-01
-2.046671883714389351e-01
1.537991182678006385e+00
-2.629353725090518790e+00
2.174842963656416828e+00
-6.283835183912487299e-01
-2.273437107921371769e+00
7.599747122675918343e-01
8.677391691752240899e-01
2.174161548552207446e+00
3.538219062266511283e+00
-2.045944963313956009e-03
-4.274299565680999002e+00
-9.153245308846615913e-01
-2.585441228975377675e-03
-4.670588310800759951e-02
3.603642753810269994e-01
8.926399507609223960e-01
-1.287958376082702916e+00
-3.936925943302735043e+00
-8.080458092278759441e-01
1.482013965642321462e-01
-3.165442452753730151e+00
-1.175499696153818663e+00
-2.395903204829029409e+00
-9.763563770108037998e-01
1.504631536497122779e+00
3.511717477326015135e-01
7.102176521339187421e-02
-2.643031496910818845e+00
-2.373526507926670082e+00
2.887528517414743146e+00
1.542921837750765857e-01
-6.825582403270171739e-01
-6.820037324899324016e-01
-1.344447512987560600e+00
-1.262030025571686087e+00
-6.884588951589943884e-01
1.040560488091472946e+00
-1.585091983392088011e+00
3.347201493523234817e+00
-2.320413506686422600e-01
-2.310240452507747566e+00
6.951668171844669342e-01
1.564005491442097773e+00
-1.188982459090878407e+00
1.371479318731080532e+00
-1.397796616389349600e+00
1.054720444891780184e+00
3.072093597087711681e-01
-3.942594531306268024e+00
-1.391092561180306220e+00
2.503916062473567905e+00
-2.859427218262461157e+00
-2.984280787047354888e+00
-1.082010201810471306e-01
1.584959214864688049e+00
-2.904627946125789562e-01
2.129317555792278882e-01
-3.882867597464744747e-01
-1.780625077910400700e+00
1.122800764250103445e+00
6.745472588205778108e-02
-1.899488888007431431e+00
-6.581424374934233823e-01
-6.790062220085657518e-01
3.520544944260875497e-01
-6.034313101041928196e-01
2.352304205184302111e-01
7.156455542259562153e-01
-8.852032318380911313e-01
8.113077749291798924e+00
-1.582746144721238757e+00
1.141642889421518037e+00
-1.705535726208972980e+00
-1.254824289669271176e+00
4.223728192946330506e-01
2.192931648400575084e-01
-2.723078742553888265e-01
-2.181725702342700579e+00
1.298687515340134713e+00
2.411314180114989103e+00
-1.031995817283038575e+00
-1.609309997883295651e+00
-1.751674440721761261e+00
-6.061781622706935435e-01
3.387372495415217899e-01
2.677630517960452039e+00
1.336490088118559738e+00
-7.479227893736370980e-01
-5.740388394064122046e-01
3.352598252611818541e+00
-7.766099024968303732e-02
-5.022026981615700381e-01
-6.930184793276551458e-01
-3.641316232187529200e-01
-2.056468549937782997e-01
8.122011496557529631e-02
-2.529668609842155025e-01
3.376125944561964687e+00
7.382354278283597138e-01
2.326026468436785954e-01
-6.205124234293786234e-01
-1.371667541442044280e+00
3.672352357472015716e-01
2.312641476212668135e+00
1.188789270529022613e+00
-1.359996095870675825e+00
2.480368679085241390e-01
4.010664002482938195e-01
4.375827751272740040e-02
-8.389465809883027703e-01
-7.208428898789924766e+00
1.708025746671991973e-01
-1.005257579179877903e+00
1.939871682114745921e+00
7.392223372040819529e-02
-4.949018291837244954e-01
1.919351385545134070e+00
2.422395140058652530e+00
-8.127101935127275523e-01
-2.376202624663909635e+00
1.897608357446211869e-01
-9.367378400804445837e-01
-1.649320249825619866e-01
5.657776453196668998e-01
-2.778321790852495088e+00
2.091716019280701833e+00
1.820006363769944624e+00
3.432250706674491031e-02
1.452863467146868759e+00
-7.438337776183479022e-02
4.452273683918465674e-01
-1.407052636472476026e+00
6.485369907492551933e-01
-7.090072769323954027e-01
1.066507396956865916e+00
4.090737028397494757e-01
3.982447287161762883e+00
1.259367751252431944e+00
-2.662522947025910414e-01
-4.035206604272106645e+00
7.119007083644750544e-01
2.385709775507781905e-01
-1.171312583537895691e+00
-3.240732184562250318e+00
1.255819330778586318e+00
-1.743020670749837908e+00
-3.791313855746760719e+00
-5.005292284635025624e-01
3.574875680692550350e+00
-2.196431279396712899e+00
-1.884983706439294693e+00
7.909480181844583679e-01
-5.140946690037960787e-01
1.690747939848648851e-01
1.926608905168936126e+00
1.407361587853291685e+00
-1.095570472557834796e+00
3.545372560236720982e+00
8.296217796796881983e-01
9.499140130730477916e-01
3.535402422510523501e-01
2.153057364939177543e+00
2.923626364319125592e+00
-1.201550216157433182e+00
4.763959772452103780e-01
7.911778702107533645e-01
2.070657444914294487e+00
-1.093187244995238450e+00
-8.533467839651769360e-01
9.470640465891311255e-01
1.045387940447082498e+00
-2.293970600914537528e+00
-4.849717878330840892e-01
-2.197773683882260798e+00
9.836520267129628126e-01
-5.414429036727924638e-01
-2.082230137808555259e+00
2.009308883766593556e+00
2.672471269494081092e+00
-2.243561080763055937e+00
-3.558318061934895749e+00
-2.468905219289832864e+00
-2.416771172110697141e-01
-1.153044781148216263e-01
-4.127152387112997367e+00
3.149043852269814092e+00
-7.771176459402495684e-01
-1.735416341127798967e+00
-2.518194416673819047e-01
-2.444870254274520871e+00
-8.580099855331564385e-01
-2.172693695291867400e+00
4.455506745895309040e-01
1.610573050607974344e-01
2.868914592049461199e+00
-4.588723371447757104e-01
-5.817152127206050016e-01
-4.359432420652487927e+00
-9.926671147259809036e-01
-9.240464549921924009e-01
8.078952413058227977e-01
-3.032757027735307975e+00
-5.511132958677712468e-01
1.800545055744634482e+01
2.303527537995837537e+00
-4.581006014182749664e-01
5.258805427798732834e-01
-1.772788216031313757e+00
-5.310182195703948560e-01
5.839083373926323706e-01
-4.682018382711108928e-01
9.727826113504919325e-01
8.126320319613250520e-01
-1.783647582077166893e+00
-1.427803857402710541e+00
-4.387433535676390051e+00
9.331925340397948521e-01
-1.425480000204685238e+00
-1.109302338043388347e-01
-1.056540304631654187e-01
2.530934668183209446e+00
-3.361349691180596455e+00
1.915459879545503341e+00
-8.524082299112571981e-01
3.461586154993453457e-01
9.539991653918550307e-02
1.697673412751401489e-01
-1.332096294001784420e-01
-7.101510770331860289e-01
-6.273563002944574363e-01
-2.040108976264092266e+00
-1.317758946657448249e-01
-1.329927563073490138e+00
-4.327630561482371796e-01
7.352166545081380011e-01
-2.735522780135394294e-01
-1.474370274406345827e-01
1.550176703656942268e+00
3.204372859121205508e+00
7.757675514007662532e-01
4.509171329464178313e-01
1.477488564795160997e+00
1.073084458663449370e+00
6.982799124466317897e-01
1.322837626524764998e+00
1.354354384996151017e+00
-1.464548233579661754e-02
1.182098492157753311e+00
2.561596173681313787e-02
1.160283570397892650e+00
1.888884512439972518e-01
9.837003434333576601e-01
-9.309101243016028038e-01
-4.181408622233563910e-01
-1.460623006394653478e-01
3.865787585388831826e-01
-2.271972971368180882e+00
-1.234955694459887399e+00
3.284460186077505561e+00
1.097507803331485343e+00
9.935956221397755916e-01
-1.552440743702011128e+00
1.907159358716696909e-02
-5.255445655057032761e-01
4.506367139002798172e-01
-2.208431887977384545e-01
1.011659013156474690e-02
4.192150705762977547e-01
8.943434948007463747e-01
4.102443135709910038e-01
-6.717858096733887452e-01
-1.048700606735310181e+00
-5.275941078410624208e-01
-3.169145116574765275e-01
3.223186471168717926e+00
6.602491663398253330e-01
2.813458827189365685e-01
3.431317378990223488e-01
-4.018988016093406057e-01
1.244153947716755582e+00
-7.828100194379210564e-01
1.464398433635090147e+00
2.374827536600254252e+00
2.130411612615517480e+00
-2.702610079024942102e+00
-4.395327896279768165e-01
2.064942611272297113e-01
1.281684099402845334e+00
1.906760444487273221e+00
4.903680310863247627e-01
1.002819918021855550e+00
1.295625184525882601e+00
-1.965729744094811382e+00
5.781295704739503050e-01
-4.910081060697399913e+00
-1.472974839144125969e+00
-3.852605543391574572e-01
-3.618676914743441074e-03
3.650593683101406750e+00
2.206328633838540387e+00
5.551555266631702068e+00
-1.848353365398973214e+00
7.173039516240168334e-01
8.297854855575330646e-01
4.079193998467472992e-01
-8.309829464563787127e-01
-8.701409374178425971e-01
-2.175806379434335192e+00
4.901584164104298702e-02
-2.184815783626308239e+00
5.490122823330313012e-02
7.394199059833475585e-02
-1.263574061694637152e+00
-2.916643966479750549e+00
5.795651707608534542e-01
-2.367863368915789912e-01
-3.405294043649103930e+00
5.686962642414051139e+00
-2.613844419384389606e-01
-1.509717144723032201e+00
1.021723886000210219e-01
2.512857646513580789e+00
1.537205961012520494e-01
-3.835480999482498987e-03
3.988107066370975839e-02
5.023989592340162291e-01
2.161276845894838594e+00
3.864404859516152313e-01
-2.839373827031502540e+00
-5.420166151618236450e-01
-1.706913667269448209e-02
-4.643773417755604704e+00
-4.106622804740552302e-01
-2.576472801425101267e+00
7.139254870862242974e+00
8.352741587788145017e-01
-3.042409821528919700e+00
3.497933176227673080e+00
4.050482420704417663e+00
4.553020204137112059e-01
1.453757807431757199e+00
-1.038087056607833070e+00
1.163251383352800872e+00
-3.038599113629299797e+00
3.533311093922248514e+00
-7.966951797420104286e-01
2.010495108799494446e+00
-5.374310100640148358e-01
3.098838473304582619e-01
2.034559296579889320e+00
3.433699958345900471e-01
1.681876243424488548e-01
-1.196656375034391262e+00
-4.995344256801615979e-01
3.749205949533456206e+00
-1.558590607800379724e-01
2.859275149812128713e+00
1.621472462684022883e-02
-9.362955120506293305e-01
-3.364695902792316229e+00
2.740315301735452902e+00
2.712916288373208751e+00
7.684418524424503627e-02
-1.790457644147205318e+00
2.169479297950789309e+00
-2.037883921168218482e+00
-3.787771786968965881e-02
1.323571051959973321e-01
-3.452750688183813255e-01
-1.342331253539766678e+00
1.863662184417274048e+00
-2.714309654106440206e+00
2.149547155473909010e-02
1.498605127095632428e-01
1.979264864329148832e+00
-2.530061156943460565e-01
8.710736057820079870e-01
-3.668326104272335297e-01
2.926336151754372478e-02
2.456800538589927196e+00
-9.591198916684526843e-01
-7.942453568341845127e-01
1.467324768252900702e+00
-3.180872442248082521e+00
1.103490499842060935e+00
-1.043304886230631778e+00
5.926920616439168565e-01
3.573578016107991306e+00
1.669287515442405001e-01
8.406849788256556266e-01
-1.429098352240153913e+00
-1.690164917021807156e+00
-3.411988991802491711e+00
-1.374958927214535720e+00
2.578874472122767880e+00
-1.438052716283560573e+00
-1.332056854052837691e+00
-1.733531755890219239e+00
7.233290139630053073e-01
-1.192307978113561262e+00
3.742295103463693540e+00
1.485035923476859976e+00
7.716853388447777462e-01
2.418745915121423451e+00
4.148193350116377576e-01
-8.117688571308238066e-01
5.819021858851233242e-01
-3.356948645843962908e-01
-6.013423164078454120e-01
-1.913445826881437384e+00
-2.197781825545136680e+00
-3.406849592815413552e-01
-3.279852032024284658e-01
-8.519879224562809661e-02
-1.163254824312720537e+00
3.162579832622582909e+00
2.695807325260351828e+00
-3.582235559776418388e+00
-1.734737360585061339e+00
-1.053635206549704773e+00
-1.404160131766798880e+00
-3.313362375343433364e+00
-6.124892425486572201e-01
-4.107159639895445191e-01
-1.715211011595811019e+00
-3.370093589431527814e+00
2.964053617819095710e+00
-2.466039219648266556e+00
1.923962668725063274e-01
1.559470847471319477e+00
1.746894689909290310e+00
1.902681505314085975e+00
-9.456063228932459763e-01
-3.466296898745970245e-01
-1.022610256814942664e+00
-1.434209274596561112e+00
-1.066467078164269999e+00
-4.203627612807854796e-01
-2.262075146620150939e-02
-2.459098403957738821e+00
1.296868195517551392e+00
-1.121755843591689228e+00
1.692967747665298672e+00
-8.436042427608955729e-02
2.067904537399807997e-03
-9.035778576203434831e-01
1.153267972072456571e+00
-2.320758057084041148e+00
3.434636926631303933e+00
-6.299034584103772039e-01
1.027849314427379257e+00
1.179294634862798397e+00
6.370087759947367090e-01
-1.713026685408564509e+00
1.819077277812343463e-01
1.470958135542612677e+00
-3.033644878222715668e+00
3.759085686271491089e-01
-7.096435306373907181e-01
3.032308873192900656e+00
5.478032131018426565e-01
-1.839478685180253370e+00
7.517545294900400688e-01
8.640832438170042984e-01
-1.020368692512611419e+00
1.479415603282918212e+00
7.975954587078230018e-01
-2.424317632287854352e+00
-1.058500131021837820e+00
-1.110776668255459843e+00
-2.934934544905808185e+00
1.102956359490820493e+00
1.873406711572205730e+00
6.945186496590461944e-01
-1.303031849123137409e+00
-1.142332593868162771e+00
-1.338768448120249976e-01
8.593400241236495152e-01
1.052928918639522760e+00
-1.023078473348727924e+00
3.328328629161189656e-02
5.981446044790835748e-01
3.949127782028622136e+00
5.385590317080687583e+00
1.842957918591807465e+00
-2.393295213081728878e+00
-4.894767019168141942e-01
1.889891426190160595e-01
-1.275915826893103899e+00
-1.188009637694772858e+00
4.518632018543655704e+00
-5.472754535815790300e-01
-8.421491008080276286e-01
8.704390478896811834e-01
8.090348054570288827e-01
-9.550372172587014985e-01
4.879216029757218465e-01
-1.598851546564885817e+00
-6.038615720477083393e+00
1.206535230807912917e+00
-1.017688273019751621e+00
4.000277327253832560e+00
-1.155343919307735279e+00
2.008870278344374594e+00
3.862728205192476949e+00
-8.687841923331446337e-01
-1.019796497558496329e+00
-9.642184231896102631e-01
2.086117254062156423e+00
-7.354003060593899965e-02
2.485450716562571660e-01
1.362934367069047914e+00
-2.500022641956280434e-01
5.911866129493201782e-01
-4.101891049073743689e-01
4.815822624375749039e-01
-2.381760816972311012e+00
1.200986469374849097e+00
-2.983956757163748752e-01
-1.446664816387746244e+00
6.782827432384944677e-01
1.945312516205914832e+00
9.928254603854038685e-01
4.690684680076425139e-01
-9.745451162906433595e-02
1.736044422398443920e+00
3.611206676306838448e-01
1.207993938828602065e+00
8.168363952299204644e-01
5.433194742565962132e-01
5.986054296341586367e-02
-1.112237371332797986e+00
-1.869240472656192420e+00
-1.887750025843570878e+00
1.269611327634610820e+00
4.357725852583542725e-01
-2.069252553909700421e+00
5.351869714647686793e-01
-1.369826010672897110e-01
-4.219730796581782961e+00
8.188812372691561814e-01
-6.815185874525244714e-01
-2.901209983383469027e+00
-1.015554406674658294e-01
-1.785304832737513392e+00
7.356791879306289195e-01
4.988552759129497582e-01
2.482085690654830396e-02
-3.957284834154781161e-01
2.100846221234601074e+00
2.259567807324580901e-01
-1.708590759252407443e+00
-7.218341462137850550e-01
-1.666597696100014403e+00
5.156317177683372721e-01
-3.684798163887716416e-01
5.038660208242585981e+00
-5.109573247335693624e-01
1.347160498231846582e+00
-8.883072207585450686e-01
-8.939722912457457316e-01
-1.594902747909096585e-01
1.473124169805551942e-01
1.385766491184596605e+00
1.414766788582881851e+00
-3.234639447406301160e-01
-1.367464433351169850e+00
-1.654774626492930834e+00
-3.477377320476402467e-01
2.887524450708542023e+00
-3.081801116612233743e-02
-4.194077184886199627e-01
-1.114495807535548444e+00
3.176497581046207497e+00
8.074607684303847233e-02
4.287600778153657366e+00
1.384344193723100691e+00
