-2.258796842471994248e-01
5.384764868929331483e-01
2.810810785756084673e+00
1.657032701474306258e+00
9.840361046068271111e-01
-2.345857039731590543e+00
-1.537317644617534340e-01
3.509334435633790217e-01
-1.306079751898225547e-02
7.847172593772604454e-01
-8.328383840869473254e-01
1.913608768530150162e+00
-1.484969328071737094e+00
3.410746980137264739e-01
1.475328372144725897e+00
-2.581644920585468128e+00
-8.879775690190033766e-01
-3.132855840347229304e+00
-8.416754128369278831e+00
3.704237600900027738e-01
-3.978063895546616546e+00
1.157578058976952651e+00
6.538242785787975464e-01
-4.204550726396916183e-01
-8.392768855755785573e-01
-2.855177397132655503e-01
-8.629185686556933854e-01
4.970027329443674202e-01
-1.255789121110613804e+00
-2.743213219753432019e-01
-2.733241999136253875e-01
2.110759691228360158e+00
3.387225086604822577e-01
-3.318097582037493609e+00
1.037510470293892872e+00
-3.305717451218015968e-01
1.034593809731778613e+00
-5.745216959632132303e-01
2.605976340581979578e+00
-6.355188685726400610e-01
2.016197148021695029e-01
-9.685883822326117609e-02
1.776572343232318163e+00
1.828727730661980355e-01
1.543679835715615067e-01
3.598454325832487477e+00
-5.331787376656510480e-01
5.977786176424668141e-02
1.111525576292563988e+00
-4.370360303757120368e-01
-2.142249348218447480e+00
-2.778950294286334000e+00
-9.958088847057559034e-01
1.203535875490158613e+00
-5.184764419024907173e-02
-1.436610022133277598e+00
1.405397163654377723e-01
3.043849341157398136e+00
1.195820128865538318e-01
4.011279629304649319e-01
2.477563501820454483e+00
3.583831187833956378e+00
-1.534987163560919687e-01
1.810374395021638882e-01
-1.596700273989125840e+00
2.566200919491981036e-01
-1.117720734374383129e+00
4.084789802890655075e+00
-2.450865999612705348e+00
-7.772719803447593057e-01
4.424748701745557788e-01
-3.607768391307086819e-01
3.320049025937435783e+00
3.008828166042838870e+00
1.739016817665528514e+00
4.201996928834530465e+00
1.264959034622742395e+00
2.829142124720671614e+00
6.029182337450343931e-01
-3.680111623890885419e-01
1.947724558772399472e+00
4.926741465625321115e-01
-4.893436569207791909e-01
1.797266138137977864e-01
-1.398190697155611728e+00
1.670295093048444146e+00
-5.464011884474814451e+00
-1.056773876252254940e+00
-3.437626077898016108e-01
8.538954973815412464e-01
1.175166918707041486e+00
-2.143929688111235077e+00
-9.092264473033606631e-01
-3.090531803354152451e+00
-1.373071782845690925e-01
-2.676707306562428057e-01
1.446805550534161489e+00
-2.568031689299893117e+00
2.687271886813408450e+00
-8.748831812117427997e-01
-2.864963456736110636e+00
7.841254307056746420e-01
1.133095320994103039e+00
2.117341386205680909e+00
3.384110543223248335e+00
3.657409066754708227e-01
-3.902797633594475624e+00
-9.290411497720774125e-01
1.922943289170679082e-01
3.151896319353943848e-02
5.681374066557123292e-01
9.283688674114259909e-01
-1.393547370634907301e+00
-4.699532646258701263e+00
-8.136063037992371516e-01
1.767713556511669171e-01
-3.247728708897834604e+00
-1.487061358463560801e+00
-2.537920627394390838e+00
-1.130626363970899551e+00
1.980791728241306782e+00
-5.752793701874246018e-02
1.096033970795235180e-01
-3.045570124180947413e+00
-2.745969523182367755e+00
3.070649762752233780e+00
-4.613331232938854692e-02
-6.543579108456604176e-01
-7.109048441113571259e-01
-1.513084180228088105e+00
-1.570757513525685933e+00
-1.230789352619048316e+00
7.913890063480102377e-01
-2.262631010535163689e+00
3.965921404372715120e+00
-5.751183523606655940e-02
-2.579825580649810046e+00
9.227096406329026168e-01
1.637895661884286369e+00
-1.234883454714725604e+00
1.255884710329119081e+00
-1.432255800671926371e+00
1.512077997224472670e+00
-7.452969852741218870e-02
-4.753838166367343909e+00
-1.586300774196964580e+00
2.746889115924654234e+00
-3.418693220464602334e+00
-3.503845928743976934e+00
3.622438188939111625e-01
1.375409797702269010e+00
-3.789607759962175804e-01
4.117457044186861315e-01
-3.286279938030288172e-01
-1.757242165739169915e+00
1.346266812603704954e+00
-1.269613077732011375e-01
-1.737421597030974318e+00
-6.298022901568199883e-01
-6.086611988297651044e-01
4.388392752554191034e-01
-4.619130765329849675e-01
8.458575869249915224e-02
6.666524992831485141e-01
-8.389393179588858773e-01
8.433278529000135748e+00
-1.795335901691939684e+00
7.828339536333566162e-01
-1.917355464938341303e+00
-1.355036098316994453e+00
2.503828010286321959e-01
4.816437924961733952e-01
-4.869074014332902545e-01
-2.316391947060813639e+00
1.320875452620259294e+00
2.690585515353481227e+00
-9.338988575593194508e-01
-1.486755682918267762e+00
-2.052200966391839465e+00
-7.424909811928323000e-01
4.535212450112573457e-01
2.904274825987207542e+00
1.071065365909176226e+00
-3.392190330107641705e-01
-7.004162474708182096e-01
4.141018395429044041e+00
-5.494034570305852960e-02
-4.475210800666007960e-01
-8.797508079953442195e-01
-6.442643842089285089e-02
-4.332314508836573874e-01
-2.034811813173107164e-01
-1.612995597985965590e-01
2.924436005170771846e+00
1.140338205636379776e+00
-2.264530092995558908e-01
-4.042942993305575494e-01
-1.304022591606193826e+00
1.572000006366987279e-01
2.639580938750339723e+00
1.529424951241149078e+00
-1.506448679774967658e+00
3.109219081573321719e-01
3.188662452603454600e-01
-1.024540250377870970e-01
-7.687226371944327896e-01
-7.484352078002632247e+00
1.211393021564551864e-01
-8.793897461933004589e-01
2.140294385852126169e+00
-2.488277548053839106e-01
-4.561742319200968176e-01
2.074988797311962951e+00
3.691887772913796884e+00
-7.322721493763098000e-01
-2.453385902579066080e+00
1.742477783181224926e-01
-7.847616159008634629e-01
-1.033056344155115075e-01
3.628177389462651226e-01
-2.976661475496411136e+00
2.125722685069642015e+00
1.465331534950989667e+00
1.759584695871858340e-01
2.065898476529024475e+00
-4.553807890327819276e-03
3.765683805437947673e-01
-1.362144540253267477e+00
2.385446388553369157e-01
-8.582321314992298333e-01
1.055541104718259016e+00
2.858166256652201476e-01
4.088517162853809062e+00
2.358271898429370239e+00
-4.365694810201310450e-01
-4.124041870877462657e+00
8.508912643760681016e-01
1.676491636502918381e-01
-1.337599436390979557e+00
-2.673169391742257872e+00
1.295664715573151105e+00
-1.528352380576563752e+00
-4.151100417452143532e+00
-5.637690102227110867e-01
4.236432147193418984e+00
-2.390302665150136008e+00
-2.635327307419174314e+00
1.625550776346606607e+00
-8.249748753259033007e-01
5.182085050319390485e-02
2.323803796945326461e+00
1.322817286050737007e+00
-6.093528561934882237e-01
3.685947456058506155e+00
9.309326428867844561e-01
1.170066454012315793e+00
2.711399798826428786e-01
2.900072288341785764e+00
2.917896146609479935e+00
-9.259301085738766979e-01
6.178615695195174284e-01
1.056431535903666674e+00
1.701112383187990629e+00
-1.221379879522805911e+00
-8.006317823381520205e-01
1.018565004746003089e+00
7.939308805283773474e-01
-2.053619811861829625e+00
-6.856732804078382593e-01
-2.075827218046993217e+00
8.763978431237394728e-01
-3.356649850531066015e-01
-2.046760113214292520e+00
1.452364566956708014e+00
3.041113922466426978e+00
-2.604738299153420922e+00
-3.727135607135131590e+00
-2.851012825612758927e+00
-3.288628751322971722e-01
1.587951745063134745e-01
-3.924265384270216650e+00
3.031779910625918006e+00
-8.902643220732463503e-01
-2.173764120230820662e+00
-4.841542399170169486e-01
-2.242028557241945830e+00
-1.525955504291961251e+00
-1.639275091291096276e+00
7.295604599066002338e-01
5.033688541088952029e-01
2.889564180651197134e+00
-1.454575616606327282e-01
-6.604964484704191063e-01
-4.545758787548773938e+00
-1.482718804081573749e+00
-7.873316749976581042e-01
1.075550060912420003e+00
-3.379499983803224250e+00
-8.881916088530630304e-01
1.878330992969543800e+01
2.421419449673286817e+00
9.227393429247691958e-02
6.473781604294257530e-01
-1.763530469860029593e+00
-5.924545020599886191e-01
5.213957341826593872e-01
-8.251258888023085269e-01
1.363425360307930490e+00
8.112398950335817371e-01
-2.431401699078323819e+00
-1.146049669158975659e+00
-4.908477734277401083e+00
5.946970870481141924e-01
-1.772344791880504200e+00
-3.312695431783843070e-01
6.040256255492255644e-01
2.126058317346426030e+00
-4.080578809622988246e+00
2.393682736873058214e+00
-9.572050564062176692e-01
2.283254138981429537e-01
-1.129542544673316079e-01
7.253566414080131475e-01
-1.576603842550514389e-01
-8.584662245750642739e-01
-7.865943027582844582e-01
-2.126616564275846333e+00
-6.394453939797335729e-02
-1.608448662496355652e+00
-8.507827916029873094e-01
9.815744841100029205e-01
8.162868105360318038e-01
1.402507597924608218e-01
1.291723380496724527e+00
3.533095763059131755e+00
6.683761035389718108e-01
3.577837353255368669e-01
1.753562603040410339e+00
1.638953909472900206e+00
4.592775088968180097e-01
1.450642941667198871e+00
1.557939793660697125e+00
-4.057648645335072968e-01
1.242095511109301276e+00
1.573117048261375162e-01
7.055932116848847580e-01
1.982279223403035362e-01
1.195766285299288967e+00
-1.012344259622272036e+00
-1.988365870391758244e-02
8.351952087568643990e-02
-1.432879842361020895e-01
-2.553752701283758419e+00
-8.001552448269914075e-01
3.571351164103198972e+00
1.407587202468080001e+00
1.112102759248219108e+00
-1.631036791998237145e+00
1.511111826270243597e-02
-5.198666576952213347e-01
4.811085716549196034e-01
2.129879994484883410e-01
-6.617821830768061409e-01
2.547232225053445709e-01
9.096967127249401264e-01
4.740320814748333333e-01
-5.672924781113617421e-01
-8.368604660195634315e-01
-7.349282171946729392e-01
-3.225775014581699907e-01
4.070775636613964465e+00
6.554077364643755566e-01
2.699082290676745044e-02
5.155050279111638156e-01
-3.594004938856010800e-01
1.761594236823434523e+00
-9.865533459893499266e-03
1.311512557756793207e+00
2.688676962157370731e+00
2.343374247096042140e+00
-2.196749574476470457e+00
-5.469877734492426535e-01
1.747025674068366785e-01
1.637735275473775953e+00
1.785961131831754978e+00
6.449431037813674328e-01
1.470620170074032007e+00
1.658295408552769690e+00
-1.954099737033976103e+00
5.692610314740343957e-01
-5.168717803049337256e+00
-1.801351876846181144e+00
-5.266290807655634731e-01
-2.769625493726153853e-01
5.064906248049920734e+00
2.121436409787393451e+00
6.107870450513584792e+00
-1.725688806231223449e+00
8.169254640552030544e-01
6.771172595677810158e-01
6.185545327046336750e-01
-1.138204838273746411e+00
-1.220804947421239017e+00
-1.990924756170308285e+00
2.775309539365416467e-01
-2.596284665531273461e+00
1.002772760813846892e-01
-9.949109504704208018e-02
-8.840833201954229059e-01
-2.933927434652771726e+00
7.834672303425843642e-01
-1.301668331642886201e-01
-3.466540442384745901e+00
6.425834658908677000e+00
-1.801817573859176014e-01
-1.743435774488983014e+00
1.859980474675997086e-01
2.547223457656923262e+00
4.379158243229577807e-01
1.583019246000913205e-01
-9.258692201550619560e-02
6.049610220735830435e-01
1.618868981111690752e+00
3.619412741726603655e-01
-3.013418290086138818e+00
-6.480937941224330645e-01
-3.455082268231784992e-01
-5.503422444405422276e+00
-3.790669626324290609e-01
-2.670684552071688866e+00
7.430626242913857205e+00
9.209858026907391526e-01
-3.056784422236302756e+00
3.697496175035455579e+00
3.866504250132098974e+00
1.185892242923946710e-01
1.235973902499796440e+00
-9.012942978531295335e-01
1.073578039896005754e+00
-3.473179406193972696e+00
3.772452308153615874e+00
-7.711425863451545348e-01
2.611979817663218739e+00
-2.199687982294952771e-01
4.127652773203711600e-01
2.159211189590093394e+00
6.494972746018725651e-01
-2.440092755747111722e-02
-1.811341163844607083e+00
-6.331272106202626704e-01
3.801983945800690545e+00
-2.815782125117262669e-01
3.065278693755076667e+00
-1.185909551001102513e-01
-8.724369881691574902e-01
-3.445108919935313985e+00
2.847032943915364989e+00
1.645327935706625944e+00
4.714429099012898416e-02
-2.251054402054475823e+00
2.282600399216021536e+00
-1.879896382286730949e+00
1.073782149204549792e-02
1.450866509138134808e-01
-2.306817503846962936e-01
-8.483287143633738703e-01
1.928860451936955656e+00
-2.677917622613292359e+00
-1.012897172818333184e-02
4.808402236374369476e-01
1.532427355787348677e+00
-5.653144630693097694e-01
8.854139269532231848e-01
-4.192941415304108355e-01
4.493447992697639608e-03
2.444117952898011481e+00
-7.660903016107494246e-01
-4.250009655299787914e-01
1.616897005563201928e+00
-3.593569466639323196e+00
1.404624867910806874e+00
-9.303196422431166956e-01
3.471043826024908241e-01
3.050399876761935580e+00
-4.284549844602354024e-02
5.968031276330532098e-01
-1.320889745698016648e+00
-8.123092803023439501e-01
-3.452674577772869569e+00
-1.337142610413092347e+00
2.582984193239712400e+00
-1.677594588610067383e+00
-1.554328783797501501e+00
-1.940893817559333101e+00
8.351216914972049432e-01
-1.321460182096830804e+00
3.480304887396663105e+00
1.439195740693054892e+00
9.836695268275958970e-01
2.482355281160928406e+00
4.964283877660591870e-01
-8.498811309985968565e-01
4.267065326418178484e-01
-5.906730643286166593e-01
-7.470447967770545983e-01
-1.361517151121250491e+00
-2.814564038396222045e+00
2.213275016728999747e-02
-2.120639060673582543e-01
-3.079657156095608195e-01
-1.468412723875008874e+00
3.667198514022605327e+00
2.955456476193850435e+00
-4.795753920128705161e+00
-2.402312777778827346e+00
-9.379602455952341655e-01
-8.619165057161976007e-01
-3.525521281527259188e+00
-6.511454127098043054e-01
-5.008750849472810573e-01
-1.540394941582779786e+00
-3.577011971056707651e+00
3.271111995303093156e+00
-2.578966124362333634e+00
2.196751549277229376e-01
1.268411677872536059e+00
2.010607365419285308e+00
2.016909390861831408e+00
-1.093074626592503762e+00
3.288989099273090938e-02
-1.527619436404793918e+00
-1.465294323426042267e+00
-6.251437495832227187e-01
-3.116084704037478947e-01
1.664022518527431826e-02
-2.841148600685940995e+00
6.428666254564411320e-01
-1.318185882342350901e+00
1.947120449759761618e+00
-3.892054633464924196e-01
6.055184287770647156e-02
-8.713190341848887632e-01
1.417749000553839789e+00
-2.492693574542064638e+00
3.214140790512839185e+00
-6.311790832026733522e-01
1.058901710790077999e+00
1.244375219704504154e+00
9.883125556472891482e-01
-1.764329271216659167e+00
-1.676254075954838885e-01
1.396868007058319039e+00
-3.069486876811025056e+00
2.540677491074679328e-01
-9.596881862411568154e-01
2.909061458056064975e+00
5.568582989712299591e-01
-2.001461690792553760e+00
6.629136727439857157e-01
1.083286689195613883e+00
-1.532034931995321925e+00
1.402907005117234318e+00
9.042471892475857365e-01
-1.988994211489440334e+00
-1.083404659894805944e+00
-1.562033780592587462e+00
-3.332353329171324763e+00
1.079433572897051219e+00
1.887701576065220488e+00
1.099238627332432605e+00
-1.528821722294106067e+00
-1.414656137282713999e+00
-3.052796252204714178e-01
9.562796815107131865e-01
1.273167931210234416e+00
-1.055601797309813961e+00
-2.498318174802719172e-01
4.801468815877253937e-01
3.784363172681394882e+00
6.672034396587060101e+00
1.555669172614669860e+00
-2.653100251715615254e+00
-2.676632807571207029e-01
2.996570862002602142e-01
-1.798317632683976708e+00
-1.476813481454037236e+00
4.941180234179597619e+00
-1.498484208600324163e-01
-7.255848838892809960e-01
1.449459609393755288e+00
7.793552387645538149e-01
-1.101378715637322037e+00
2.624590116339035051e-01
-1.437671322581728139e+00
-6.657694500728635667e+00
1.331413257348376344e+00
-6.464267660978623153e-01
3.876850704493510769e+00
-1.120563493663417898e+00
2.370787946698023507e+00
3.303253077638336421e+00
-7.639167660982330021e-01
-1.228456373235913723e+00
-1.115129747452113351e+00
2.078035853787857157e+00
2.885045296744291332e-01
4.253781975763938350e-01
8.820976000937325034e-01
-1.850686867454313933e-01
4.740449681638766455e-01
-5.815883201737911401e-01
5.147172345753840972e-01
-2.544920685454304721e+00
1.189034285299655380e+00
-5.970912276293706134e-01
-1.291615740607337415e+00
9.049836090901756114e-01
2.114518354091894814e+00
1.389222698871846795e+00
4.148505319329119923e-01
-3.330345213875950949e-01
1.904927500519014272e+00
6.614011237727758230e-01
1.247332844829318610e+00
1.288754890576678802e+00
6.934022140351858710e-01
2.356565881034495269e-01
-1.763619502852078691e+00
-1.711097623551470770e+00
-2.131127179796236337e+00
2.152183682523895580e+00
1.129850888349311633e-01
-1.990183556129187847e+00
4.839821819240332501e-01
1.864880432675642893e-02
-4.173621389181288777e+00
1.232474240002468857e+00
-7.236079503766873477e-01
-2.738197902577119702e+00
-1.791880274245053473e-01
-1.554271983418167524e+00
4.232005878241856256e-01
3.577890026552322245e-01
3.711623508933554194e-01
-3.078981838050740549e-01
2.080708909345796886e+00
3.315590493760250390e-01
-2.272947050335442309e+00
-5.450148786865964823e-01
-1.718357785703817919e+00
3.397065284771412230e-01
-2.046440354303484255e-01
4.821696675199697246e+00
-8.693798755983510318e-02
1.424854213092870525e+00
-9.004384715270359330e-01
-2.106863951860013628e+00
2.225767597626436209e-02
4.265500415734938544e-01
1.477236867324919212e+00
1.438794432987649197e+00
-4.655603140130323836e-01
-1.241154832071195147e+00
-1.398570021698837262e+00
-6.501873735864558412e-01
2.742237616434977987e+00
1.700261156660631268e-01
-5.217176329632959852e-01
-9.126526468540728798e-01
2.871490294683455957e+00
-2.952439685254647575e-02
4.693608765242006875e+00
1.584503109434464374e+00
