-2.932236217575502346e-01
4.810425697760956631e-01
2.707454540111474461e+00
1.660393793606287360e+00
9.368646663560211696e-01
-2.316917096066694715e+00
-1.104452477307051872e-01
3.711878390716570331e-01
3.972668106617800732e-02
7.930666619949373608e-01
-8.351958756179288512e-01
1.926999178840304250e+00
-1.427381936204108692e+00
3.486801505363313902e-01
1.458409004578102630e+00
-2.577233978329832365e+00
-9.073187762363080777e-01
-3.178773178130394506e+00
-8.524896098929930943e+00
3.741505485795357799e-01
-3.932320932925936319e+00
1.080102018676604825e+00
6.494847121470882501e-01
-3.788402180495882288e-01
-7.694825414813122322e-01
-3.015349114110255080e-01
-7.534385567217996016e-01
4.689612596255723909e-01
-1.222163438289784576e+00
-2.025508849217955987e-01
-1.685979034324713854e-01
2.124107460241368983e+00
4.047822605586446354e-01
-3.393244606032783217e+00
1.025443349424327355e+00
-3.288677780044784171e-01
1.018065989205736876e+00
-6.400304032493964179e-01
2.606391213900189907e+00
-6.695650217648443370e-01
1.062649254651498176e-01
-1.698783660940282603e-01
1.778219481272957037e+00
1.193249387474794726e-01
1.901450659739091220e-01
3.657730659150288499e+00
-5.182478350141501711e-01
4.043493709664956748e-02
1.082729411580375833e+00
-3.915011103043348761e-01
-2.123804541858361983e+00
-2.779352657035646157e+00
-9.865141869510469785e-01
1.208026781360640900e+00
-5.436233476183417040e-02
-1.433503313613110564e+00
1.201700362144828699e-01
3.013920735434538756e+00
3.366732756986862141e-02
4.695163906582471847e-01
2.525826516620996554e+00
3.417019765753338767e+00
-2.366445100403969382e-01
2.252231842680877949e-01
-1.565524069162397947e+00
2.245352380875268172e-01
-1.136344825737243269e+00
3.963628878085556639e+00
-2.461501636960944150e+00
-7.021673886885759774e-01
4.981965800490701368e-01
-3.603088532975823322e-01
3.288376950971384716e+00
3.055934944645277263e+00
1.716186437444487733e+00
4.014398686427867347e+00
1.274047199605235159e+00
2.798254274079845949e+00
4.828509094022920278e-01
-3.685324334835516358e-01
1.885110334461765680e+00
6.253132207996375813e-01
-4.754964562827559416e-01
1.878704998107347812e-01
-1.426482937657100658e+00
1.553932269963023138e+00
-5.477595966353131729e+00
-9.675415998659518957e-01
-3.081644106023251339e-01
9.221791059743249530e-01
1.249712958557787523e+00
-2.152143467734469962e+00
-8.270664065378866558e-01
-3.092263280030502770e+00
-1.881991904866269771e-01
-2.647112528013884636e-01
1.475661340303946689e+00
-2.609644596674373318e+00
2.568664295293028310e+00
-8.251990806467615069e-01
-2.773849933339223472e+00
8.167968440431377930e-01
1.096297354000576485e+00
2.144671790522834076e+00
3.443033438304961891e+00
2.673915909614397735e-01
-4.047885885097824321e+00
-9.299354131101248422e-01
1.497035323073146740e-01
-2.542768210289125808e-02
2.963647701005126534e-01
9.405885934431231776e-01
-1.400102266643873605e+00
-4.480221386359481528e+00
-8.296605202904926424e-01
1.784984247009116787e-01
-3.233311447593796739e+00
-1.331702890769001835e+00
-2.508235196595802297e+00
-1.118611322077954995e+00
1.880635426152047929e+00
7.560218284737661026e-03
7.187759183991995759e-02
-2.941096397026195408e+00
-2.643281230814811256e+00
3.040560042343010139e+00
2.378039015509019957e-02
-6.997571031099650840e-01
-7.095113998236723951e-01
-1.475927126949108770e+00
-1.512211043482647455e+00
-1.111060708938675701e+00
8.675298665295365641e-01
-2.094423549563800613e+00
3.836644494307213993e+00
-7.146619053153345502e-02
-2.534335429187652533e+00
8.882144572495107582e-01
1.628399541124786465e+00
-1.216972807879973972e+00
1.180952294650543077e+00
-1.443014584222882535e+00
1.407817550707039622e+00
-6.125771548867248173e-02
-4.587436385817706963e+00
-1.515667963764681714e+00
2.667190082994062905e+00
-3.322093704291155358e+00
-3.433983507799466484e+00
2.545997458322289964e-01
1.432843392903830448e+00
-3.295080679999455309e-01
3.398968975513371182e-01
-3.260388287752803982e-01
-1.821003743895053262e+00
1.268225949191047253e+00
-9.749754683039003889e-02
-1.792334636642188617e+00
-6.494837707865699361e-01
-6.099822766440097244e-01
4.350018828824696038e-01
-5.734658286232274804e-01
8.351833780563711063e-02
6.838776416249285894e-01
-8.663991410062743537e-01
8.356470964076171626e+00
-1.726623204381704690e+00
8.376185836281712094e-01
-1.905011363290722626e+00
-1.333364335278273582e+00
2.535364405921594066e-01
4.267769568051621443e-01
-4.397787588645206136e-01
-2.242586092873807502e+00
1.326853659053744305e+00
2.613261894766872206e+00
-9.635930573697908397e-01
-1.587708727444525625e+00
-1.977469364388331652e+00
-7.346703674185410815e-01
4.480959408912776332e-01
2.825079585646545155e+00
1.106356559273783846e+00
-4.790378831849424479e-01
-6.638776452330961142e-01
4.064939556629308726e+00
-9.277982096725777283e-02
-4.443453426957810759e-01
-8.187809577363779345e-01
-1.307104021685506212e-01
-3.730908601693324611e-01
-1.580250702938473806e-01
-1.867689977917686428e-01
3.012614203130740798e+00
1.065397633453491144e+00
-8.520667782162626158e-02
-4.560098864135604946e-01
-1.352553688675635746e+00
2.133251757426566364e-01
2.606645125612853775e+00
1.474972192887678668e+00
-1.465685559470090826e+00
2.932932818902803107e-01
3.582614593485399790e-01
3.636835075681568025e-02
-7.877062780700911926e-01
-7.494000137700503217e+00
1.577577935172787271e-01
-8.905478071107073568e-01
2.081181408975794511e+00
-1.248057642450958737e-01
-4.560659425487338381e-01
2.085299114317272995e+00
3.523384342952877724e+00
-7.442230420320401496e-01
-2.446286694506994319e+00
5.022388693540059262e-02
-7.907534086366733161e-01
-1.322368212156621037e-01
4.391380051838761345e-01
-2.949553991504247907e+00
2.155954484580475672e+00
1.580135836793578052e+00
1.496069123812425739e-01
1.917683045574849032e+00
3.523537593764631843e-03
4.221315319106090369e-01
-1.398709064065498220e+00
3.152636949159560720e-01
-8.347779357133645606e-01
1.050301791128881890e+00
3.409660859353786377e-01
4.079088210927321434e+00
2.121007271085066037e+00
-3.516126826553722662e-01
-4.102175358373746583e+00
7.943012852750702679e-01
1.998886949470830010e-01
-1.345614539503687368e+00
-2.830127381686960764e+00
1.289292697331109849e+00
-1.556206336241872101e+00
-4.113096722873641475e+00
-5.134271148420326281e-01
4.039839705659383995e+00
-2.328641622455713822e+00
-2.423059343100881335e+00
1.444403190203907394e+00
-7.176192493058372035e-01
9.182560360410256528e-02
2.135801663884807855e+00
1.322911828287757885e+00
-7.838296177401997689e-01
3.700241244045087363e+00
9.424207614531366906e-01
1.137226240414386913e+00
3.130959211792130881e-01
2.802801062409809418e+00
2.921094385389334303e+00
-9.575966146218882757e-01
6.180338983627483573e-01
1.004094725607887151e+00
1.793350372647993130e+00
-1.188065019437697822e+00
-8.239055689896551682e-01
9.812687192432201222e-01
9.423780259667641213e-01
-2.086698364047045118e+00
-6.140865339596722761e-01
-2.141594116363740863e+00
8.970219207292962071e-01
-3.323416067342197522e-01
-2.042028386885499813e+00
1.545219402427761679e+00
2.957678949112955369e+00
-2.516109883068361253e+00
-3.739327179073736573e+00
-2.806248198178121100e+00
-2.706875828406948292e-01
6.394901284724621715e-02
-3.940490099772990806e+00
3.115121988430550104e+00
-8.639298979615669394e-01
-2.045900926774301354e+00
-4.566050533168246051e-01
-2.289835536455240295e+00
-1.390097164681414643e+00
-1.745015245982266983e+00
6.419329613519410005e-01
3.894524176816498984e-01
2.903485012320882852e+00
-2.117502557616128267e-01
-6.626647604976754202e-01
-4.530158480185597192e+00
-1.397176468570095809e+00
-8.233731680011308063e-01
9.557336212613565252e-01
-3.326354365647839817e+00
-8.254384125617842960e-01
1.870691100664047113e+01
2.466786569671663099e+00
-5.255943438239737975e-02
6.503341523720270745e-01
-1.780472734933103540e+00
-5.973694094679133926e-01
5.232757586166610908e-01
-7.478377462044527579e-01
1.277956676572050476e+00
8.186623246405130283e-01
-2.334184648760002201e+00
-1.185735680297281602e+00
-4.789505972006760537e+00
6.395924085777749957e-01
-1.694954103427781522e+00
-2.937497118221444881e-01
4.699485673186885037e-01
2.315386548535290245e+00
-3.951842824100600726e+00
2.291100638953837532e+00
-9.212781122275934820e-01
2.544219007600231897e-01
-4.169196387642266910e-02
6.304427661555241924e-01
-1.717297174097802415e-01
-9.002349950805184076e-01
-6.431466770658519350e-01
-2.072608265121963278e+00
-8.155321635186960072e-02
-1.561943904456304821e+00
-7.630660346855402398e-01
1.016520514663011410e+00
5.772567993621756655e-01
8.713764488651881690e-02
1.319726728969127905e+00
3.499508416769570918e+00
7.133880778853646243e-01
3.982937637483628390e-01
1.707749782037752073e+00
1.510335850461059115e+00
5.333010012002025180e-01
1.447050121747357698e+00
1.544571813642188873e+00
-2.903776079539249211e-01
1.221778980825744876e+00
1.142247015068338090e-01
8.284571800235048800e-01
1.214360487778644027e-01
1.159789500982879362e+00
-1.036436421419817400e+00
-1.208822424351927854e-01
2.525943486520311129e-02
6.489279527466152060e-04
-2.536415255226927901e+00
-8.526184283689345333e-01
3.479400477936206659e+00
1.338286543722297939e+00
1.119453242114523794e+00
-1.689261611417229636e+00
1.129312897839254703e-02
-5.226061745344734444e-01
4.648070559721159678e-01
5.498795675872643340e-02
-4.994899692697478133e-01
2.805002317570188253e-01
9.193212699655105569e-01
4.565661506129447544e-01
-5.914620641723233874e-01
-8.591200920999023660e-01
-6.587357630645208628e-01
-3.234304344905036266e-01
3.887410074014919559e+00
6.525715404435281641e-01
9.712621962660900055e-02
4.727760527227042320e-01
-3.618692547738409093e-01
1.592855594339386505e+00
-1.739477195422793332e-01
1.369608390574581502e+00
2.629346857171745988e+00
2.337727922014794846e+00
-2.360167323737107026e+00
-4.833580521429845511e-01
1.468683446455678054e-01
1.552711864949703369e+00
1.790736314447804123e+00
5.313088362060019998e-01
1.319988727779634274e+00
1.607817354105121277e+00
-1.976983573605980871e+00
5.810180674569399573e-01
-5.021368522504123355e+00
-1.684784654759406086e+00
-5.020543009595407336e-01
-1.968105871460979484e-01
4.731663535110786079e+00
2.169049749829858431e+00
5.960353900739590038e+00
-1.734150782681758374e+00
7.450416849404332131e-01
8.006276293291563206e-01
5.785607082225305842e-01
-1.103421926239491091e+00
-1.142655771509359930e+00
-2.035263019295688647e+00
2.249152785983499492e-01
-2.460796007111591521e+00
1.087185580063254331e-01
-7.515798981261183342e-02
-9.843040521255607134e-01
-2.903261216080486040e+00
7.246660893715907159e-01
-1.585584843568165203e-01
-3.413790229886161764e+00
6.294132338216990696e+00
-1.991944667817203141e-01
-1.716860975694679325e+00
1.647872773719134543e-01
2.520933417024891821e+00
3.644680975249643962e-01
1.443565959540219767e-01
-6.347820417851210428e-02
6.015884584018167391e-01
1.712489726977328042e+00
3.926206266691577018e-01
-2.972095556377286840e+00
-6.478550705469569015e-01
-2.622195701331993534e-01
-5.358633226387731874e+00
-3.816759362428541746e-01
-2.654613204985908581e+00
7.381485345966976475e+00
8.914016319671694832e-01
-3.063420912266301865e+00
3.629185791242684811e+00
3.907440508207927543e+00
1.898007378427154224e-01
1.327619870090185117e+00
-9.299340509598473803e-01
1.127947464960916468e+00
-3.382444550951460904e+00
3.620369288162762711e+00
-7.748095368734926325e-01
2.376261178591014378e+00
-3.082189082718370110e-01
4.053871581396661372e-01
2.118825041404447607e+00
5.443762481489587968e-01
5.302595337698660927e-02
-1.666499597745316530e+00
-6.390891739818503892e-01
3.807422273427810921e+00
-2.664517405375084746e-01
3.026061560818079421e+00
-8.125219241473398413e-02
-8.947734329448510104e-01
-3.455129562936199772e+00
2.824180439948989818e+00
1.909729888904066586e+00
4.200661418898216787e-02
-2.152629508046534745e+00
2.330442315912704121e+00
-1.889542859824882237e+00
1.763397332562139166e-02
1.427975597990469581e-01
-2.489498851931804813e-01
-9.460084586070035551e-01
1.922277842187804398e+00
-2.662288442415533307e+00
1.874010581940029757e-02
4.032546620569096851e-01
1.737598733068041357e+00
-5.192741877312148091e-01
8.546090332862378292e-01
-3.946939088525394101e-01
-6.901881732325343063e-03
2.470873123405939342e+00
-8.875992472948730505e-01
-4.902000231691456267e-01
1.635304350501136650e+00
-3.521033798442747109e+00
1.332700074376838906e+00
-9.623489416070702962e-01
4.102817010391847097e-01
3.178712599937473016e+00
-1.382249070786221827e-03
6.243048499344229230e-01
-1.354941307080690160e+00
-1.010873300794639551e+00
-3.296116803201698531e+00
-1.344271211788705012e+00
2.537493733841100330e+00
-1.639852734266221912e+00
-1.489124493509598190e+00
-1.934628078351925629e+00
8.063466153026886962e-01
-1.338283827306817164e+00
3.531512429121205887e+00
1.537703254219613180e+00
9.649992296921902080e-01
2.470038143945025411e+00
4.742251555669399488e-01
-8.362253332943452300e-01
4.769029131413197176e-01
-5.532099857108543350e-01
-7.012179463216332564e-01
-1.488224022663852342e+00
-2.649068758033173765e+00
-1.727603697357684223e-02
-2.326073625495287678e-01
-2.383046575718347215e-01
-1.403919541000170357e+00
3.515157694419022594e+00
2.913014885615722971e+00
-4.398203548554007192e+00
-2.269266333437015337e+00
-9.841074761126001880e-01
-1.065509981312552812e+00
-3.508483528005674756e+00
-6.350289788375637068e-01
-4.807941671067648137e-01
-1.480747121457878235e+00
-3.639387470058673912e+00
3.226242714299697223e+00
-2.560474128800987348e+00
2.093003222118827999e-01
1.332078772830956659e+00
2.011426245896942522e+00
2.006699247871145175e+00
-1.070389917056199458e+00
-6.637897763911085325e-02
-1.427598353964842914e+00
-1.512308546330881631e+00
-7.708601645177437511e-01
-3.544102537591673485e-01
1.068148053835288672e-02
-2.756952550300911575e+00
7.759122381558626325e-01
-1.304146259265714924e+00
1.871560747391085133e+00
-3.453732292517341929e-01
-4.179701172664807007e-03
-9.075842664570672458e-01
1.344316224468387944e+00
-2.416106342754837932e+00
3.333738808601024228e+00
-6.564670650822753695e-01
1.065782516060347573e+00
1.261007215549266425e+00
9.261780754309968389e-01
-1.780911013684743027e+00
-1.069732789315876315e-01
1.424145405385327301e+00
-3.066304349025577913e+00
2.962847366356178291e-01
-8.802791333913304594e-01
3.124308287551162522e+00
5.546684389055750453e-01
-1.956389060624202925e+00
7.602963763709085221e-01
1.025903578603915678e+00
-1.436364363743888539e+00
1.461622015513173611e+00
8.602141203673776548e-01
-2.051934346624739280e+00
-1.098903415281585971e+00
-1.418748404766363658e+00
-3.174591288726910765e+00
1.078069680670231012e+00
1.901490766013863798e+00
9.566510028701301627e-01
-1.471859096619236196e+00
-1.350993335002473428e+00
-2.591218591001774874e-01
1.010141029046348393e+00
1.227524116837435120e+00
-1.034799155405435656e+00
-1.987670089251591665e-01
4.891652880450821916e-01
3.852507142537755058e+00
6.413246765345859579e+00
1.620719515322216475e+00
-2.585631704022273158e+00
-3.352322070438954471e-01
2.591389194262991857e-01
-1.677287423600250627e+00
-1.445238012311854447e+00
4.849789695855970528e+00
-2.535535670713383039e-01
-7.707256942510347653e-01
1.346379147458037995e+00
8.191346130692211958e-01
-1.062590018507452161e+00
2.873920703432560342e-01
-1.463533516530258538e+00
-6.571627165772803814e+00
1.273430655711609072e+00
-7.429124068995117680e-01
3.893648301164864378e+00
-1.149119968144656889e+00
2.325753860739373735e+00
3.363254275968022178e+00
-7.240627467410599705e-01
-1.202099894430064042e+00
-1.060673306354410039e+00
2.077450885095030841e+00
2.036827105415867090e-01
3.394996613448377776e-01
9.571265252913698784e-01
-2.041116776348781414e-01
5.096108684406112088e-01
-5.314080251205536287e-01
4.868172589702146613e-01
-2.524584384930004699e+00
1.203626337287560188e+00
-5.224684030983116623e-01
-1.356581998757238061e+00
8.627443916542195668e-01
2.120767046633795783e+00
1.273601264490874518e+00
4.393394404138565856e-01
-2.976720370493333712e-01
1.889429528752635479e+00
7.013886690228825493e-01
1.215622932029944536e+00
1.172746669878768300e+00
6.309394836822208585e-01
1.736591215375088426e-01
-1.515340969699761953e+00
-1.733780814290692307e+00
-2.062712575033298190e+00
1.908047320504722588e+00
2.139738278321818565e-01
-2.036194234499577149e+00
5.008839822135524589e-01
-2.317109068510251474e-02
-4.137069545228606593e+00
1.140866074881370595e+00
-7.118407216384238234e-01
-2.763301999393401598e+00
-1.688386178389668368e-01
-1.619949786449416784e+00
5.087559689623801784e-01
4.230480377491056543e-01
3.092609418357797901e-01
-3.129283615888387993e-01
2.101627462043621275e+00
2.662647478692366509e-01
-2.131083362893543054e+00
-6.039820438357904608e-01
-1.786308494450152384e+00
3.461966018400998157e-01
-2.332181833597790632e-01
4.786065894781109442e+00
-1.672689715906821306e-01
1.417848694814312305e+00
-9.076815754127290914e-01
-1.880784773937530296e+00
-8.912899350687585043e-03
3.593027914260911726e-01
1.397902665169876713e+00
1.444550166473022701e+00
-3.748987729775760114e-01
-1.253829828659521306e+00
-1.396893424666301842e+00
-5.820711861341418825e-01
2.793083109243941209e+00
1.187249643087288503e-01
-4.848098527920535195e-01
-9.348568054937099747e-01
2.944714172868786672e+00
3.927713400798754639e-02
4.647092760894868668e+00
1.627750717482451481e+00
