-2.875856736245051004e-01
4.774279415610438448e-01
2.738609090891534592e+00
1.652105044829440761e+00
9.379579359325785903e-01
-2.361829632515249688e+00
-1.078651291104427840e-01
3.711248747361875489e-01
4.495025652780241382e-02
8.005567439224646753e-01
-8.132430518711956102e-01
1.910230756547281361e+00
-1.427522373689908530e+00
3.496468977518787380e-01
1.453838168546683463e+00
-2.577337537428834313e+00
-9.157426038634991494e-01
-3.184925585067151843e+00
-8.435371330156479885e+00
3.748547356638534667e-01
-3.931749068237459177e+00
1.089788474737553470e+00
6.463797210056818621e-01
-3.768555759052748533e-01
-7.698514919161804082e-01
-2.963816851477549807e-01
-7.865804753293784701e-01
4.718355694634864816e-01
-1.223211420256704374e+00
-2.321120644403743549e-01
-2.150554205250984618e-01
2.118933486754649653e+00
3.934988130692562147e-01
-3.398197667058423743e+00
1.029810666251938178e+00
-3.243553032093107191e-01
1.026718108527719941e+00
-6.386771827358265208e-01
2.606354808676047519e+00
-6.708443571685192008e-01
8.484544298336002544e-02
-1.851224729940130487e-01
1.778543799379517454e+00
1.225209658284544673e-01
1.785700614911942263e-01
3.659804542227796720e+00
-5.093399956962438857e-01
4.010444827334633255e-02
1.083566847618731011e+00
-3.862981556522103732e-01
-2.122209839913936857e+00
-2.782357055434322657e+00
-9.853017039960718648e-01
1.206697675557113048e+00
-5.918707539699513687e-02
-1.431501127891757541e+00
1.208204175889978499e-01
3.015453127781601683e+00
4.702811797521471576e-02
4.467199275373969214e-01
2.518257390552882669e+00
3.423658252254356160e+00
-2.319878088877984357e-01
2.194171044068747856e-01
-1.570490631261797887e+00
2.214131224922636920e-01
-1.137576543451049638e+00
3.959259536972732807e+00
-2.452349313251940721e+00
-7.039534867870709256e-01
4.975672992079208656e-01
-3.581739352965240264e-01
3.289305472447833889e+00
3.059933465093869653e+00
1.727394343529153664e+00
4.008015283239398485e+00
1.277937484105895471e+00
2.790909375262038861e+00
4.892182011947496245e-01
-3.776186535250222742e-01
1.888752018116260478e+00
6.259137944246345731e-01
-4.815486572820278921e-01
1.889459792224505996e-01
-1.429258295823222946e+00
1.555129299692755485e+00
-5.478330598420773079e+00
-9.621305522652136011e-01
-3.157820563771192024e-01
9.135684568428660279e-01
1.244206257058904530e+00
-2.153971507767107774e+00
-8.295624841709615671e-01
-3.093962923346431637e+00
-1.855921893553467150e-01
-2.552747438289180160e-01
1.485364660948246485e+00
-2.618842261197487531e+00
2.588276186373097421e+00
-8.243961167435578385e-01
-2.772707626174548690e+00
8.064251770865692448e-01
1.096335961795691594e+00
2.141938124103327734e+00
3.445655988960087068e+00
2.660460525360354711e-01
-4.024511392769974272e+00
-9.304216253984676221e-01
1.473203012831622583e-01
-1.243492874976277578e-02
3.876006729588846178e-01
9.474225498474009299e-01
-1.401091764136383144e+00
-4.485119875915125398e+00
-8.332820757560331915e-01
1.763294583445277064e-01
-3.242974490873202775e+00
-1.359936514183123224e+00
-2.513550754958816746e+00
-1.113311470674150705e+00
1.887220081369298974e+00
1.607193872683106151e-02
7.331133619795483780e-02
-2.980170586669733890e+00
-2.675124816429595320e+00
3.041059059664574349e+00
2.987797014798179718e-02
-7.055697763662982513e-01
-7.106255894810580287e-01
-1.477554810304037902e+00
-1.524687074496955175e+00
-1.112156602893088264e+00
8.564884372935653856e-01
-2.102137290553679705e+00
3.840837305454126938e+00
-6.675917126747391017e-02
-2.538183311134962317e+00
8.721860805135767114e-01
1.627299839136658210e+00
-1.215907231666285782e+00
1.197639047121988431e+00
-1.444095804868620991e+00
1.406787844983874214e+00
-7.600677928755701640e-02
-4.587958320346180230e+00
-1.509186091002187702e+00
2.664225239386341926e+00
-3.312345791341356094e+00
-3.405695100937679687e+00
2.534847031080420532e-01
1.450405896025648511e+00
-3.441517358920304637e-01
3.415555239653303432e-01
-3.296333944402901617e-01
-1.821990523502150516e+00
1.278796258490417781e+00
-9.582096547947185905e-02
-1.788475073311046604e+00
-6.490099505523058143e-01
-6.074584964060734116e-01
4.255510462934569693e-01
-5.542475011460802348e-01
1.006815476727171005e-01
6.844919804822036102e-01
-8.667282993276558267e-01
8.352061541071062578e+00
-1.725753980315990255e+00
8.468099342365794646e-01
-1.906812718281242658e+00
-1.336476716543365306e+00
2.558797603098285633e-01
4.324086085147136327e-01
-4.427259856275990724e-01
-2.262251081339543113e+00
1.324983552236477902e+00
2.617717698579526964e+00
-9.645770695691661123e-01
-1.569089397937369013e+00
-1.982423905121937224e+00
-7.310780767926642332e-01
4.456656544312623258e-01
2.829714043797217027e+00
1.108347894914361254e+00
-4.756522436868345638e-01
-6.698483529044874096e-01
4.054210920911570426e+00
-1.077539813899666687e-01
-4.399381856783233791e-01
-8.299384748030040893e-01
-1.260749271607634614e-01
-3.748700447154616477e-01
-1.509451312846405435e-01
-1.875148446867464791e-01
3.013414552184876527e+00
1.046999787825862782e+00
-9.158604428756332572e-02
-4.523884568075876578e-01
-1.360713745089776605e+00
2.179070313782191515e-01
2.603893269775226393e+00
1.466966463897538375e+00
-1.462809874906773722e+00
2.927188644828975228e-01
3.458572278096518349e-01
2.011047304197284905e-02
-7.913819144500119362e-01
-7.499123240083922504e+00
1.520471949294021075e-01
-8.960421009851783358e-01
2.085992915960215743e+00
-1.278257137248974551e-01
-4.526395032023647902e-01
2.058588138812117663e+00
3.432381858328946045e+00
-7.439706868672489870e-01
-2.447309676702264625e+00
5.158600835397796763e-02
-7.910636470629864858e-01
-1.363838486898189262e-01
4.459210439894264466e-01
-2.944374049218956735e+00
2.142879963306398405e+00
1.574976306701263429e+00
1.451100150302646052e-01
1.918717346778730182e+00
3.942994656459060734e-03
4.307118544521474912e-01
-1.396397725796235445e+00
3.166280533982305800e-01
-8.337692676826945481e-01
1.046212621383749486e+00
3.347834088826605048e-01
4.083616208227033972e+00
2.107251388707549911e+00
-3.472292708751000267e-01
-4.125041120756661073e+00
7.987077883354970487e-01
1.922365398103218770e-01
-1.333978285861844970e+00
-2.834051836003427916e+00
1.287101671436907013e+00
-1.556686175744892875e+00
-4.107860805555326067e+00
-5.167425074379798922e-01
4.042435322064096503e+00
-2.344743302655581285e+00
-2.419653140578470918e+00
1.420215361540035692e+00
-7.291993637554945451e-01
8.907385135866387194e-02
2.157437837648047196e+00
1.329198238654667463e+00
-7.553153026857618579e-01
3.699430564282286671e+00
9.422922943017201236e-01
1.102284058646829212e+00
3.152615970279889490e-01
2.784894096235289052e+00
2.918277301109666322e+00
-9.537113852995360297e-01
6.189053920408907894e-01
1.001347062054908976e+00
1.791762614091571004e+00
-1.201181882506123788e+00
-8.155031754020448664e-01
9.755280387271192399e-01
9.362573205153986722e-01
-2.086746781611292789e+00
-6.193577383117295776e-01
-2.136471655913067647e+00
9.061244820624444474e-01
-3.463803839358929326e-01
-2.044613227456845816e+00
1.507995545301087814e+00
2.957725723231181991e+00
-2.516563088311402741e+00
-3.738488907708538811e+00
-2.804351652987997934e+00
-2.792919605284089335e-01
6.657773863213904686e-02
-3.976861947916366269e+00
3.107887380235268893e+00
-8.775462084579416233e-01
-2.066693672193850251e+00
-4.612802222505487104e-01
-2.288919514998866589e+00
-1.383242877645795010e+00
-1.753447245819065525e+00
6.475630592774306304e-01
4.084870567973004074e-01
2.905029210836193698e+00
-2.066324058758345628e-01
-6.662748919271898052e-01
-4.531328501297829270e+00
-1.395976087836154900e+00
-8.242949858604018409e-01
9.708413618401566803e-01
-3.290366603352403274e+00
-8.321626786405759146e-01
1.874323160410550670e+01
2.455524678339492617e+00
-4.939354213148099831e-02
6.342458224785118004e-01
-1.778422896740895931e+00
-5.918072903355898751e-01
5.211255272307822040e-01
-7.487823061079464937e-01
1.287675159197253061e+00
8.197444049370291586e-01
-2.328980100459235203e+00
-1.189967056771921383e+00
-4.787479819035816320e+00
6.404216144748520190e-01
-1.721211273567381017e+00
-2.992327390245105856e-01
4.664969498458305108e-01
2.306175153532121769e+00
-3.946035163036132776e+00
2.293247920738825218e+00
-9.177550215001026856e-01
2.529623750893210676e-01
-4.365557803527107122e-02
6.440926082803536401e-01
-1.718047143400594778e-01
-8.656238512061718016e-01
-6.655468801277687474e-01
-2.070093623754885037e+00
-7.816829765707702937e-02
-1.558594120537296845e+00
-7.624176676435753253e-01
1.015529492423518976e+00
5.566703134603068204e-01
9.728362346429307583e-02
1.302741379744678296e+00
3.490091679219890164e+00
7.113446904177312957e-01
4.003203889882243627e-01
1.709664857387993342e+00
1.506059418683229678e+00
5.321335944655942729e-01
1.436468082688889147e+00
1.549773468895638162e+00
-2.959714776260534697e-01
1.222200447459703687e+00
1.135854668428514375e-01
8.343023876042909848e-01
1.573066070125174187e-01
1.141030846080699268e+00
-1.032080312011739442e+00
-1.207221187707298166e-01
2.979528685599523719e-02
-1.221959692472712310e-03
-2.451649684674551022e+00
-8.697726674077346232e-01
3.475638299287885591e+00
1.340906016240009935e+00
1.105645604982659735e+00
-1.680667299590097530e+00
1.439241710939195319e-02
-5.211219743278215910e-01
4.640199164618840078e-01
7.310980764674956944e-02
-5.013823198955484894e-01
2.736507318756005169e-01
9.206161563103354428e-01
4.598370246926013483e-01
-5.936307650873938746e-01
-8.726230695762501322e-01
-6.545426270793107681e-01
-3.234307562207051068e-01
3.887459729047300971e+00
6.470759311989642271e-01
9.507229081568042972e-02
4.767553046200588840e-01
-3.634453911318092922e-01
1.594691147129708275e+00
-1.980994925726285993e-01
1.354835404095462881e+00
2.637375100528766669e+00
2.323316009659722070e+00
-2.359158273016723317e+00
-4.926834943525864041e-01
1.609277198914823848e-01
1.554745088150068399e+00
1.781136182265960821e+00
5.396317004980498711e-01
1.309734841160918872e+00
1.603783755165999469e+00
-1.982419674206783444e+00
5.704606500869922048e-01
-5.055921363226602239e+00
-1.694295386152346872e+00
-5.006799022160910440e-01
-2.003215566329057395e-01
4.792911331840089773e+00
2.165929286298081458e+00
5.987024096422247865e+00
-1.730174842731803997e+00
7.705266140504640759e-01
7.863952667344481506e-01
5.799205678719930868e-01
-1.102400879947700529e+00
-1.145424409251087461e+00
-2.034621467722593113e+00
2.225707729679668734e-01
-2.489331637904373284e+00
1.082005442476488971e-01
-7.132879266335354074e-02
-9.800422845906520131e-01
-2.920564221215833367e+00
7.160833429930201222e-01
-1.636427415660621221e-01
-3.435382870405359945e+00
6.288423043927709344e+00
-2.057919685959115341e-01
-1.717037286548654951e+00
1.655690565789159907e-01
2.519230402443782157e+00
3.591103828963121414e-01
1.390216940295584125e-01
-5.230832816073097136e-02
5.902495582593486612e-01
1.715407030318278903e+00
3.799191184924777254e-01
-2.974728016568800371e+00
-6.334859426066536958e-01
-2.497522155758900575e-01
-5.356186811742978726e+00
-3.908491986194257417e-01
-2.640119005616989867e+00
7.368858053627255877e+00
8.910025819266651492e-01
-3.064390045598917034e+00
3.656991029427712814e+00
3.905755392046873276e+00
1.864890638481212226e-01
1.325613449367224028e+00
-9.302605241386147084e-01
1.123416199944129668e+00
-3.365796378853919801e+00
3.645535120550886354e+00
-7.728630310055176755e-01
2.363563530990213657e+00
-3.101888470154660071e-01
3.985255139669591218e-01
2.120980369484097849e+00
5.731444779164263092e-01
6.640290042220335642e-02
-1.681743000662596188e+00
-6.268771805659317797e-01
3.808033271802220732e+00
-2.666426100182042180e-01
3.030729224784317832e+00
-8.599970095023752592e-02
-8.958701069241336024e-01
-3.453420167499541726e+00
2.813160480087204096e+00
1.907304164351490083e+00
4.324553304611409438e-02
-2.150407369925140699e+00
2.331074264399720430e+00
-1.892105118612612769e+00
1.201657360892740070e-02
1.378941518930502652e-01
-2.538372941451895737e-01
-9.523794435576654616e-01
1.927335687165622424e+00
-2.658090397974813168e+00
1.778684834049610447e-02
4.042957906667180579e-01
1.733473209495691059e+00
-5.254242068413519373e-01
8.659348612395986189e-01
-3.797295130334309987e-01
2.244959841681866061e-03
2.469185955384485265e+00
-8.708879454025364453e-01
-4.923128033927251512e-01
1.610894662579238634e+00
-3.516104623897736925e+00
1.343027915106000947e+00
-9.594774682535227583e-01
4.064297272223525437e-01
3.167424096607470041e+00
-1.218278440904744728e-03
6.231719814575789052e-01
-1.354530009667453960e+00
-1.007576523815071345e+00
-3.292077743887485752e+00
-1.348542739271957336e+00
2.546970304045546918e+00
-1.633586955549277908e+00
-1.487716071832029696e+00
-1.937039648871657915e+00
8.057474305236088652e-01
-1.340881964474434307e+00
3.519301466553254709e+00
1.539799137712694055e+00
9.669127110279918114e-01
2.468652086700340309e+00
4.722156830023773177e-01
-8.290789670862422911e-01
4.715906033478597381e-01
-5.558550208878128007e-01
-7.011748497590709617e-01
-1.491210542396398164e+00
-2.643611945256059581e+00
-1.338621252002655110e-02
-2.359339560791532120e-01
-2.296435608998031730e-01
-1.406259748304531820e+00
3.530880731251132776e+00
2.913041702352757056e+00
-4.404254990643301504e+00
-2.270827554157558215e+00
-9.729885936313503736e-01
-1.070985999385928755e+00
-3.505542510777506671e+00
-6.363852911214716856e-01
-4.809091533035739774e-01
-1.508845811520077573e+00
-3.615009113329227475e+00
3.224991598967829720e+00
-2.563966040149889380e+00
2.030711379623582336e-01
1.331017253668276501e+00
1.996165433751761586e+00
2.004587869784474119e+00
-1.071148485455299504e+00
-1.032791832484147854e-01
-1.419811707823001923e+00
-1.496995692562144376e+00
-8.081792997145866853e-01
-3.548714168663483770e-01
1.100282499223930420e-02
-2.758068108859125900e+00
7.805472396018164893e-01
-1.308785833884275274e+00
1.870793418059609969e+00
-3.400507029715491014e-01
1.637252204930658359e-02
-9.071888126440088573e-01
1.353286738675449241e+00
-2.434520555211229009e+00
3.314560502120655006e+00
-6.508724192911004014e-01
1.061492001204303204e+00
1.265095377557140077e+00
9.252703847793662950e-01
-1.766491503896030713e+00
-9.509975948791714317e-02
1.432827099467838705e+00
-3.062845593835870961e+00
2.999543500995447420e-01
-8.860267885160612034e-01
3.056533395471533687e+00
5.527865950299589715e-01
-1.963147708346271392e+00
7.514778887079515135e-01
1.013557865658062385e+00
-1.440522468404635825e+00
1.465989237406366552e+00
8.630015364107048725e-01
-1.997889844897683398e+00
-1.100523552742790123e+00
-1.439563043368512485e+00
-3.158497794070005416e+00
1.079612862649733218e+00
1.896586150857804354e+00
9.604045117414964361e-01
-1.473813716959021969e+00
-1.365380217741978042e+00
-2.628944740054492413e-01
1.009238158700483501e+00
1.232343165970537280e+00
-1.047831889905963099e+00
-1.966110865037417610e-01
4.949062402754715317e-01
3.852379153400154799e+00
6.416628034896057819e+00
1.619238027919681855e+00
-2.586356221103573549e+00
-3.204200349486848176e-01
2.668685970025931331e-01
-1.679122070740764805e+00
-1.433224874491586531e+00
4.855364665596279217e+00
-2.530591606536066185e-01
-7.656783372363822338e-01
1.349159794320618166e+00
8.191541638706700823e-01
-1.056023458167346663e+00
2.970192509294041772e-01
-1.477801775386961225e+00
-6.553283681350389855e+00
1.277063002079457332e+00
-7.694937840683055974e-01
3.900994476476653094e+00
-1.148722079063008161e+00
2.322861905141293093e+00
3.376180080196760080e+00
-7.542594606562208481e-01
-1.192068625451798258e+00
-1.059784831218254508e+00
2.091592195429717638e+00
2.039395631364286643e-01
3.288915190516667475e-01
9.561120310318467208e-01
-1.948215035956291086e-01
5.112243870223615039e-01
-5.320966359925665135e-01
4.866759289910481678e-01
-2.525408602576678430e+00
1.201638464476433299e+00
-5.152903182575970797e-01
-1.327721873328530311e+00
8.651346367716828967e-01
2.111941502057158360e+00
1.275394713691949011e+00
4.360509866653337063e-01
-2.907799456237436520e-01
1.886016367411922579e+00
6.850011529379071984e-01
1.208416999258930646e+00
1.169156198115184120e+00
6.550990736032790140e-01
1.756474154791678732e-01
-1.528473670197984857e+00
-1.722359490523120984e+00
-2.063144455109771513e+00
1.893163863001009473e+00
2.124013486124277927e-01
-2.050589763214621275e+00
5.027061502613069388e-01
-1.845439912932123408e-02
-4.201030252601642090e+00
1.138104141000843006e+00
-7.144715689896111721e-01
-2.764137574572267386e+00
-1.736605875996947990e-01
-1.619052440964499517e+00
5.090094390231594268e-01
4.276357708971740834e-01
3.038375169248960228e-01
-3.149093760498488659e-01
2.096828823342943959e+00
2.462567672422795451e-01
-2.140695829143488549e+00
-5.977752064397741094e-01
-1.785408620871471452e+00
3.461876865961440730e-01
-2.295826967112563344e-01
4.785911341789433671e+00
-1.542929070619761811e-01
1.414159304783973559e+00
-9.032737252479563494e-01
-1.892113061139709895e+00
-8.025428007006727912e-03
3.560969520257574183e-01
1.403046174942678137e+00
1.439147879868809765e+00
-3.918112092467004870e-01
-1.253086087691605233e+00
-1.440420566017277748e+00
-5.950041545314531666e-01
2.783075076367834466e+00
1.203122094928774644e-01
-4.871312044065033708e-01
-9.361569302021295336e-01
2.940943440029062383e+00
3.123098863792949514e-02
4.639213526213890937e+00
1.591107098097052974e+00
