-2.274904420571128016e-01
3.913155997203686121e-01
2.712550659584851864e+00
1.094968791476604197e+00
9.005860552445256184e-01
-2.124366506827196854e+00
-4.221666042423659337e-02
2.989657963098393822e-01
-3.191720023221234492e-01
7.852840341228373156e-01
-8.286590082027838200e-01
1.826616615767718166e+00
-5.544222143182736540e-01
3.476983317274485730e-01
1.466634025405639807e+00
-2.260208309938733784e+00
-8.408229053736678837e-01
-3.081299697170057694e+00
-8.377967038734238869e+00
4.287896016905771712e-01
-3.576608022856102576e+00
8.628158957368715631e-01
1.056194629375880600e+00
-1.662199887796927955e-01
-7.254533658548084629e-01
-1.120213761305639821e-01
-6.858352083250317532e-01
4.689231806085396026e-01
-1.069276721687239640e+00
-4.741282489090351548e-01
-5.100144846755171324e-01
2.180896486889825070e+00
3.104279639072357044e-01
-3.306927163522555890e+00
9.358259581921429815e-01
-3.836594102140800100e-01
7.899983500112179868e-01
-5.567757631800790419e-01
2.569022040882516844e+00
-6.639188373661610854e-01
3.314643105237785603e-01
-5.173477498780232331e-01
1.597767648173620270e+00
2.141542754924762315e-01
-6.054680290074725135e-02
3.264741298562816141e+00
-3.226452550984985068e-01
-5.647037210623229164e-02
1.163012783292393992e+00
-8.401482525484444963e-01
-2.101007753061787664e+00
-2.593499059562989650e+00
-4.794629225620031243e-01
1.233618519026792537e+00
4.313393087675720938e-01
-1.285984673385921484e+00
2.002554814827858243e-01
2.690048077310823071e+00
8.639501187676679184e-02
4.766592338195640433e-01
1.201786689516887163e+00
3.467958351328680244e+00
8.172527626847590765e-02
3.646207859388661543e-01
-1.035014241384837996e+00
2.584910180738102525e-01
-9.294232032196740878e-01
3.930598509540514485e+00
-2.233022641072956116e+00
-5.829590327932870908e-01
4.303236641979340527e-01
-2.717214372644142228e-01
3.307159538637277407e+00
3.020425556016066437e+00
1.558496478603021762e+00
3.801798987603756341e+00
1.323017114967516061e+00
2.716906489778681877e+00
2.998008529167891512e-01
-8.002657613282582183e-01
1.700464847839159521e+00
6.036150905652953869e-01
-5.128883705671208881e-01
1.644067986091404532e-01
-1.268882053245882657e+00
1.332445420667318636e+00
-5.048238705231582024e+00
-6.649924294562067351e-01
-1.857351798518209751e-01
1.104782056331471196e+00
1.068629311080886213e+00
-1.929557017149446718e+00
-1.131846236701028463e+00
-2.887937848515874872e+00
-1.510263601330008310e-01
-1.433700255893573527e-01
1.252397221740727762e+00
-2.539688209006057740e+00
2.557156736876648129e+00
-6.338930363967354431e-01
-2.537827450138130825e+00
7.481423837305793967e-01
5.410733926402311322e-01
1.826938461154273385e+00
3.247835354810578057e+00
3.838116395474098774e-01
-3.986589859061716368e+00
-8.932258015857912348e-01
1.864167509856877181e-01
-3.202697461636305198e-01
5.392599725546036726e-01
7.329942432192623203e-01
-1.577235163695722919e+00
-4.560235486696362806e+00
-6.621868126843186708e-01
1.654918363449041085e-01
-2.958245077985814930e+00
-1.401221069230635274e+00
-2.315677911199101047e+00
-1.101588283289172354e+00
1.939244112260289032e+00
9.929646827870729220e-02
-9.450305042356634683e-03
-2.812894343398019803e+00
-2.567497001777857779e+00
2.946848551578888475e+00
1.376589111431293297e-02
-4.233220357997902195e-01
-7.421383318082235281e-01
-1.245171275421481649e+00
-1.034008202074419680e+00
-1.240622842844876450e+00
6.290581884217456565e-01
-1.996428517787897539e+00
3.787300486759114904e+00
-3.622323354872573065e-01
-2.369093143239146215e+00
2.645007559218307547e-01
1.586557668990380643e+00
-1.157828584257466931e+00
1.265015227121564223e+00
-1.093226735999463406e+00
1.123787285138874825e+00
3.688570810567463054e-01
-4.349758611580725187e+00
-1.731307550361120384e+00
2.730327522405509910e+00
-3.009575499716478308e+00
-3.836904051949697525e+00
1.176369061840053798e-01
1.348449389177990287e+00
-3.372134107625623933e-01
3.620960576802160769e-01
-2.441602256578085384e-01
-2.073439081973192266e+00
1.182971796645053919e+00
-1.313538712869771752e-01
-1.818513375519354325e+00
-5.686882050095241059e-01
-4.828455811402584397e-01
3.355101170093868213e-01
-2.965568367413512485e-01
1.322519891455272711e-01
4.973749257739110141e-01
-7.548995700078782178e-01
8.143603487664476503e+00
-1.915534793214979103e+00
8.066961549693184574e-01
-1.839803646122321723e+00
-1.255334281308133404e+00
1.841380326821183133e-01
4.227555853424438403e-01
-3.997023533289995045e-01
-2.225577814855186354e+00
1.269794719172522512e+00
2.589748802474125089e+00
-6.921995282567832142e-01
-1.497357036094718596e+00
-1.933520059429426174e+00
-6.465785936694942171e-01
3.255028194960432053e-01
2.983235074368376427e+00
1.102741855794469483e+00
-2.227497930415465732e-01
-8.738375652196327392e-01
4.007975910908437633e+00
-1.373864100702028856e-01
-5.467521687817142872e-01
-9.278433338504561423e-01
-1.607838126530239942e-01
-4.440097260804772294e-01
9.208438758939785362e-03
-1.918382282295734154e-01
2.466206859665171613e+00
1.369319236955269359e+00
-1.302717792222769233e-01
-3.869719148654369167e-01
-1.126374359840076833e+00
3.822539585772747883e-01
2.259398635345188033e+00
1.466615991239778483e+00
-1.351186285014662092e+00
2.720101155524130565e-01
4.542261395544713865e-01
-5.723799527558678379e-01
-6.855453292842521584e-01
-6.726286636233659522e+00
3.681916805688711380e-01
-9.180309349178150669e-01
1.833341612307986424e+00
-3.597284094143045063e-01
-3.744688447098579731e-01
1.943041978381139678e+00
2.847243968191460084e+00
-7.319925237993630818e-01
-2.283889628683424267e+00
2.121009325557697833e-01
-6.783384864639665501e-01
1.670308655712037307e-02
5.046550576383892484e-01
-2.712276455131187092e+00
1.990346984876549818e+00
1.434160123098321415e+00
4.434640391008751181e-02
1.770775078876484443e+00
-9.268008721401244099e-02
3.218634202093140773e-01
-1.952460144668566322e+00
3.190802718014869033e-01
-9.097424164670319113e-01
1.042085756109006001e+00
2.871136222642853286e-01
3.801910105627535952e+00
6.833331669761242289e-01
-3.322954826952012608e-01
-4.026409957072998758e+00
8.186930551077858942e-01
1.628973600312659253e-01
-1.348225267320976917e+00
-2.095414241781386355e+00
1.225038804504031464e+00
-1.383577422813624835e+00
-3.126692034398913744e+00
-8.383420165922377265e-01
3.884072293884731852e+00
-2.333984730850018785e+00
-2.634944045569586724e+00
1.130726723091920682e+00
-5.764558416990112066e-01
9.497148869174782890e-03
2.038381037122118489e+00
1.288708303002671585e+00
-9.517883460058762513e-01
3.362691349011628361e+00
9.137799547828646674e-01
5.844462352320501930e-01
2.578917183390629919e-01
2.510146723353921860e+00
2.750409501506175136e+00
-1.032345757690821264e+00
1.930111564511544087e-01
9.403752445081311473e-01
1.851319795343474350e+00
-1.102272975271226807e+00
-6.231086284452950208e-01
1.034637137488737535e+00
9.588808149484280285e-01
-2.168270872641073765e+00
-8.879847189902199123e-01
-2.295260753476524584e+00
1.039907201926897118e+00
-4.390380999278310492e-01
-2.038963896038102686e+00
1.305192621584345458e+00
2.703638486293688192e+00
-2.303710576743041916e+00
-3.527899827295651658e+00
-2.675729958166836120e+00
-1.376332044909434893e-01
1.812989577198855506e-01
-3.891284647007289710e+00
2.717802032742808738e+00
-8.677673397642664543e-01
-1.919499328256542237e+00
-3.396943917331026741e-01
-2.180539703612132563e+00
-1.127614059066980090e+00
-1.770084784891071461e+00
1.089150737673532099e+00
3.983220340312031982e-01
2.759562420016600903e+00
-1.619000495734161382e-01
-2.739825635781749646e-01
-3.877877183633811509e+00
-1.330426387216572692e+00
-8.224657587885525478e-01
6.893667591522320004e-01
-3.052730668897531974e+00
-7.228173083718175684e-01
1.728299831586761570e+01
2.127955966212195182e+00
1.573146608289603399e-01
5.851199149931167742e-01
-1.577905225358715358e+00
-7.662886760767185779e-01
4.033657073375930824e-01
-8.159125202272875521e-01
1.547031782447058967e+00
7.149886133034458746e-01
-2.148561421081187639e+00
-1.074930058789599796e+00
-4.637677877984914154e+00
4.683179422151600435e-01
-1.605358600870372188e+00
-2.271469444393618420e-01
5.486959300755829272e-01
1.902810020630307575e+00
-3.815960641295453204e+00
2.291284021880829691e+00
-1.264505316482451125e+00
4.100089737369009835e-01
-8.688050478007942889e-02
6.185623264477049243e-01
-2.234248889393543325e-01
-5.973189560097935669e-01
-6.997091659733094549e-01
-1.925321954504692679e+00
-1.943566128522289382e-02
-1.269442850025662262e+00
-7.584624172884302240e-01
1.126036589707690272e+00
5.267494921725627277e-01
-3.496734861127458460e-01
1.040147494396422623e+00
3.268799714763597652e+00
6.224904593185452972e-01
3.292398864911970091e-01
1.693947553125368266e+00
1.418891145098288620e+00
4.552760785581803638e-01
1.395779686367726091e+00
1.336989413482605027e+00
1.219065602274397309e-01
1.132547349452462493e+00
2.532060414259081349e-01
8.059072685589503404e-01
6.512183470698271748e-01
1.068459256134674629e+00
-4.649174606712708213e-01
3.964290023082579772e-04
-7.337238019880083784e-02
4.346847375340935349e-01
-2.628102193027457290e+00
-6.181158526100399841e-01
3.488283091011605386e+00
1.155322118341500337e+00
1.234420094482476804e+00
-1.436582886424514482e+00
-6.693803060940492489e-02
-5.178304395174058161e-01
4.566612880477609604e-01
-3.992033750498395761e-02
-6.025055926504070403e-01
3.071876197092968108e-01
8.707094829816894865e-01
4.431978779526781209e-01
-5.826973409210093324e-01
-9.443368277951010858e-01
-7.275593080837582383e-01
-2.437588750690785622e-01
3.777771113866112529e+00
5.974793979929278187e-01
-7.976563562200233298e-03
4.286092195110904890e-01
-3.752954634959785873e-01
1.739896489260877033e+00
-1.026911747481164816e-01
1.272084576271367728e+00
2.235511157406963267e+00
2.244091705671617198e+00
-2.018029168172838617e+00
-5.222439368250706426e-01
3.307823824441558092e-01
1.546444146179455137e+00
1.914425143038963828e+00
7.213924018421129514e-01
1.911556203761325401e+00
1.501351790641224371e+00
-1.615594181114415884e+00
6.401264403296890171e-01
-4.665920360076279749e+00
-1.641648387906286644e+00
-5.175870188908544556e-01
4.919903608747871332e-02
4.483218818838794029e+00
2.048077225208479124e+00
5.608802057198267299e+00
-1.780163111113645558e+00
7.862372601303077024e-01
7.805424774888665429e-02
5.699629159201989870e-01
-7.976004665537599347e-01
-1.165388238502065299e+00
-1.862753053904576239e+00
2.024101245360314660e-01
-2.507619111089588237e+00
3.164283112860020314e-03
-1.260866519035727940e-01
-1.029094032158458294e+00
-2.675680944871729583e+00
8.377151690791031502e-01
-5.802098619965587178e-02
-3.665453898526619181e+00
5.987148040819154637e+00
-1.261089210543391292e-01
-1.450676438382170641e+00
2.182610287384733616e-01
2.779819638172197127e+00
4.501307642103288265e-01
2.547844574349385494e-01
-5.094103258981088483e-02
4.794617914094335132e-01
1.720856847000218570e+00
3.181260111526038603e-01
-2.711094029452154608e+00
-7.900028089384675267e-01
-2.711091581643853554e-01
-5.241148715365689270e+00
-2.043776618357983355e-01
-2.485708324799237534e+00
7.168793079356646558e+00
9.131815953090899329e-01
-2.819625853445029140e+00
3.425554834328623066e+00
3.739856989338715909e+00
2.647462428956576241e-01
1.010576032773395472e+00
-7.817515510770334242e-01
9.736162846017312189e-01
-3.475015617105815302e+00
3.199231495046729545e+00
-7.460547472598402230e-01
2.563982727161800312e+00
-3.161924147938338092e-01
1.723535851961234822e-01
1.959543049814267190e+00
4.573054315605917242e-01
6.782827020530038387e-02
-1.686589186988127320e+00
-5.685418442367213832e-01
3.533888016144019151e+00
-2.210097795386908037e-01
2.857561627404264559e+00
-8.069505873140400687e-02
-8.509214269323241986e-01
-3.200008990851542556e+00
2.840585736534927630e+00
1.180863974875218325e+00
3.049953836282447150e-02
-2.189002324120813636e+00
2.090059299970399742e+00
-1.738597584897065174e+00
4.428665167147628756e-02
3.225309110336646023e-01
-3.706655946195595575e-01
-1.035509045986234389e+00
1.706112575332024983e+00
-2.491589412666622483e+00
-9.253554952164223801e-02
1.014690359608549086e-01
1.116945840021430492e+00
-2.715690932644116984e-01
8.064595259918455605e-01
-6.088959248497746168e-01
-7.105760483916952197e-02
2.290321742673642635e+00
-6.873677784578777761e-01
-4.427956764761995512e-01
1.540666416841935282e+00
-3.322307123630605652e+00
1.265096734085192187e+00
-9.052448470751277565e-01
6.033122177726205626e-01
3.089975573326684710e+00
1.926166719483193568e-01
7.963442594009447761e-01
-1.276854158618419222e+00
-1.030875449032951696e+00
-3.353824546152992969e+00
-1.319605145509570754e+00
2.543123489939294490e+00
-1.868475587206464672e+00
-1.426288353058187575e+00
-1.823842297977882332e+00
7.592817669612920151e-01
-9.753897032283729285e-01
3.562351355101641026e+00
1.341040435819872645e+00
6.712097935324004006e-01
2.215983459014749801e+00
8.875343368956423173e-01
-8.280144057463899587e-01
1.987796798076491012e-01
-3.044666702226082600e-01
-8.406307383792614996e-01
-1.404340867382806168e+00
-2.240758450179328065e+00
-1.690152755184322619e-01
-1.618084744320165969e-01
-1.294213539767943566e-01
-1.207768879142651741e+00
3.313537953790899770e+00
2.412375187825626099e+00
-4.256960777847835331e+00
-2.161064866754159652e+00
-9.644272049376821920e-01
-6.049932059956858454e-01
-3.225522337680070351e+00
-5.789925934862714119e-01
-5.019278918317165994e-01
-1.670595977732942217e+00
-3.284058100966719351e+00
3.068232573665466312e+00
-2.450211706238031972e+00
1.769395039253242874e-01
1.361492289858972082e+00
1.657548362261910047e+00
2.030786900429220054e+00
-1.018572709767065376e+00
-1.167828983107625784e-01
-1.084447356321883493e+00
-1.506212913608855786e+00
-4.686837742404840190e-01
-2.996187830901614335e-01
-4.437431900853036626e-01
-2.085231858900232549e+00
7.280028083298965003e-01
-1.005519151131661904e+00
1.814769055900741224e+00
-2.369149076276833299e-01
-1.167944666148797994e-01
-7.395747281545693719e-01
1.458149273858105444e+00
-2.523982363022913233e+00
2.996914182653608094e+00
-6.132669168189261999e-01
8.890107093100726443e-01
9.584090271604246425e-01
8.951168689843796988e-01
-1.819244633947208811e+00
-2.247752839539664260e-01
1.294402249208974398e+00
-2.973647699260697497e+00
3.204253894018872506e-01
-8.877620294467605255e-01
2.398550347304218455e+00
5.213492882948215223e-01
-1.766800872135982470e+00
3.818577673938460815e-01
1.039515347320485672e+00
-1.412139410412784901e+00
1.276411831179278034e+00
8.686561900432454575e-01
-2.115092601718266518e+00
-9.453418322815808628e-01
-1.468491652363348443e+00
-3.143518755948311760e+00
1.089893695678302965e+00
1.451891829876530426e+00
1.360448935397820636e+00
-1.354418920418124950e+00
-1.381485652279941467e+00
-2.227987087919726661e-01
-9.207190184218846385e-01
1.053294478212089658e+00
-1.071688289315759990e+00
3.174899644006247412e-02
6.148856611462635291e-01
3.607641473927039932e+00
6.679289049901520947e+00
1.333935965930947321e+00
-2.570833621936591484e+00
-7.596784652326037113e-02
2.455933276447372360e-01
-1.384898932324633014e+00
-1.530216223314615931e+00
4.520025134543296019e+00
-2.498871484070243620e-01
-6.025411529236155417e-01
1.127123308449017758e+00
7.654286680516755315e-01
-1.093162903009881282e+00
2.866750164184517224e-01
-1.357424171093400744e+00
-6.335664254844346033e+00
1.490100415491280694e+00
-8.321165668859153985e-01
3.813670362764598476e+00
-1.140686060255670320e+00
2.101057297177796546e+00
3.162680801456295931e+00
-6.281267678151057909e-01
-1.335420400507640437e+00
-1.169166938264744493e+00
2.073526743991735088e+00
1.626348395040348449e-01
4.587205189565116137e-01
9.360340052647906361e-01
-2.870969402902799339e-01
4.477747118716866037e-01
-6.394704847872793030e-01
2.070785290707758408e-01
-1.804886161216563867e+00
1.184659812084166264e+00
-4.070961459411733263e-01
-1.474531259119665760e+00
8.096658905698120856e-01
1.840537717170764864e+00
1.338004477409170834e+00
6.560209963593790494e-01
-2.569751247289882023e-01
1.748513867834729840e+00
-2.800053555693242657e-01
1.001717052231494876e+00
1.249911335606959328e+00
8.254398759243086747e-02
2.517732922256565309e-01
-1.705668022072462264e+00
-1.746843738969362736e+00
-2.061489228958183872e+00
1.720374990696105444e+00
1.326417615023047225e-01
-1.956548397763363312e+00
5.714304508795454707e-01
-1.135181181068960488e-01
-3.862889159221460922e+00
1.105913655816139318e+00
-7.044209647247405837e-01
-3.138861887940359807e+00
-7.851335982407159353e-02
-1.602381810120212302e+00
1.751363084922184510e-01
2.212402397259972398e-01
-2.305313666571685016e-01
-3.480744465092213691e-01
1.976036791523071212e+00
1.858268397611173572e-01
-2.061115749990944934e+00
-5.356195340075183831e-01
-1.401415515644972354e+00
8.017423921522042196e-01
-2.081615406813870084e-01
5.270596916406578458e+00
-4.559538922656312110e-01
1.503605419213659200e+00
-9.055868584033848201e-01
-1.647131082804051738e+00
-3.084729172040150819e-02
3.394417420226958360e-01
1.595980340019652388e+00
1.063414941241650258e+00
-2.553844612039813944e-01
-1.323226400158208582e+00
-1.324110803180176710e+00
-6.985187558292781373e-01
2.925966514219145331e+00
1.900813831314399627e-01
-4.705301844683219548e-01
-9.443293178643055175e-01
2.803762213986432439e+00
-5.865234351515272171e-02
4.344179712787259895e+00
1.299006789382098015e+00
