-2.254474854581793308e-01
5.396143762198610805e-01
2.806311943664360431e+00
1.656671730374282170e+00
9.839575767510684301e-01
-2.351477943578040186e+00
-1.528444929037521827e-01
3.527306532888822010e-01
-1.278898111345780526e-02
7.907811627573889668e-01
-8.419103206321617572e-01
1.914116441853813022e+00
-1.478020951797849092e+00
3.345836598111172067e-01
1.471658260834997733e+00
-2.581973961917891192e+00
-8.781307407949991983e-01
-3.131615971587407898e+00
-8.433472089685899675e+00
3.716021778836414158e-01
-3.975434666016853136e+00
1.156103813910990263e+00
6.558505076890636110e-01
-4.176853897745123056e-01
-8.359111376581844777e-01
-2.866848507301292814e-01
-8.673463779234608095e-01
4.943164971482828518e-01
-1.255257326209569868e+00
-2.887006512929909952e-01
-2.459640423491404604e-01
2.109359211655286170e+00
3.336925997795894827e-01
-3.325893414927801661e+00
1.038173899193448158e+00
-3.361509114211948535e-01
1.036201401129184907e+00
-5.646972850302507396e-01
2.612037198546890426e+00
-6.387770785351057912e-01
1.952655552236771952e-01
-8.854985275603656503e-02
1.777078734261888782e+00
1.872822991526679470e-01
1.548953867504433701e-01
3.589874365407635270e+00
-5.374883213516917779e-01
6.402237674604463469e-02
1.112214287888781739e+00
-4.380258508122792382e-01
-2.140001402639641004e+00
-2.784885989000207118e+00
-1.001069892824450580e+00
1.219176479419580961e+00
-5.149989135880176511e-02
-1.437049411260175047e+00
1.416077224218031949e-01
3.042592767770451623e+00
1.243998593419128329e-01
4.041218659486153775e-01
2.478703452980570709e+00
3.575277427332922642e+00
-1.805832943125260104e-01
1.815682436758022655e-01
-1.603745097815840737e+00
2.568308412360025828e-01
-1.116307183693319827e+00
4.085170798511618351e+00
-2.450152432940127856e+00
-7.765741803298507051e-01
4.460427981123690766e-01
-3.604078968405136640e-01
3.322505686358958155e+00
3.008510325666517993e+00
1.743429258902526202e+00
4.203601589308627595e+00
1.264463645574554151e+00
2.816861465262917363e+00
6.040764761580598163e-01
-3.661885261389095092e-01
1.947387949801464568e+00
4.958476202402180011e-01
-4.850844140063972354e-01
1.821890887111610735e-01
-1.398439316676418187e+00
1.672859670907019591e+00
-5.462972874301359916e+00
-1.052387561729773768e+00
-3.474358398548761939e-01
8.562422153783690870e-01
1.172888441400031123e+00
-2.140899148675036390e+00
-9.006294204098735934e-01
-3.091373530022502258e+00
-1.374348941505825206e-01
-2.748877543389933731e-01
1.445890090551770646e+00
-2.569437150244324730e+00
2.691011833277923593e+00
-8.741611185256358274e-01
-2.862094400158476049e+00
7.918361189203961814e-01
1.130221408526204341e+00
2.120690008056188791e+00
3.386967795947797732e+00
3.611689989457906313e-01
-3.920401493536091131e+00
-9.274648586487417301e-01
1.935357353153249194e-01
2.009331497442579106e-02
5.791303169756152336e-01
9.337259498960440718e-01
-1.389540453688137500e+00
-4.702493684351097158e+00
-8.135233753099906373e-01
1.753767112162082642e-01
-3.245307887735112917e+00
-1.461227275184761476e+00
-2.543375204295412306e+00
-1.128549329998104866e+00
1.987165084078763355e+00
-6.112709431905746782e-02
1.093033235593208058e-01
-3.050987064312241426e+00
-2.751373515613830811e+00
3.068850682513708517e+00
-4.522751768828759539e-02
-6.578554756433614426e-01
-7.113369910231354121e-01
-1.516400433341086318e+00
-1.562265715469598693e+00
-1.233590346119517900e+00
7.805291484013724412e-01
-2.261650080611368185e+00
3.986586706936825930e+00
-6.185724469639520412e-02
-2.586248158529438790e+00
9.228943720356665992e-01
1.638372773056021359e+00
-1.234369163405124814e+00
1.251929568573812768e+00
-1.424773174692644639e+00
1.504473346613594220e+00
-7.593470332810257906e-02
-4.759649115120483387e+00
-1.583320989948681090e+00
2.751666860476538634e+00
-3.405961362310019780e+00
-3.504196982880921851e+00
3.628840522095529431e-01
1.380870060464541638e+00
-3.878997539143113071e-01
4.130348769827842381e-01
-3.308067710245645165e-01
-1.784174436755674664e+00
1.342618170560537560e+00
-1.296548823943217688e-01
-1.733666635071968720e+00
-6.204446999844617228e-01
-6.080241887555368763e-01
4.442962061596785750e-01
-4.678620793642660480e-01
6.673069188948564656e-02
6.664523134772480928e-01
-8.417247419708461242e-01
8.432701180806365215e+00
-1.792238175803194666e+00
7.860390916727181265e-01
-1.917962264213040946e+00
-1.354833758824766310e+00
2.504138062922497410e-01
4.868559471411876838e-01
-4.859464887182119996e-01
-2.315426906508478933e+00
1.317976759142546195e+00
2.688806848874180755e+00
-9.331498095205325027e-01
-1.502988535084046173e+00
-2.055406393782626129e+00
-7.380515107428996524e-01
4.568280186443490209e-01
2.900528138347093332e+00
1.073759261370365925e+00
-3.364332057286597011e-01
-6.895288826665585402e-01
4.165592916244086119e+00
-4.679226588361484751e-02
-4.477310833280626623e-01
-8.693583981137559258e-01
-6.351393538341337797e-02
-4.301259400659899756e-01
-2.082480941072639147e-01
-1.588293381722496178e-01
2.924199237782014293e+00
1.133840891437399412e+00
-2.218685985243754877e-01
-3.965519938164333569e-01
-1.302344079617010042e+00
1.612196176813638637e-01
2.643920522913872251e+00
1.532924207058632193e+00
-1.507162682387175101e+00
3.113616023371711949e-01
3.201898448346493509e-01
-1.031409801024778528e-01
-7.739559889846978624e-01
-7.488890011780967804e+00
1.234826562936583022e-01
-8.727987416290716727e-01
2.136551495674039902e+00
-2.355189196567610554e-01
-4.601051199205074549e-01
2.079753269878003685e+00
3.702020904211977825e+00
-7.319819506261806552e-01
-2.454052184098581169e+00
1.638503484306493840e-01
-7.814098521379870821e-01
-1.008721826116771442e-01
3.651152348962374283e-01
-2.973264919180325094e+00
2.128440673080626677e+00
1.453883965781082255e+00
1.788216316599010036e-01
2.063537760629217566e+00
-4.336826803683926923e-03
3.722306971970794076e-01
-1.362628547565448711e+00
2.433692028201091817e-01
-8.540701832923627279e-01
1.047646468082706894e+00
2.851739608394778247e-01
4.088867747256113461e+00
2.349122743471555808e+00
-4.333267743971739305e-01
-4.123453619953385108e+00
8.511685884226601884e-01
1.689068778624297495e-01
-1.338279818338290905e+00
-2.672574805371751960e+00
1.294759290199354762e+00
-1.528046756212500412e+00
-4.151133262471468299e+00
-5.630200928033060048e-01
4.219147625342489327e+00
-2.403196473771186170e+00
-2.630035804522289578e+00
1.591891223080286411e+00
-8.242280184886597860e-01
4.809563804256665465e-02
2.319171007819551544e+00
1.311074501106157753e+00
-5.875454620945145257e-01
3.685481490491327339e+00
9.305039159533055049e-01
1.156550886374604348e+00
2.690645554823056229e-01
2.909901200929405629e+00
2.915891018093789366e+00
-9.328218310861489115e-01
6.171551568612405614e-01
1.058116615977238828e+00
1.696207933048511585e+00
-1.243004802673775888e+00
-7.970506508570691651e-01
1.017317595378931072e+00
7.937793029014303947e-01
-2.051968388099102647e+00
-6.881735716837493744e-01
-2.077599711500877966e+00
8.705159712495311730e-01
-3.399106166066225843e-01
-2.041949285902663558e+00
1.464977440511758155e+00
3.034926484120224810e+00
-2.606140603146664070e+00
-3.733468804318454293e+00
-2.856647011517321477e+00
-3.230186117097227916e-01
1.541397892350577781e-01
-3.958536586816784109e+00
3.036373365908280331e+00
-8.905257184050630048e-01
-2.171658261601988382e+00
-4.825166449427155113e-01
-2.243065948320951186e+00
-1.513298240452145560e+00
-1.636065448705808612e+00
7.368168822778080607e-01
5.065677042373037953e-01
2.886855984880212223e+00
-1.475537075945499155e-01
-6.709752195431063493e-01
-4.546321516380201544e+00
-1.494731857508997397e+00
-7.920601874764644501e-01
1.033905426218419299e+00
-3.377738013873427203e+00
-8.897608609659000134e-01
1.876667247235259239e+01
2.450922107647333981e+00
9.143410791816429517e-02
6.465462685809182375e-01
-1.770238017694174548e+00
-5.993694301179873785e-01
5.219134840061688818e-01
-8.270121707364145314e-01
1.359246907627893464e+00
8.114772345029659384e-01
-2.425234731324011239e+00
-1.141249655189121803e+00
-4.896257435964181504e+00
5.897285518437656027e-01
-1.771180273613479628e+00
-3.279218883101708837e-01
6.033910228991198332e-01
2.131230227208495975e+00
-4.084839083193072540e+00
2.389230398265774102e+00
-9.529099110446166421e-01
2.308895531298075232e-01
-1.138266797375253464e-01
7.267839639367406068e-01
-1.578752680463500480e-01
-8.444184384845703217e-01
-7.561167549725925641e-01
-2.133761751460739209e+00
-6.433117393912675397e-02
-1.610546638571764166e+00
-8.533793354962143640e-01
9.798076096580160543e-01
8.256037736580558173e-01
1.405330511882330602e-01
1.263793364270161979e+00
3.535261124426398727e+00
6.682930505277882016e-01
3.627603790270369499e-01
1.752920097075425510e+00
1.638467698596359323e+00
4.605022795062849172e-01
1.438114831571509322e+00
1.555182426302687215e+00
-4.042881302505612617e-01
1.242349426750763319e+00
1.569642892601152417e-01
7.096043028685729004e-01
2.085728137736752030e-01
1.175523352996855619e+00
-1.010712330228643374e+00
-1.395605812552205491e-02
8.034373702769290193e-02
-1.398982448690317959e-01
-2.539804604247325681e+00
-7.931787380084941441e-01
3.569028897057497041e+00
1.402262730627627185e+00
1.127344950028038362e+00
-1.605486968844784590e+00
1.379531767167907833e-02
-5.256737538235602969e-01
4.747567256000758684e-01
2.083598313371222144e-01
-6.613967493018808597e-01
2.459824757876230561e-01
9.124407728302615928e-01
4.726374415019187758e-01
-5.677476093087966413e-01
-8.227456661784622316e-01
-7.356966544217483639e-01
-3.233353087322765607e-01
4.070756811834368882e+00
6.565516213997250050e-01
2.766224441650414270e-02
5.159290986833151571e-01
-3.593845616146810751e-01
1.761608813458207301e+00
-2.100449964490837783e-03
1.311846169760392700e+00
2.699560874431188751e+00
2.343307572714553810e+00
-2.199932767022053870e+00
-5.375203356632690666e-01
1.744215324172649351e-01
1.635935790052553962e+00
1.787036110280769696e+00
6.405635347683242831e-01
1.462370822172921248e+00
1.666178052261685139e+00
-1.947765019907129025e+00
5.643612308615817419e-01
-5.160085886987791248e+00
-1.808579135307675001e+00
-5.263752517762642080e-01
-2.777851519277084180e-01
5.003537620562827470e+00
2.118602695886567577e+00
6.097046928775740504e+00
-1.714501054520883638e+00
8.165996006328747336e-01
6.691632347751317322e-01
6.171354336531827967e-01
-1.133886180058923276e+00
-1.218263124345518866e+00
-1.993158283428507316e+00
2.757702852461251797e-01
-2.600334577448105478e+00
9.769909468155635324e-02
-1.023639388961691404e-01
-8.876838479270735549e-01
-2.933284135748132293e+00
7.782193945131703483e-01
-1.245705479782492908e-01
-3.470409261749255680e+00
6.440862172585661405e+00
-1.752935346088221324e-01
-1.744181995301907317e+00
1.867875468426648533e-01
2.552259930453840475e+00
4.479951275375255726e-01
1.568075760051895751e-01
-8.869070877356345639e-02
6.048413770635288067e-01
1.619215150991528462e+00
3.674554317050450214e-01
-3.016387764917148662e+00
-6.537254070414663110e-01
-3.523027079666390393e-01
-5.503545463138672211e+00
-3.734539615932588874e-01
-2.670098161206056808e+00
7.428184733159358899e+00
9.221210193009390377e-01
-3.057157202453907985e+00
3.699675017189655524e+00
3.863173529847947929e+00
1.164846977027752944e-01
1.235792731969765468e+00
-8.941360492615962885e-01
1.073925552366078451e+00
-3.460188865726498531e+00
3.772106993329213953e+00
-7.696962546612881040e-01
2.609473697415779281e+00
-2.390786832359194647e-01
4.132789316919033284e-01
2.152352794785306944e+00
6.535603414321295990e-01
-2.862330314055525071e-02
-1.819128625336149829e+00
-6.340984480158657899e-01
3.795769608942189510e+00
-2.880258774862288207e-01
3.067516466203255021e+00
-1.023554881976932590e-01
-8.742117223967654782e-01
-3.446222396366979357e+00
2.830856702824907423e+00
1.654952803924573113e+00
4.628171101693654560e-02
-2.247134177639539043e+00
2.302294710154193513e+00
-1.878724010080148332e+00
1.201883391866373670e-02
1.456048919741574910e-01
-2.333485235463205187e-01
-8.421225427843663791e-01
1.927090139828921966e+00
-2.679102810951709657e+00
-1.037816541552554275e-02
4.833300721693967184e-01
1.520691939397615489e+00
-5.552584040038287538e-01
8.816635830811084817e-01
-4.171682699944994077e-01
3.806694680394130149e-03
2.444740728182365430e+00
-7.878412916250538967e-01
-4.260783988295682723e-01
1.620069280124656563e+00
-3.595633634963413261e+00
1.408753297406035276e+00
-9.300982483490094488e-01
3.448955698495518307e-01
3.048841690125758230e+00
-5.322019991904565483e-02
5.965655546454965430e-01
-1.320676180013409917e+00
-8.135786635158183122e-01
-3.416453516818390934e+00
-1.339095229936203779e+00
2.597985927878760926e+00
-1.695239749732305068e+00
-1.545162169786418849e+00
-1.944797280604347645e+00
8.328055434419764369e-01
-1.331079431668070967e+00
3.467992980676273707e+00
1.448244351048592948e+00
9.860124512394156104e-01
2.486298116362055222e+00
4.959263036993397655e-01
-8.511613107570765724e-01
4.104963825509229669e-01
-5.903755151641367771e-01
-7.495528240229231143e-01
-1.359721284511795192e+00
-2.814394878296190949e+00
2.663426525817615478e-02
-2.144920430770715647e-01
-3.073474476086284768e-01
-1.467393351265802393e+00
3.670397259524710964e+00
2.961277802975902596e+00
-4.780414815330049194e+00
-2.400634076647986337e+00
-9.401136437842408933e-01
-8.608736756797374934e-01
-3.514920647393233288e+00
-6.513694793525595106e-01
-5.017010242567244704e-01
-1.511866260759571645e+00
-3.577365521858977271e+00
3.268054395084405872e+00
-2.572519034891395329e+00
2.174375693641678597e-01
1.266171331221045193e+00
2.012827196635778915e+00
2.020485572459712831e+00
-1.096192892051532697e+00
3.653386347256205868e-02
-1.524186839551746830e+00
-1.462411189415905755e+00
-6.518439020670783179e-01
-3.181038143440041432e-01
2.342734560497023236e-02
-2.839468382974115190e+00
6.433440408833404067e-01
-1.320525552918999868e+00
1.944960404205763105e+00
-3.787814462603250054e-01
4.361525430220748734e-02
-8.763594208308096434e-01
1.422157483485315677e+00
-2.504486144422129357e+00
3.222011456710395017e+00
-6.279010708589439771e-01
1.057980654196185588e+00
1.245078299201643590e+00
9.854471931052418698e-01
-1.777399896378604849e+00
-1.677176419434965871e-01
1.406485696772180161e+00
-3.071198867629048479e+00
2.273441372011084094e-01
-9.596624538577136487e-01
2.915385503993036309e+00
5.559434896071849819e-01
-2.013291142343131668e+00
6.599219155024611538e-01
1.081287162525875534e+00
-1.535679413122090775e+00
1.402575602633582497e+00
8.913743774714972812e-01
-1.990583454828280141e+00
-1.091716768984603902e+00
-1.561352058337700965e+00
-3.362441068462485472e+00
1.077791801208749067e+00
1.886084562610267135e+00
1.104330802824667224e+00
-1.523246862774260579e+00
-1.420080635906566968e+00
-2.992327180871120484e-01
9.752163502099633341e-01
1.275301043661114964e+00
-1.055193166727275589e+00
-2.495932747705367771e-01
4.783805866361467429e-01
3.785521235465111101e+00
6.674312969758232406e+00
1.547766790593487318e+00
-2.654562889306397722e+00
-2.643567017887620274e-01
2.941117486887787624e-01
-1.795095204669661326e+00
-1.478744208045974284e+00
4.946595842974649493e+00
-1.522515827990160164e-01
-7.235379365199889889e-01
1.449621301662699979e+00
7.858060516085094704e-01
-1.103045564639004272e+00
2.553525205024409495e-01
-1.432556228293271117e+00
-6.660357554008785819e+00
1.335029194728969637e+00
-6.529273187740469719e-01
3.877096972755186055e+00
-1.121524775144165709e+00
2.376635251689942052e+00
3.301471876057263444e+00
-7.594975085383434132e-01
-1.229345870660184081e+00
-1.119399654364507279e+00
2.062447847457287597e+00
2.878751919271805848e-01
4.200273691673746534e-01
8.816281576479820803e-01
-1.867266067443308364e-01
4.748957508441300490e-01
-5.820326252964400648e-01
5.164077619898802540e-01
-2.544738163496788275e+00
1.192296847345716504e+00
-5.896195373304803367e-01
-1.293866872102642063e+00
9.050857405577725778e-01
2.121774007482498003e+00
1.385596636045528074e+00
4.234069710236580408e-01
-3.043083547628285812e-01
1.904321077897328740e+00
6.671177488358608354e-01
1.234500928412472609e+00
1.288119737389569197e+00
6.906650200002282247e-01
2.344205306186305238e-01
-1.755101375173358624e+00
-1.708918008568965918e+00
-2.137406416322440439e+00
2.155291044101314224e+00
1.104006578211779166e-01
-1.988341485354932603e+00
4.826468219989266117e-01
2.344101599702878153e-02
-4.174822448915292306e+00
1.245053860302423043e+00
-7.258450245188787786e-01
-2.732638326587172539e+00
-1.820926565054220847e-01
-1.558143831136899582e+00
4.229005434076040237e-01
3.618116519048823476e-01
3.647902567859813150e-01
-3.175206499124449411e-01
2.076520242773725045e+00
3.314138074006895973e-01
-2.264460074964647074e+00
-5.399305633458044706e-01
-1.726410294875792895e+00
3.336353359956452658e-01
-1.984996123264298751e-01
4.835232302694652873e+00
-8.995725486100332458e-02
1.424783547906951275e+00
-9.038341691341178485e-01
-2.104541574570254703e+00
2.250287226250343234e-02
4.301667113640161855e-01
1.484296382371345313e+00
1.462574656264101103e+00
-4.549744664304044006e-01
-1.241571384735864036e+00
-1.415829893445429866e+00
-6.536470516105603590e-01
2.745669841250422127e+00
1.636073622566504016e-01
-5.190353461139614044e-01
-9.132854803324255144e-01
2.873551674365798281e+00
-3.401719844309249174e-02
4.687896127398211377e+00
1.581623867723084054e+00
