4.800000000000000000e+01
4.800000000000000000e+01
4.800000000000000000e+01
5.100000000000000000e+01
5.100000000000000000e+01
5.800000000000000000e+01
5.800000000000000000e+01
5.800000000000000000e+01
5.800000000000000000e+01
5.800000000000000000e+01
5.800000000000000000e+01
5.900000000000000000e+01
6.100000000000000000e+01
6.100000000000000000e+01
6.100000000000000000e+01
6.100000000000000000e+01
7.200000000000000000e+01
7.200000000000000000e+01
7.500000000000000000e+01
8.700000000000000000e+01
8.700000000000000000e+01
8.700000000000000000e+01
8.700000000000000000e+01
8.700000000000000000e+01
9.100000000000000000e+01
9.100000000000000000e+01
9.100000000000000000e+01
9.100000000000000000e+01
9.100000000000000000e+01
9.100000000000000000e+01
9.100000000000000000e+01
9.100000000000000000e+01
9.100000000000000000e+01
9.100000000000000000e+01
9.100000000000000000e+01
9.100000000000000000e+01
9.100000000000000000e+01
9.100000000000000000e+01
9.100000000000000000e+01
9.100000000000000000e+01
9.100000000000000000e+01
9.100000000000000000e+01
9.100000000000000000e+01
9.100000000000000000e+01
9.100000000000000000e+01
9.100000000000000000e+01
9.100000000000000000e+01
9.100000000000000000e+01
9.100000000000000000e+01
9.100000000000000000e+01
