-5.541150824274447828e-01
-5.834881658318816777e-01
1.479198706898592341e-01
-1.517990915628650184e+00
2.438221531012052079e+00
-1.578296256379638995e+00
6.124072580760309137e-01
-4.013867892403336635e-01
-1.944652022129607083e-01
1.013837215296929495e+00
5.172486313682814973e+00
1.093984142849793173e+00
-2.278566629567619906e+00
-2.460225229014541881e+00
-8.363311650483258308e-01
-6.495423491903618007e-02
1.533772831642867596e+00
3.329942328822561137e+00
-6.801433008060543406e-01
-6.482412990202205405e-01
1.000690175156305761e+00
6.646002223786833252e-01
-1.542337391106453071e+00
-1.412997816714359756e+00
3.364473857812462221e+00
0.000000000000000000e+00
0.000000000000000000e+00
0.000000000000000000e+00
0.000000000000000000e+00
0.000000000000000000e+00
-1.502733067413515755e+00
5.811960775966785731e-01
1.729010497032902327e+00
-1.334947889055480008e+00
-1.846620240578619843e+00
-1.653182437057891807e+00
1.821206293133255105e+00
-7.585916213969483568e-01
1.112758559928149982e+00
2.172633373262492285e+00
-5.381736313587022202e+00
1.753233167895624334e+00
1.300349175292412118e+00
-1.233555657786749915e+00
-7.107591719241889150e-01
-3.000899861259480161e+00
3.829829764468670739e-01
2.357996290681973584e+00
1.310159156656881541e+00
1.654456502074090896e-01
-8.507998055596427411e-01
6.846228132033851388e-01
1.476924198770981800e+00
-1.908986446007371107e+00
-2.236195975029647842e-01
0.000000000000000000e+00
0.000000000000000000e+00
0.000000000000000000e+00
0.000000000000000000e+00
0.000000000000000000e+00
2.306387863472109334e+00
-1.283329311880506474e+00
8.463327425068415399e-01
-6.427471797599735304e-01
3.292964515971944728e+00
1.301114541456066309e+00
4.262090504947503300e-01
8.305203891236527802e-01
7.415051144263326011e-01
2.355431846549583152e+00
-1.676484803717403604e+00
3.449286071244013208e+00
5.413810268080306853e-01
1.188716580710728943e+00
1.639783670764620060e+00
1.245095936573808570e+00
-1.538850862432924460e+00
-2.754768775530312297e+00
1.903420420743512365e-01
1.139302477292144733e+00
-1.091773686458420434e+00
-7.669579671823904821e-02
9.419264009099199697e-01
9.657527202777411723e-01
9.805510105621735306e-01
0.000000000000000000e+00
0.000000000000000000e+00
0.000000000000000000e+00
0.000000000000000000e+00
0.000000000000000000e+00
