-3.488359964130592350e-01
-2.784371034460038641e-01
5.731295343687125010e-01
3.497301023288044292e-02
1.158082472729150325e+00
-2.587947099545668816e-01
2.290318338654700192e-01
-1.331287840038609949e-01
-1.124300696137304628e-01
-1.279693526751663479e-01
-6.908896571063834202e-02
-3.565718814752029120e-01
4.232599521108034724e-01
8.839102910781548861e-02
-1.206606164220647565e-01
-7.630205059322777705e-01
2.872936303503570987e-01
1.381242402070814723e-01
-1.889557313043021824e-01
1.528455793955097591e-02
2.541699279286740998e-02
4.218272217169227178e-01
-3.200957743515546738e-01
6.157125710669103524e-01
5.678299184745064232e-02
5.606431979404176147e-01
-1.028627950529547697e+00
2.462163042895677001e-01
-1.645791848816634539e-01
2.247430702369581645e-01
-1.042611484688994450e+00
-1.995064962803591302e-01
-6.631804498334371578e-01
-3.306696765418511985e-01
-5.388648584398767483e-01
-3.716037772953909579e-01
8.214094818508873574e-01
-9.877413690491161635e-02
-1.155907417783196944e+00
-1.300027295707677048e-02
-4.338428639603671838e-02
1.972146089427556648e-01
2.962839525516091643e-01
1.228886500532241133e+00
-1.976585830291165968e-01
-5.545173479216153334e-01
5.704068572266810522e-01
-2.122146892486476144e-01
-3.925752706932414404e-01
6.964527068939238008e-01
-3.499466829329040407e-01
-1.910049826056209044e-01
4.884024249527007533e-01
5.048300767512202414e-02
-6.867614098662342403e-01
-3.664750309468401412e-01
2.229737434608445035e-01
-6.070171219806985707e-01
-4.610758089085445488e-01
4.506055789903525843e-01
9.910337197327140357e-01
-4.974587915985271419e-02
3.993321564304039978e-02
5.293932904219986538e-03
4.120409180020015993e-01
-3.324761453301775527e-01
2.581422677396141285e-01
3.630783787263157647e-01
-2.173204789357464084e-01
5.834411569645724799e-02
-3.248853768220228422e-01
1.181626873991572513e+00
1.189514944359106735e-01
6.196009424451897063e-01
3.921853063013637231e-01
3.831530067780294369e-01
4.591113819179928890e-01
-7.619843109425319949e-02
-1.584486181892979517e-01
-3.632881042702189034e-01
-2.086878022239916156e-02
-1.738473577082275401e-01
5.911879551400112121e-01
-1.054903562567890862e+00
-2.819237187654984877e-01
1.020670242446615056e-01
4.606049153440271160e-02
-3.482539841721447177e-02
4.555870831176518365e-01
4.047505368204878384e-01
-4.374658736071668219e-01
-7.197941592573286682e-03
2.049645850061850294e-01
-3.196473305039863044e-01
-1.500046026001036481e-01
1.185046548268247624e-01
9.223913875016563624e-02
3.247855691361001274e-01
5.545355464700439940e-01
6.582009372743676846e-03
-6.995089736719938001e-02
3.190750553064262141e-01
-8.404095137924849634e-01
-2.383655916156495191e-01
-6.016681024724779801e-03
-1.997692215935894244e-01
2.923599227424187319e-01
2.333909426040057244e-01
7.487326981963575434e-02
-5.387354388830210838e-02
2.212950619765031990e-01
1.186065407427388640e+00
-3.978967859871448409e-01
2.216927835478321729e-01
-2.007963640760679694e-02
-4.618056106302396158e-01
2.047094203840603421e-01
1.280807569213543162e-01
4.007490287334741219e-01
-8.213576231928755300e-01
1.466264648359848488e-01
-2.443371422382544234e-01
3.157799134661894991e-01
1.150933990049956418e-01
-3.365271183712938985e-01
4.228989750246067159e-01
-4.664584380795082641e-01
7.718140884194176765e-01
2.243833768320910860e-01
-1.599389251987782257e-01
3.375729145773494894e-02
2.772991246939517374e-01
-1.087620837284402620e-01
-1.716008316053647675e-01
-1.841703480043862529e-01
2.853422613561227422e-03
7.370051078970344394e-01
1.957266917879248169e-01
-6.712374643970445698e-01
-2.163468906854480039e-02
3.028244570552015014e-01
-4.353279744429594533e-01
-1.816542773243977893e-01
7.687800509699722618e-01
-4.011883423618413103e-01
-2.988140636599630889e-02
2.753111350482694841e-01
-1.486250708792436481e-01
1.827379907785700863e-01
-1.123994177687850510e-01
-2.214618645235584826e-01
3.544055318624165229e-01
-8.072919135966295789e-02
-1.340060364139598892e-01
-2.160014407401415065e-02
5.469810057553228244e-01
7.637982189711965686e-02
-3.970416813242669818e-01
2.166428688970278571e-01
4.167386361373977000e-01
1.171986476983887526e-01
-5.865250637441373760e-01
-6.359315451746410108e-01
-3.462957242409984704e-01
-5.158622946703368406e-01
-3.870156958726648222e-01
-3.004759072709956014e-02
-4.763836008372444031e-01
-3.005066777428903602e-01
-5.580207538072130130e-02
1.195004448099346445e-01
1.072796627164393328e-02
6.036914535518805858e-01
-8.810099100997964561e-01
3.966290219558404884e-01
-8.142534601827039475e-01
-1.532370671003521756e-02
-1.681254880992528455e-01
-6.523923826947038151e-02
-7.115055178149333470e-02
-5.608924368038892966e-02
8.027444294973916650e-01
3.381346278856848242e-01
1.238461537263955709e-03
4.518092030215753452e-01
5.986904240649034703e-01
2.111362051000462425e-01
-3.610560059572230918e-01
-3.197665608371911272e-01
-3.760821565977197078e-01
-5.494784532032136182e-02
4.902133147109130062e-01
7.090912133747274693e-01
-2.034564888556253670e-01
1.457725696633003186e-02
-2.553307955767677440e-01
-7.549367168549002693e-01
2.670324292646074626e-01
6.429514321118530162e-01
5.987454076382585644e-01
2.924664858654467126e-01
3.883673638890985380e-01
-5.399606158656323762e-01
-5.455961089880586451e-02
1.725072128538889527e-01
-1.277018901812386087e+00
6.203378203582738948e-01
-1.055224127404811085e+00
2.112501042315786393e-01
-3.085673566477156182e-01
7.935209981787029465e-02
5.970104459692480159e-01
-3.826444016314836105e-01
-3.963841918836303324e-01
7.081984135114484102e-01
1.086505739431127937e+00
4.064110914749423376e-02
2.402657704331269128e-01
1.515018095529394870e-01
-5.131349740214915522e-01
4.911285306739741618e-01
3.002610143850229507e-01
-8.543547040117895411e-03
-1.687273912242453766e-01
1.623179164262341101e-01
-2.143133862573213394e-02
-9.433956317626808821e-03
3.313655787326723334e-02
-8.144689092058780000e-01
-4.517374143279638821e-01
-6.789818105706294515e-01
3.867770879197242606e-01
1.044063755370722824e+00
3.796406762224919795e-01
7.424564421432752193e-01
-5.467324850319330576e-01
7.781446563903042513e-02
-6.397088908047018352e-01
6.255987716199781778e-02
-1.714333873501127925e-01
3.793524072048292672e-01
4.138349246512653679e-01
-2.287913554191955273e-02
-7.935578969706306163e-01
-5.119047008052630687e-01
2.682064143982668680e-01
-7.034663233261919668e-01
-6.707039739671286638e-01
-1.117384313037767113e-01
1.208552479225171450e-01
1.216402497205374272e-01
-1.677086432254533133e-01
2.960021436053644206e-01
1.469589803411059659e-01
5.330566879303711980e-01
-4.378016734919309982e-01
1.744210844156661722e-01
7.436010070750856960e-01
5.768360308570472661e-01
1.267881536061412184e+00
5.552141511219391701e-01
4.571145560322347756e-01
-1.562473836851251685e-01
2.058322151795990429e-01
8.116779970447994541e-02
-8.150097569669279007e-01
-3.132935698301491656e-01
2.928536542917162810e-01
1.717017967505248335e-02
-4.901712625064146289e-01
8.738795986335456956e-01
-3.185199487673405216e-01
2.683537316998897970e-01
-2.243494469715124895e-01
4.231889992529642708e-01
-3.027894957054972913e-01
7.179240405673494863e-01
-2.028804666552816716e-01
1.858818067079865688e-01
6.119228831420761017e-01
2.436541926720330042e-01
-6.171530121807062425e-02
-3.835495580910571189e-01
1.568053384701499908e-01
1.467370246576873427e+00
-2.234079728584012769e-01
-3.263620264296496903e-02
-4.488669700705810173e-01
4.394427484124397987e-01
-8.105850873711675231e-01
-6.396595765209295292e-01
1.303931436416574385e-01
1.098820583114464844e+00
4.617139074365497406e-03
2.829235058889972287e-01
4.183074379519791663e-01
-9.606623607924953401e-01
-5.195559972340978855e-02
-3.212823276396486322e-02
-1.526330495728331627e-01
-2.415486948833643899e-01
-7.107403724079294216e-01
-4.476066190630714758e-01
5.986960693087549634e-01
-1.421480920943493098e-01
-2.051196792478130748e-01
-3.521791232541248706e-01
-1.026241615110000949e-01
-1.038638118115554843e+00
1.983019251806315275e-01
2.295772662200074865e-01
1.560727449625999297e-01
1.980301106693529156e-01
-3.055056240233386955e-01
-1.369596505876903049e-02
1.348749846741377212e-01
3.095074868403391299e-01
4.530235113905138333e-01
3.870088774688691391e-01
1.506237035584466755e-01
7.949641140228742575e-01
-4.790669559244571940e-01
-2.487030427895887408e-01
-3.086933784483510967e-01
-7.745041287794189877e-01
-1.728846879856290319e-01
3.065493867780815992e-02
-9.210843643678224835e-01
-4.779037758941112046e-01
-1.758318624350728443e-02
2.000207607606025451e-01
-6.659436019805636819e-01
-4.751930507938519760e-02
7.333711185382423281e-01
7.329732642387458696e-01
7.310332992770592897e-01
2.070656966191721515e-01
-1.084542130944005756e+00
-8.051446455953679970e-02
-4.845069968908697344e-01
-1.265869924952287007e-01
-5.932138101752997272e-01
7.323457389506666804e-01
5.211979124982774048e-01
-1.352096056588414086e-01
2.498602932418782230e-02
-7.097256453265615717e-01
4.676954010978012777e-02
-8.249897279601774436e-01
3.869138525137408302e-01
5.566922236890599340e-02
-9.626032478281046356e-02
-2.284641889443614349e-02
-2.559899400146342305e-02
1.907527721722611369e-01
1.213633339838829546e-02
1.076149716282309848e-01
3.534329580992484621e-01
-2.633250843577749634e-01
2.863723865309130701e-01
2.389689427194341409e-01
-3.978122285939476588e-01
1.757394645673543143e-01
-3.745981358890121404e-01
-6.052309770998889338e-01
-3.052754286214354740e-01
5.014332950134924305e-01
6.452606717815401183e-01
-4.275991056239396987e-02
3.871505739235230753e-02
-2.948970387057856524e-01
1.518626134571289532e-01
-8.296446697558638173e-01
2.338296848629121960e-01
-2.880908027162706331e-01
-2.802893449371265389e-01
3.927879267669996677e-02
4.075528127575750448e-02
3.036746913812869986e-01
-6.190596394755790710e-01
1.433543354447679441e-01
1.583494877124845823e+00
-7.974825373988401189e-01
1.043744316518931958e-01
2.814437637199976305e-01
-1.388806978274334192e+00
-6.905804029579985792e-02
7.744595963908370573e-01
4.556058569017896187e-01
1.200248061221769955e-02
-4.936815725445021230e-01
2.000042599493156159e-01
-2.280283359146213773e-01
-1.060771924195008792e-01
2.148876910822554998e-01
7.245301909773756988e-01
-1.126711443665517620e-01
2.264960556714148421e-01
-1.696295031460424707e-01
-4.932173445380520077e-02
-4.586690201075883655e-01
-1.209525209655834266e-01
-4.902460004969147467e-02
-4.377081087325479514e-02
-4.704691498819939532e-01
1.909418628320541378e-01
-6.153311660147293971e-02
3.463551493423603911e-01
-7.951760722995410147e-02
-1.519719737077455668e-01
7.192427477577172379e-01
-3.063882165894699083e-01
-6.293266380474998867e-01
1.066234030316200787e+00
5.467395770235455865e-01
1.713442807341744034e-01
3.931368339324920608e-02
8.032821844959942004e-01
-6.853485311700222016e-02
2.044729177713076052e-01
1.195531273387838933e+00
1.646277884405031200e+00
3.039898059857413792e-01
3.271376958416696151e-02
9.991660475930567165e-01
-1.216557161020698358e-01
-3.945272090666636644e-01
-9.484616475740732799e-02
1.969728422203735341e-01
2.612727331450874768e-01
4.941315116176936417e-01
-4.241882246972183967e-01
8.526809622390629784e-02
-3.888597182208499703e-01
-3.199032499956669384e-01
-2.328730833857294569e-01
-3.046152563143358916e-01
-4.871941028455754608e-01
-4.814169980043119662e-02
1.509694296933632163e-01
-2.699346875302342519e-01
3.280241768328538976e-01
5.032993929699992597e-01
-5.350704446856002772e-02
-3.787325804541709640e-01
1.266728943344681779e+00
-1.907090627738714655e-02
4.801902200813921995e-02
3.584768810055518062e-01
6.692345804691237632e-01
2.817357518477763834e-01
-2.345656301030678292e-01
1.017687705580128249e-01
-3.727191812166756324e-01
-1.296752496311871727e+00
-9.068473351962641482e-01
-1.034535141416967674e+00
-2.810467816047546030e-01
3.805537827038847631e-02
1.464447224627288546e-01
-4.054454987762735052e-01
-7.549921600795368448e-01
4.498635155203095648e-01
-4.758653788048521904e-01
4.854162387481993912e-01
4.739164675495062817e-01
1.261644475254373454e-01
-8.076394945673284753e-02
2.325011293255128952e-01
-1.543571658973958705e-01
-3.410461881112915317e-03
-7.614239295513144413e-03
-1.133229672526192777e+00
-1.078320665622320984e+00
4.607221733528357038e-02
-5.215664894681013714e-02
-1.639761997296767804e-01
-6.063697581301086270e-01
2.216760652505085465e-03
-4.376972643312071476e-02
-6.364086023265042025e-02
4.001343946045456124e-02
-4.461325315706109462e-01
2.108242873169979825e-01
-1.432649529110551281e-02
-4.794070215824267761e-02
-1.308284972818178904e+00
4.580849196742648455e-01
1.908614365149713388e-02
4.463358120543200330e-02
1.508580146361728991e+00
-2.623088184558327041e-01
-1.290337591874566037e-01
-6.927641383746228065e-01
-1.955655277499680211e-01
-3.025499736843240139e-01
-1.585501724166233251e+00
-2.514971474183298472e-01
-5.892511118185429497e-01
2.812125902037804770e-01
-3.759575464477043494e-01
-1.708625607038945227e-01
5.330291159188321748e-01
2.653519928998178123e-01
7.716927305194426490e-02
8.831134370729833982e-01
-6.387113060340285364e-02
-2.386850870594550422e-01
-8.920734027732662996e-01
1.863347356101135444e-01
-5.733043380228471098e-02
4.027506385981890480e-01
9.201114673667235566e-01
1.827318877878439038e-02
2.470998846225810897e-01
4.863176162608055519e-01
-1.683239109026159197e-02
-8.691352358337592343e-02
1.698420564503623775e-01
-1.671102148432910550e-01
2.203367153201748474e-01
3.937719200828550536e-01
5.587036740976045190e-02
-5.436759723447713855e-01
9.236269639088331984e-02
7.850154959575075253e-01
1.501362049401089478e-02
6.705066847525639195e-01
4.113914622018859935e-01
-6.043386557361717371e-01
-7.226875756871929957e-01
7.623488450371647407e-02
-7.762365150487350318e-01
-8.963621150993951181e-01
-8.383531638782341089e-01
6.314948148919095061e-01
-1.866904015791270022e-01
-3.020062580287203313e-01
-7.006240997127711756e-01
4.139631411193400029e-02
3.371089727341206044e-01
5.626883992174783883e-02
2.028704394406302680e-01
-4.259901439899847486e-01
-2.849422291512036104e-02
-8.866873731979056650e-02
-9.790707026492030673e-02
-6.341564371937868927e-02
2.096818406232649756e-01
8.610286819330262853e-01
-4.054915476144247966e-01
-7.703527667707593674e-01
-4.598447859142066330e-01
-1.367437845240757344e-01
-4.973478671131227880e-01
-2.791785094455178085e-01
5.151761589907564165e-01
8.166549729118095791e-02
3.719995337142821823e-01
-2.630192238618440648e-01
-1.834291221531451355e-01
6.633298366654036826e-01
6.049309722837378778e-02
6.317252485232323078e-01
3.637186065642603050e-01
3.202536934649641287e-01
-2.054430444045965420e-01
8.068342982025923371e-01
-3.262405329918937613e-01
-3.598190468371671447e-01
-7.907777047225476030e-01
-2.679016778369943674e-01
6.380524964006195621e-01
1.017340032966699503e+00
8.249516034294500644e-01
-5.810350922336242618e-01
-2.878816359164460548e-01
1.103925732044516161e+00
-3.341947480486929245e-01
-2.064667054346434050e-01
3.079316056729090520e-03
7.192201116726473775e-02
8.458255690527378967e-02
-4.514289368131686742e-02
8.685704240999219117e-01
-4.098579776983462541e-01
-4.511901345602276764e-02
2.989329292982601527e-01
3.277479374070820795e-01
7.119469908435505090e-01
8.911177146828996865e-01
-2.266834789480163398e-02
2.060868899191005132e-01
2.206808431174449581e-01
3.794744743926591335e-01
-4.418857404105624997e-01
-6.379879840241472477e-01
-5.347263315811826567e-01
-1.239722385253752834e-01
-1.206640012936039535e-01
-2.661405356592291271e-01
1.411469936347197640e+00
-2.186707827779509616e-01
-2.972401000909707935e-01
-1.017618537744512247e-01
-8.881062958916284555e-02
-1.403330810244368898e+00
6.241717767637715575e-01
-3.471158872794022909e-01
-2.158640750308278566e-01
7.976146308756699721e-01
2.857579169502954541e-01
2.090767596808790763e-01
4.399939750291325113e-01
-3.809558927354923519e-01
1.435793994356381331e+00
-3.875044330978620333e-01
-1.045083698523840629e-02
8.794572568178359306e-01
-8.558212337467701047e-01
-5.523641586249554702e-01
-4.910431701687177353e-01
1.824869499749822701e-03
-1.215894530363827858e-01
-4.890455082486561134e-01
-3.581274741036717842e-03
-3.708929463632549828e-01
4.694118820898017796e-01
2.838727238567548827e-01
-8.335055529410806407e-01
-3.623639824075883253e-01
-7.654022491623040103e-02
-1.210831175893984507e-01
1.900190648785843595e-01
-3.547184055134151581e-01
-4.347047689394454295e-01
2.345524802583927038e-01
-2.004937216234837782e-01
-4.040052681939913792e-02
-4.722038917535226754e-01
-2.188855868891344536e-01
8.287515356478353246e-01
3.589311841174559065e-02
2.130315507055524915e-01
3.206971955955531528e-01
-5.862102381654760858e-03
-6.200690971886116953e-01
-6.950422344668308328e-02
2.519535534313387393e-01
1.118940763867311228e+00
-1.102997753655555052e-01
4.257788376221784410e-01
-1.052530767305284581e-01
-2.947392486954037438e-01
2.826250525390658908e-01
7.841841915833105414e-01
-1.213665064639432689e+00
5.143264596751384587e-01
1.029795965124600532e-01
-1.690802110592797280e+00
-1.730535865673493989e-01
-7.266715335157299116e-02
2.590121075478521440e-01
2.573013851321365730e-01
-2.239670126312101606e-01
-8.684046977783269061e-02
-8.694522013798526572e-02
4.625846608088612921e-01
1.782889301028511175e+00
-3.064506278873623257e-01
-7.490637790762909587e-01
2.483325239721553279e-01
2.423413827038281565e-01
