-3.627874740050274216e-01
-2.786445681604851066e-01
5.781273926650188910e-01
3.100319818573681052e-02
1.183670929982852948e+00
-2.605648324270383731e-01
2.242507927391423628e-01
-1.129747627775220947e-01
-1.205547719436698834e-01
-1.290963328987157765e-01
-7.688552370255730128e-02
-3.690661419735820070e-01
4.208814109677522786e-01
1.211151694183320859e-01
-1.429650324656348281e-01
-7.668642373971615855e-01
2.841414288230726948e-01
1.324945626913544006e-01
-2.072190618683885099e-01
2.088319454236185410e-02
5.146318013869606578e-02
4.321041727537066612e-01
-3.127321568788258288e-01
6.266561747963064199e-01
5.057376159586632336e-02
5.632500960561034331e-01
-1.066650756577660397e+00
2.451921477858744203e-01
-1.574099923328387829e-01
2.283938502601824128e-01
-1.066931539838880783e+00
-2.059659732185564751e-01
-6.888549407711471728e-01
-3.352161825469910927e-01
-5.357006371601567007e-01
-3.562617273802448081e-01
8.247274185597243124e-01
-1.126012214312536175e-01
-1.100924390987365609e+00
-1.715320561042716491e-02
-3.914174690303522802e-02
1.982912090219307311e-01
2.918721225107222539e-01
1.228598284477635527e+00
-1.970174299091925763e-01
-5.732746103308091756e-01
5.313900483710466416e-01
-2.102357014287969394e-01
-3.987713727216087856e-01
6.970207617694247348e-01
-3.447050675064251557e-01
-2.057837366808807633e-01
4.724790714005210890e-01
5.535442061902869776e-02
-6.779180927430750181e-01
-4.059229111240286181e-01
2.231547171665345386e-01
-6.132083392328430138e-01
-4.487901052096576748e-01
4.710981730062075434e-01
1.016914791596947421e+00
-4.963802330995614742e-02
4.032391155650557474e-02
-7.210216377958681040e-03
4.157445104554034487e-01
-3.273979983148374573e-01
2.510508832288692038e-01
3.872046773427496036e-01
-2.128222339833447663e-01
7.151654893033447535e-02
-3.576641249625363006e-01
1.183596889280911224e+00
1.398148503651288344e-01
6.572624152597984493e-01
4.014630339445213747e-01
3.939838298573135056e-01
4.675448836360316940e-01
-8.462611228142778719e-02
-1.708189376214742095e-01
-3.797468773417179699e-01
-2.465790399359608920e-02
-1.757078311906022650e-01
6.094175394662362244e-01
-1.065371362531228883e+00
-2.741141256015122152e-01
9.502980046422725147e-02
4.093547966356565065e-02
-1.516190549715496980e-02
4.664121448372622880e-01
3.958677123813818532e-01
-4.443974007639099333e-01
4.091519779806648133e-03
1.942334883104060717e-01
-3.134828681557838004e-01
-1.486791007283563559e-01
1.178888835633148530e-01
9.873948319186509615e-02
3.300683041452804334e-01
5.814131621912660419e-01
1.825182270005536178e-02
-7.310834929712031749e-02
3.206039599921129968e-01
-8.452716252830869692e-01
-2.410527307781217266e-01
-1.304667992736496460e-02
-1.867703549421238507e-01
2.854801453634639996e-01
2.454715956677639144e-01
9.484819251429595088e-02
-6.256527161018277106e-02
2.393174523670516529e-01
1.237574890391635707e+00
-4.211627844335192883e-01
2.075550188185740219e-01
-5.000582580009493849e-02
-4.697848062600530894e-01
2.136133601557515804e-01
1.171797853395207395e-01
4.156205442636039527e-01
-8.431317930260993077e-01
1.632739929276972035e-01
-2.591836693124427993e-01
3.052899194867109145e-01
1.865613684955016449e-01
-3.378588966055162124e-01
4.465055523365165646e-01
-4.935471528499056904e-01
7.683120530611987631e-01
2.141303460128592961e-01
-1.705169762236142250e-01
-6.732385583307493038e-04
2.897283719840278993e-01
-1.152927480977935654e-01
-1.874770511983882282e-01
-1.932019292921841325e-01
-1.177280002841322136e-02
7.435967941970640371e-01
2.091134264660285680e-01
-6.961347732958149681e-01
-7.209647880357555536e-03
2.625971316802158673e-01
-4.096347859799601143e-01
-1.700424315937038577e-01
7.691423192454516222e-01
-4.170412857630717007e-01
-2.424943235174244899e-02
3.004072027249927168e-01
-1.663252492082996914e-01
1.835926426243525145e-01
-1.149506705357991876e-01
-2.271491090883157593e-01
3.591170902972373180e-01
-8.507073519600905076e-02
-1.379349570970495598e-01
-2.378623950885397353e-02
5.503501633426417516e-01
1.399107096542754336e-01
-4.175669922350326857e-01
2.258641699995036500e-01
4.142885374914946905e-01
1.239621844684139773e-01
-6.139161942522480819e-01
-6.359496768295788138e-01
-3.536063688681818640e-01
-5.227851874712637903e-01
-3.896818778164770625e-01
-2.632046762293089454e-02
-4.533182505452756361e-01
-2.840020033703066216e-01
-6.249678596625906496e-02
1.178227483189860508e-01
2.137646160736476637e-03
6.130378001647165398e-01
-8.938351576478725802e-01
3.736036539252588495e-01
-8.106423196704712897e-01
-1.848123092100498188e-02
-2.023230682879801900e-01
-8.028651991808909150e-02
-7.083526791934122158e-02
-5.036826596503228559e-02
8.376898161559584999e-01
3.403768308748923443e-01
6.707608611617319611e-03
4.665837041586206047e-01
6.164168806637967402e-01
2.161241600270125129e-01
-3.392866370885736504e-01
-3.219000139454100129e-01
-3.760534548038729774e-01
-5.419636120691984776e-02
4.931387967992461041e-01
6.989838007929422004e-01
-2.117450187342933554e-01
1.557398282123995115e-02
-2.902167996767538449e-01
-7.732201753814300638e-01
2.587914696138406412e-01
6.477161754203097921e-01
6.525982712779323514e-01
3.031332546169679398e-01
3.851258979559055717e-01
-5.786374328110932552e-01
-5.220297660734636580e-02
1.724253234497123144e-01
-1.379824465192357463e+00
6.331199252107334585e-01
-1.042317025424784660e+00
2.216322574456846550e-01
-3.530329525490879528e-01
1.020077359392250471e-01
6.295702716223050555e-01
-3.955743057941528695e-01
-4.057365725473329743e-01
6.985396673027153280e-01
1.086831156215508187e+00
1.353303088940277163e-02
2.517406339318656316e-01
1.094722826116721753e-01
-5.252351793108209765e-01
5.016462395608436431e-01
3.096459945980388206e-01
1.986667578592745537e-02
-1.465501387984214088e-01
1.598245261923206262e-01
-2.554206226168287061e-02
-1.471597775973555039e-02
2.547949608759891155e-02
-8.464989329963906739e-01
-4.546418198510100983e-01
-6.961909845006464259e-01
4.319966371780473713e-01
1.086969010750918674e+00
3.762480903454381576e-01
7.551232522776678557e-01
-5.349532977923265875e-01
8.596709221381727828e-02
-6.500934864915497435e-01
6.154896011882203533e-02
-1.685788848144340601e-01
3.864353023998693959e-01
4.111039932565450084e-01
2.127171372413589820e-02
-8.210055140600792667e-01
-5.058876727457651823e-01
2.920182110602361769e-01
-7.210804326986038904e-01
-6.430898200097938666e-01
-1.076235134345874811e-01
1.160609438368195301e-01
1.151465641956334607e-01
-1.652139056904147751e-01
2.987326917236646784e-01
1.208108131690722870e-01
5.477726791084979174e-01
-4.613794262865964502e-01
2.284498359372104659e-01
7.974752319608827689e-01
6.108252704049634829e-01
1.293247530274303170e+00
5.592592537109211115e-01
4.961131723092157553e-01
-1.434215725797618746e-01
1.736842022032185073e-01
8.195112064925887119e-02
-8.534428418340954670e-01
-3.294143769766499918e-01
2.742432033723408713e-01
1.616900912948165264e-02
-4.770557288518473826e-01
8.998680360950823687e-01
-3.231456373260470083e-01
2.588522526292620363e-01
-2.052589341150948821e-01
4.419448280953512387e-01
-3.204173171354956495e-01
7.414013071379619291e-01
-2.104372168112899344e-01
1.758714746228889347e-01
6.202344852617351911e-01
2.289096102666247357e-01
-6.381319959147090104e-02
-3.730094751437961764e-01
1.672040453826806050e-01
1.474868446714382886e+00
-2.221270233260889959e-01
-5.843505112529183421e-02
-4.702624567507158737e-01
4.774518427359559780e-01
-7.946169791800878901e-01
-6.849754246613348752e-01
1.403358628417349374e-01
1.109467633881127790e+00
1.510233862288671821e-03
2.731771027243795058e-01
4.461489999886381619e-01
-9.916497343471561976e-01
-4.463545905396119201e-02
-3.684616169004720915e-02
-1.664753518306691105e-01
-2.444805047662873820e-01
-7.245104385257055135e-01
-4.888244298857387649e-01
6.099063383702889585e-01
-1.599478033151498502e-01
-1.983532248934746500e-01
-3.539345112365364088e-01
-1.286430127924022560e-01
-1.045045897157025561e+00
1.880192822905817074e-01
2.416276165570907242e-01
1.652512935885152023e-01
2.267088046724123063e-01
-3.243916653256142535e-01
-3.576050133850984525e-02
1.274879802664139750e-01
2.966169746022430664e-01
4.661131951994806344e-01
3.709431505729382517e-01
1.611683310002480496e-01
8.408464525044487825e-01
-4.858840635577036382e-01
-2.942575291158910922e-01
-3.092711678677940723e-01
-7.950475839943533796e-01
-2.263114159990892438e-01
3.392774920974431924e-02
-9.227122343518678882e-01
-4.856588033878157518e-01
1.730099179828215039e-02
1.954942274354216913e-01
-6.724067967177435046e-01
-5.907037334090026875e-02
7.328389240847501540e-01
7.501931317029900681e-01
7.276261879242114095e-01
2.140261450238550023e-01
-1.137494876671514055e+00
-7.992313500721899555e-02
-4.727401769286953548e-01
-1.485881338480303793e-01
-6.015237373548864008e-01
7.982766918153766378e-01
5.312406908243765269e-01
-1.350647986356502128e-01
3.343022242814949058e-02
-7.175755372375626218e-01
4.516741139025336194e-02
-8.901813977981091197e-01
3.940450667707893762e-01
5.201485610060235798e-02
-9.083026520505423085e-02
-2.491567181858089786e-02
-1.924748480776842033e-02
2.174579556557295346e-01
4.428600506987478459e-03
1.176686249959832675e-01
3.590300349570696437e-01
-2.734239022876532865e-01
2.966066607764163976e-01
2.581592065266504754e-01
-4.106852880638490744e-01
1.681463654969835853e-01
-3.857238129484469868e-01
-5.981001538190974243e-01
-3.078804264676914815e-01
5.086343433366156130e-01
6.813168424979492155e-01
-3.057383489995620096e-02
3.164551485439547757e-02
-3.089497377595868399e-01
1.493467514436654930e-01
-8.575902976329129457e-01
2.422992878488399449e-01
-2.813994988999922731e-01
-2.647119372873500409e-01
5.044457983789942673e-02
3.840476833101272303e-02
3.271965496376662008e-01
-6.214885914347511031e-01
1.718257689745674444e-01
1.614690780128292147e+00
-7.995955893776431900e-01
1.076029389772792388e-01
3.082529181050275846e-01
-1.407726021145611295e+00
-6.474686254985442813e-02
7.875922948373339505e-01
4.692802916018570247e-01
2.757962998877290170e-02
-5.666425018439709138e-01
2.312500104193320194e-01
-2.424522513001214630e-01
-9.497611929406490905e-02
2.450711749964639974e-01
7.386179407279351850e-01
-9.939691551162703476e-02
2.122649778203971327e-01
-1.882049639862244661e-01
-4.245836982143895433e-02
-4.674248561673866598e-01
-1.174899088833295940e-01
-5.514862795611512325e-02
-4.424310665933210013e-02
-4.788062247716129982e-01
1.881130033282666925e-01
-6.577445420594021930e-02
3.491767851508280063e-01
-1.416066089865476441e-01
-1.318461421148618418e-01
7.430722340820338223e-01
-3.073308999779299500e-01
-6.277422439920523622e-01
1.070163366762567625e+00
5.478335949337793664e-01
1.656793534666116952e-01
5.086118846253359638e-02
8.148489624302418521e-01
-3.823980990018377435e-02
1.955711784393457664e-01
1.228681472844440403e+00
1.670017785490450990e+00
2.793943377443723342e-01
2.793346029936320460e-02
1.023586970666946261e+00
-1.341410380125687141e-01
-3.806597749169242095e-01
-9.599195175009105074e-02
1.909391345932182904e-01
2.680963364464712950e-01
4.855988302705456783e-01
-4.446851361754864396e-01
9.737278056887894995e-02
-3.722964664255830614e-01
-3.473180250361184163e-01
-2.266602757969619908e-01
-3.092796072700594312e-01
-4.763568130737916295e-01
-8.424682440619152279e-02
1.582668793196984058e-01
-2.349571948608026317e-01
3.193172463292850982e-01
4.992204851441973124e-01
-6.562395031556884917e-02
-3.685909942800444372e-01
1.256800629781378964e+00
-1.965478945458244003e-02
6.460122512666742478e-02
3.646473052891524014e-01
6.708968364288503405e-01
3.001614363170599376e-01
-2.347236368546586627e-01
8.665191207518459227e-02
-3.556166360718451824e-01
-1.424350837347847509e+00
-8.988000129457262011e-01
-1.080035400498613241e+00
-2.876543571363630591e-01
3.649861357156276159e-02
1.447024177058364447e-01
-4.183653568674867707e-01
-7.837806099541876348e-01
4.046519853458482308e-01
-4.628880772139910560e-01
4.963348286176192392e-01
4.748701226358392757e-01
1.456933598036929400e-01
-6.787529955697201023e-02
2.374428694749283475e-01
-1.603925191909927050e-01
1.000009643830962296e-02
-8.638222470378891307e-03
-1.154277239784679665e+00
-1.138835518441287720e+00
5.415113233195868736e-02
-5.406331537622204725e-02
-1.429174361130576276e-01
-6.481485364075381117e-01
1.789192274324064372e-02
-5.596195428282905310e-02
-6.583597744464667056e-02
4.489577743092550144e-02
-4.857789211085740133e-01
2.005016447995958961e-01
-9.651264232406100985e-03
-4.189375407622268621e-02
-1.296799095434020943e+00
4.660097598491856896e-01
8.155378998966338056e-03
6.651679501745287604e-02
1.502624503511349019e+00
-2.705628223110699282e-01
-1.143324108993095667e-01
-7.153608860480081821e-01
-1.931431287094588500e-01
-3.023633872128159705e-01
-1.636241333386713626e+00
-2.709622862846915448e-01
-5.889391251910875980e-01
2.792240790576837051e-01
-3.519896216363679331e-01
-1.919697375462958988e-01
5.448759859656020499e-01
3.023856702141760056e-01
8.199962470597378650e-02
8.906470204097221011e-01
-8.596819468533821451e-02
-2.320968218152305584e-01
-8.595464655781340779e-01
1.898190263148221701e-01
-5.356557564546256256e-02
4.190823775655395655e-01
8.951514425730086044e-01
1.882653244040292939e-02
2.609627705694697597e-01
5.006757968646967649e-01
-9.287361967275026622e-03
-8.374474202274442836e-02
1.508813882469674517e-01
-1.629569445613856804e-01
2.237353953578930799e-01
3.986370303781283653e-01
4.995271858455688219e-02
-5.303835801394458649e-01
1.083767111579684306e-01
8.232919975336292495e-01
1.326315492704507708e-02
6.727374907753052025e-01
4.341119401666687638e-01
-6.142481428981038105e-01
-7.489606999467459669e-01
4.673128806319303691e-02
-7.047309870502888041e-01
-8.973888816050364925e-01
-8.525437350016467075e-01
6.393605802794166681e-01
-1.657811552330207827e-01
-2.904448573118124100e-01
-7.299689242538678347e-01
5.778107926683347800e-02
3.409987847748713330e-01
3.855100160166800155e-02
1.879839852719599191e-01
-4.376112037066126059e-01
-1.620036004083372574e-03
-1.252259435962771728e-01
-1.656216605812781406e-01
-6.263436383925825857e-02
2.318927100476153025e-01
8.549990944374984414e-01
-4.181189501684798859e-01
-7.447584792324333236e-01
-4.729144664756179672e-01
-1.305577025544402969e-01
-5.077743705898040139e-01
-2.282425157741806987e-01
5.620874111961754460e-01
1.031704533634549698e-01
3.810900586757942077e-01
-2.587206313657157142e-01
-1.933889196176919734e-01
6.623069997335598869e-01
5.880216384397333323e-02
6.237599465663860032e-01
3.609222154767892099e-01
2.849945389552637209e-01
-2.076972300431600138e-01
7.816911585612953406e-01
-3.164157001013995774e-01
-3.689642259270212721e-01
-8.025650962712757019e-01
-2.709441571583436903e-01
6.657338967017395470e-01
1.050759754125425216e+00
8.436380457666130539e-01
-6.132788536041133831e-01
-2.987643773853455587e-01
1.132077942933292114e+00
-3.416309537632142290e-01
-2.051748215696796995e-01
-4.432653513018392465e-03
7.659262669804701995e-02
9.644566137605378731e-02
-2.729249945664805402e-02
8.612112338691992885e-01
-4.129603838196334031e-01
-4.290620940294363056e-02
3.159901829306335785e-01
3.443563875227126925e-01
7.063040519804604234e-01
8.981774383889080671e-01
-2.436596961553813643e-03
2.336355584242430505e-01
2.209143662843410238e-01
3.422007419727755573e-01
-4.719755643352200880e-01
-6.581815974263086622e-01
-5.539836148758717771e-01
-1.239538533833710321e-01
-1.398720068583487186e-01
-2.641983167181521930e-01
1.453396923858211176e+00
-2.178650831689884493e-01
-3.217519028465016251e-01
-1.270634135808276777e-01
-7.264411834002300339e-02
-1.428150372611296959e+00
6.250509017980359072e-01
-3.569415063269427701e-01
-2.244744889309659430e-01
8.076014728871588888e-01
3.082953723112561439e-01
1.854190460465210966e-01
4.300888990467712780e-01
-3.702906297881672359e-01
1.468897826868805545e+00
-3.704113533626552379e-01
-1.761353821634918659e-02
9.288515227973406230e-01
-9.114706723930441346e-01
-5.525136997886074264e-01
-5.082988424274976769e-01
2.121073698770552934e-02
-1.080931734143197182e-01
-4.890286416739446085e-01
-2.532169869026718728e-02
-3.761623850431770610e-01
4.932727145258472001e-01
3.016979644483599454e-01
-9.009291091458906386e-01
-3.934174147951976508e-01
-8.772726324949148280e-02
-1.375271462272688039e-01
2.052115817240896811e-01
-3.380698650763042656e-01
-4.347127533055210047e-01
2.671857718039043483e-01
-2.147454668406658940e-01
-4.686905760307796820e-02
-4.779460829834435986e-01
-2.223952424587506138e-01
8.198818717659767108e-01
5.950039622800491063e-02
2.084470518904984193e-01
3.079216223624316462e-01
-1.231078746756813017e-02
-6.266363770530503086e-01
-6.118431830829641760e-02
2.683884492281964351e-01
1.101427389489822106e+00
-1.094220320977019045e-01
4.248467645709794738e-01
-9.540958208805185026e-02
-3.144463212166125898e-01
3.188386846166428867e-01
8.671942835221632118e-01
-1.238604090491913112e+00
5.547860399591058034e-01
1.012580892872571581e-01
-1.741161698085808007e+00
-1.934212997502358922e-01
-8.015853462895550230e-02
2.676906097058273093e-01
2.453680956126345070e-01
-2.323467667547322868e-01
-1.150283974668201703e-01
-9.179966567339649386e-02
4.731040999690296900e-01
1.842095907736469584e+00
-3.263329915255702152e-01
-7.607034386826675432e-01
2.454742786118468412e-01
2.075230755179645059e-01
