-3.647296953609581172e-01
-2.780175677887022356e-01
5.787046069506783796e-01
2.960920744444480932e-02
1.190143513582968993e+00
-2.660597711792392905e-01
2.230021412308241247e-01
-1.090893592640683474e-01
-1.233753223502353502e-01
-1.288644114824284703e-01
-7.835260905925212072e-02
-3.713054019543314821e-01
4.195362618139736877e-01
1.356093187571546788e-01
-1.483565121670268883e-01
-7.582127674257558292e-01
2.832498820567539433e-01
1.300243574220788789e-01
-2.087608534080068190e-01
2.164602791927135519e-02
5.755077334409617468e-02
4.363477175417857512e-01
-3.116297069057423208e-01
6.321423758581352637e-01
4.843780567412939164e-02
5.621279595496401216e-01
-1.084359807633580530e+00
2.410738883182982351e-01
-1.539103064110129704e-01
2.317202237758825001e-01
-1.100365788028438763e+00
-2.037177228101724746e-01
-6.934641138751241884e-01
-3.366800075102168721e-01
-5.340354033901660857e-01
-3.504727109665204954e-01
8.331041920577320070e-01
-1.164876202984260339e-01
-1.082577184598824127e+00
-1.830219681219344072e-02
-3.572936213379572512e-02
1.921629800405535993e-01
2.924334276303463542e-01
1.226490670432109464e+00
-1.980544157324150845e-01
-5.785579669106025724e-01
5.139737582313335107e-01
-2.071595192131515106e-01
-4.055371608970960717e-01
6.894243833660913534e-01
-3.427364337331891830e-01
-2.094185809049544378e-01
4.773477835479300047e-01
5.782531568387921928e-02
-6.783640379314097579e-01
-4.164624259366037085e-01
2.242833704657568317e-01
-6.140073913143908602e-01
-4.478453997172871515e-01
4.685804977880287936e-01
1.016749249496829544e+00
-5.642183018960310326e-02
4.243512597875351289e-02
-1.002051126321226900e-02
4.169103962941391184e-01
-3.245346843385349400e-01
2.484705596058563448e-01
3.958820543973312622e-01
-2.090721191963660353e-01
7.106428238958369115e-02
-3.636056990298568437e-01
1.177598252628368813e+00
1.434611680082948648e-01
6.469472790373572701e-01
4.034765514370719508e-01
3.953350022762954774e-01
4.699757742552684303e-01
-8.916063540519300612e-02
-1.730548508150294151e-01
-3.859927919543454378e-01
-2.712408488177351154e-02
-1.549459805083549524e-01
6.126069063887960020e-01
-1.065251805547457797e+00
-2.684830290289542676e-01
8.526051299387032989e-02
3.538662370813592389e-02
-8.413837632610474820e-03
4.742029770602533278e-01
3.916807708325124593e-01
-4.458699538959498554e-01
4.492833737132776589e-03
1.942999854506952673e-01
-3.114034838964277463e-01
-1.454957973451906916e-01
1.119610414837054202e-01
1.001033411102167509e-01
3.303142951579871034e-01
5.843750765670164826e-01
1.832711800907796049e-02
-7.810098902979499547e-02
3.218636280757645740e-01
-8.510174780157384600e-01
-2.427255920342681061e-01
-1.490700366183646090e-02
-1.821243042745023799e-01
2.840120398236658517e-01
2.463745977520171992e-01
9.949540120048770697e-02
-6.315778680655019517e-02
2.396106406434093949e-01
1.249368246303828034e+00
-4.252728557951409027e-01
2.054922681016668751e-01
-5.298496010757003383e-02
-4.699738130107160572e-01
2.166287572252798277e-01
1.186887740833497962e-01
4.149728690231252459e-01
-8.458543434464581567e-01
1.670165555899680854e-01
-2.698697748597666535e-01
3.021480672119186139e-01
2.043652150202349693e-01
-3.354698372836904530e-01
4.571619005618655640e-01
-4.995023362403989142e-01
7.553025137255832133e-01
2.120316177340799413e-01
-1.765342123951852138e-01
7.659796221342872816e-03
2.899588960312878827e-01
-1.166280567604904006e-01
-1.917660128125929231e-01
-1.986035575051864899e-01
-1.487467202148181830e-02
7.425224890880036677e-01
2.111748496926940666e-01
-7.017873688470651627e-01
-4.253188596140792740e-03
2.311258511350611222e-01
-3.955151050050235706e-01
-1.686432185167488773e-01
7.660253771867021610e-01
-4.186228617621516879e-01
-2.747659196205505180e-02
3.025377939105663994e-01
-1.747694628209485457e-01
1.865729850980266391e-01
-1.115863331733724095e-01
-2.149685176111555129e-01
3.574102433809727697e-01
-8.551271556831534226e-02
-1.397893958534516812e-01
-2.445268703843610919e-02
5.469038921091745609e-01
1.725441871317891507e-01
-4.266949433070901243e-01
2.240678404666871792e-01
4.117309822295261434e-01
1.229600272109349635e-01
-6.295037858084104876e-01
-6.302275428891856990e-01
-3.536450167540568512e-01
-5.398452158119031452e-01
-3.901692393364817879e-01
-2.592358228704480516e-02
-4.484415752007820388e-01
-2.800084882571877709e-01
-6.062854017488059077e-02
1.146465069893425059e-01
-7.266106942762616278e-04
6.130431321883790252e-01
-8.976477689823507689e-01
3.594602808618992396e-01
-8.090722833232516509e-01
-1.160623156290186905e-02
-2.087517503965569954e-01
-8.454188672262216708e-02
-6.922176457284499873e-02
-5.083247029444088599e-02
8.423726643353044441e-01
3.410331112277674159e-01
8.224647552483355800e-03
4.678470710840542668e-01
6.270572745866074271e-01
2.162409753096312115e-01
-3.362034167603886181e-01
-3.237003174804078398e-01
-3.772020998589086793e-01
-5.298257089354267008e-02
4.952797428402392899e-01
6.999785976901506945e-01
-2.134233885297004696e-01
1.570905991690866102e-02
-2.990840297657869074e-01
-7.774680554027612045e-01
2.558004000052558347e-01
6.361239983026691913e-01
6.725300278227286377e-01
3.061317684085372304e-01
3.860530802828207042e-01
-5.963468255153605568e-01
-5.402713371667917930e-02
1.723978041074490930e-01
-1.406342873236634317e+00
6.339999087040739667e-01
-1.050183260140977515e+00
2.253111915791726483e-01
-3.594101722976767443e-01
1.187719333404553268e-01
6.421743541377570308e-01
-3.979128245316644885e-01
-4.077636063478840556e-01
7.144352056596636746e-01
1.085907249673050190e+00
7.039772412006422599e-03
2.533957079477555108e-01
9.817256444632435630e-02
-5.275178353932923336e-01
5.035562181296263651e-01
3.125599885306989956e-01
2.577803284388827457e-02
-1.216462152468685831e-01
1.473349473200615267e-01
-2.678579023850689161e-02
-1.652845076688959705e-02
2.447325392573202266e-02
-8.602490189677989285e-01
-4.585910069410511491e-01
-6.949628437617120236e-01
4.396201037832023206e-01
1.094043452484908974e+00
3.820377167582568179e-01
7.604802544783513252e-01
-5.244909850773376014e-01
8.429529464361824875e-02
-6.400423493429910904e-01
6.043323162806702592e-02
-1.690512561380448087e-01
3.844442448155721004e-01
4.080303504910582912e-01
3.172621674542896314e-02
-8.307046429835259760e-01
-5.046384345106160740e-01
2.981000297428639256e-01
-7.239250972423247887e-01
-6.477796600175989017e-01
-1.060477415007129998e-01
1.199881174880460533e-01
1.073687644327692148e-01
-1.649218398622672166e-01
3.087571047678310809e-01
1.144035583300882369e-01
5.418366694802302375e-01
-4.678037427086826350e-01
2.404853501427050289e-01
8.079225188616805386e-01
6.148250777819626034e-01
1.298673404993944569e+00
5.621603611150917112e-01
4.996473451605726313e-01
-1.411027589278156802e-01
1.592895522889838655e-01
1.092697703856662372e-01
-8.630736579452759072e-01
-3.327322328717518540e-01
2.711846484629407139e-01
1.477083158421382651e-02
-4.764603677107225876e-01
9.047808711675293658e-01
-3.242529926577307764e-01
2.575095891095509071e-01
-2.010754992627742099e-01
4.556357108760084040e-01
-3.248454682476972222e-01
7.424128247751297094e-01
-2.120107535345835126e-01
1.703770156459175900e-01
6.184309276174165815e-01
2.253850700411379193e-01
-6.730511553008085290e-02
-3.838073430472004333e-01
1.699192206906852687e-01
1.482455204424596884e+00
-2.175324914052910452e-01
-6.737939576340289116e-02
-4.759842408831727045e-01
4.896461253884892839e-01
-7.907108282470890481e-01
-6.911053740185828520e-01
1.429426106998067658e-01
1.112929892551932864e+00
2.168390557417004989e-03
2.745225286451575264e-01
4.501368644694764276e-01
-9.915444581609546004e-01
-4.268580389454609131e-02
-4.741255864428311345e-02
-1.730628272832263892e-01
-2.453369878261122683e-01
-7.302683722623979357e-01
-4.974338699935566543e-01
6.132330159672173542e-01
-1.722856487885135179e-01
-1.992833028559823083e-01
-3.535918056535481968e-01
-1.338213662775138424e-01
-1.038817984758350299e+00
1.855126015501392112e-01
2.438809108274440085e-01
1.650948771008378113e-01
2.185481485742139240e-01
-3.288434489230294133e-01
-3.403242008156489445e-02
1.261092328829811204e-01
2.968342417737911965e-01
4.664879226247735655e-01
3.662864374640447673e-01
1.632066004942508697e-01
8.102409672275677766e-01
-4.883761598863589071e-01
-3.320595788124767744e-01
-3.092039623229021483e-01
-7.999863495287403703e-01
-2.201871797209579706e-01
3.456338035373777290e-02
-9.177138569918936728e-01
-4.851194197953654919e-01
2.449507148856491442e-02
1.907176478636095351e-01
-6.725490530489913743e-01
-5.911270730016202762e-02
7.270104674547475110e-01
7.539282501115248669e-01
7.275673186874056508e-01
2.157959938802800626e-01
-1.146476645823758300e+00
-8.018043558854708042e-02
-4.714801914566958962e-01
-1.577572622259983126e-01
-6.003341734678246944e-01
8.117496403718821307e-01
5.325822053058070216e-01
-1.322209011297224845e-01
3.291933825898848975e-02
-7.211309798938898563e-01
4.725482504471146400e-02
-8.978921210800426822e-01
4.032068760141574448e-01
4.984580063291736002e-02
-9.116991822929486344e-02
-2.356913035119819963e-02
-1.795838499336621305e-02
2.253162747045061032e-01
1.345791054470383760e-03
1.159742529957163010e-01
3.622907345406869428e-01
-2.735153948524570167e-01
2.972502501179598022e-01
2.626559746717047616e-01
-4.165385264583763569e-01
1.664715035594237225e-01
-4.003124830129193290e-01
-5.993502101341300348e-01
-3.071724985185078638e-01
5.084813515840868048e-01
6.846469701768054250e-01
-3.115242442280728025e-02
3.098330837356900666e-02
-3.138981043307704222e-01
1.480361194610645137e-01
-8.678411847997297146e-01
2.450119664906207917e-01
-2.809906925257812382e-01
-2.632882205605268089e-01
4.478141797849094496e-02
4.404114588800024654e-02
3.334216869672310679e-01
-6.134686024195333820e-01
1.755368589675739832e-01
1.621333544914498326e+00
-8.018442030060898285e-01
1.070555777915462164e-01
3.201651167524882102e-01
-1.412380160893064840e+00
-6.315408215133629100e-02
7.914118986903599939e-01
4.808661403833252579e-01
2.937457821985443515e-02
-5.922904506409105707e-01
2.369653522131744960e-01
-2.498237794036352322e-01
-9.369428567732822344e-02
2.525686929264865377e-01
7.404753263707155586e-01
-9.482523451612853704e-02
2.089280108303760430e-01
-2.034912494093841506e-01
-3.903863133023540571e-02
-4.673902449244352608e-01
-1.137161957009003715e-01
-5.791344284736647807e-02
-4.396959060343608172e-02
-4.774054475170719791e-01
1.845829520492043851e-01
-7.758261437242619518e-02
3.479949044101359190e-01
-1.698467238207120311e-01
-1.304114976607051446e-01
7.436108323343427751e-01
-3.058669092888622876e-01
-6.323018741444059732e-01
1.078111487466750118e+00
5.451812967181175473e-01
1.769022193408324173e-01
5.264906951188311202e-02
8.178645114920132242e-01
-5.188473086987302474e-02
1.907043082536841461e-01
1.236823903692581661e+00
1.680175908598976697e+00
2.723194295319605329e-01
2.728424739309413122e-02
1.024116273521079590e+00
-1.369005641052274680e-01
-3.744459883675510525e-01
-9.763825683052018700e-02
1.933677049941442683e-01
2.692153498527418143e-01
4.829024363186782409e-01
-4.516090789245861825e-01
9.974136564750922529e-02
-3.648880651659919261e-01
-3.567368624085013873e-01
-2.247433023731957302e-01
-3.088884491222741446e-01
-4.725482558364371699e-01
-9.999831516593377101e-02
1.595634915099722606e-01
-2.259204731824721868e-01
3.130729028037302353e-01
4.980469812250412631e-01
-6.385006600223734619e-02
-3.450472393967485840e-01
1.267048905536242831e+00
-1.726706163696181684e-02
6.763244740248826326e-02
3.741242512619079585e-01
6.679930714896968880e-01
3.029628132033028720e-01
-2.377637311932351560e-01
8.323561556075569079e-02
-3.500272352033099166e-01
-1.456880755233653124e+00
-9.058010523430235494e-01
-1.110108536551372760e+00
-2.906443896531239468e-01
3.171351085779854778e-02
1.430035556214793724e-01
-4.240403031811370016e-01
-7.882286247005088065e-01
3.943278182944203736e-01
-4.592890618952923942e-01
5.001184783642660392e-01
4.785135510341664289e-01
1.498358938349301783e-01
-6.114518134790328935e-02
2.347796501052384077e-01
-1.622303396386609864e-01
1.476956940538056914e-02
-8.039151834035834776e-03
-1.158532612715513777e+00
-1.145425175928474815e+00
5.532232182886517163e-02
-5.432472536912103661e-02
-1.395650444928156764e-01
-6.610361453705536627e-01
2.255822150296898573e-02
-5.509155294731198776e-02
-6.656909109545931791e-02
4.974804949732500314e-02
-4.926316705717488920e-01
1.990777356756366911e-01
-9.466956323608119797e-03
-5.112330888411830560e-02
-1.297928818674864981e+00
4.660783280161370223e-01
5.549240860643024284e-03
7.257235142398985039e-02
1.502082800512981597e+00
-2.735245888028471906e-01
-1.116377582988772182e-01
-7.152355680312033614e-01
-2.016001411813819200e-01
-3.017271120688636010e-01
-1.635659051973628264e+00
-2.743898032395075681e-01
-5.882960172229009244e-01
2.773182999120398229e-01
-3.435868908807536148e-01
-1.954353504718474577e-01
5.466996813736920702e-01
3.098496550273911465e-01
8.298746188067894491e-02
8.908762523938709155e-01
-9.267308314974719019e-02
-2.303662226572996963e-01
-8.489648528640059144e-01
1.910078707496185857e-01
-5.556706250093826349e-02
4.225515595171047689e-01
8.944455631242756999e-01
1.837397821695571989e-02
2.637064241525201025e-01
5.041612313547800817e-01
-2.930368431756682525e-03
-8.324647292047974989e-02
1.453416413834791310e-01
-1.727390560669940511e-01
2.223619733968116297e-01
4.012227730733138320e-01
4.873258111076977928e-02
-5.260606376785216254e-01
1.078708706041306697e-01
8.328488384270663625e-01
9.643993578317631640e-03
6.725589707670959205e-01
4.369283688287452505e-01
-6.160284757130938260e-01
-7.537229806677552268e-01
3.975997046729751183e-02
-6.998736632958735271e-01
-9.000572206694772426e-01
-8.526923447406413725e-01
6.345115051681575746e-01
-1.625855520974957558e-01
-2.871464751551772165e-01
-7.359952583519210334e-01
6.335253353589732905e-02
3.422315936047811147e-01
3.689046637745659052e-02
1.848279278017466998e-01
-4.407960151384598957e-01
6.106250090284588532e-03
-1.338463631842391477e-01
-1.834653109819015526e-01
-6.268969778915663149e-02
2.255693787094824598e-01
8.554617077514549139e-01
-4.177932132970980650e-01
-7.358729964505194010e-01
-4.704979543690153143e-01
-1.346482879633750240e-01
-5.113959054463185216e-01
-2.174112145849828037e-01
5.354682235772237897e-01
1.106900998392407742e-01
3.838587769526589089e-01
-2.559462441492272311e-01
-1.942763995031127344e-01
6.539537043415010187e-01
5.894760413820941680e-02
6.215106325968924317e-01
3.586134604935951598e-01
2.801091176150624085e-01
-2.043479503457704127e-01
7.736416685849868413e-01
-3.165698573555649209e-01
-3.712153139090457743e-01
-8.064148283114229709e-01
-2.679372279777443300e-01
6.716454810396947916e-01
1.075053318959176440e+00
8.450078955105827516e-01
-6.210115514183132124e-01
-3.024142629102901658e-01
1.143837143888349006e+00
-3.437782810948848411e-01
-2.161984940393772703e-01
-3.446760727087072942e-03
8.101974652034642232e-02
1.024834843169236537e-01
-1.357769362310305879e-02
8.591066594328318207e-01
-4.115022190438463179e-01
-4.244332270795009993e-02
3.173208045993906046e-01
3.594449061130368106e-01
7.157913033691650773e-01
8.943023098711777585e-01
7.358687298758007089e-03
2.363575966814858431e-01
2.196574934913823052e-01
3.364666667837514780e-01
-4.803457844563657209e-01
-6.625832763938110936e-01
-5.491016638419704554e-01
-1.231985866074316038e-01
-1.444388400685729379e-01
-2.635124492111116101e-01
1.467721644696397210e+00
-2.131117759204239903e-01
-3.184351140334953367e-01
-1.318002570092860759e-01
-6.691120899004432410e-02
-1.433324864454418313e+00
6.226762822275763165e-01
-3.590421450282449412e-01
-2.282847271332090200e-01
8.061118987538292702e-01
3.186440343647573559e-01
1.805588099782221567e-01
4.280834289012485083e-01
-3.687846982091920744e-01
1.472150732245315341e+00
-3.626381367683203516e-01
-2.612773415556344028e-02
9.349735024034360187e-01
-9.100346958689705668e-01
-5.520546896736190368e-01
-5.158103216449038131e-01
2.507651690291553409e-02
-1.058126493041356003e-01
-4.898183109005614932e-01
-2.960168846856606542e-02
-3.766219511449386825e-01
4.967337831389703195e-01
3.071054885831320802e-01
-9.240227510501404229e-01
-4.054120106279818225e-01
-9.060604300748048567e-02
-1.390527041308672607e-01
2.177405351711122483e-01
-3.197216818179344777e-01
-4.335930753302028040e-01
2.801187561044544139e-01
-2.140077392035471815e-01
-4.756582136320117171e-02
-4.747884228727640710e-01
-2.253740911437588368e-01
8.175937123090717407e-01
6.029714275448924687e-02
2.057454479697961025e-01
3.090230529661077696e-01
-1.329183929308056476e-02
-6.308314792853806363e-01
-6.152643186630611660e-02
2.696030388961094260e-01
1.087218228654750707e+00
-1.090566261457381891e-01
4.269913271350973538e-01
-8.515290021985935653e-02
-3.185195446735625269e-01
3.289046842093383272e-01
8.944786042506194246e-01
-1.234996790099948782e+00
5.595522579413958475e-01
1.012979243730759704e-01
-1.751042068862982637e+00
-1.965734806348773955e-01
-7.835209350172274434e-02
2.847649814877512009e-01
2.246119121802812313e-01
-2.339533288513132581e-01
-1.210871635374327904e-01
-8.849863812625453907e-02
4.732950286894843095e-01
1.851101595509202946e+00
-3.311584161848248886e-01
-7.637551538657606498e-01
2.436574102303762090e-01
1.648134111815541536e-01
