-3.708551877363989169e-01
-2.787731547400794097e-01
5.777622829645050473e-01
3.528176445309953724e-02
1.195294805360407553e+00
-3.064275152834854410e-01
2.268642963926257861e-01
-8.102244748825931930e-02
-1.297088048729396204e-01
-1.255957751482311702e-01
-7.796445977218058321e-02
-3.818126891168844295e-01
4.229294398350544326e-01
1.239135779297088069e-01
-1.614300222850557631e-01
-7.731649246664987762e-01
2.833724163969800758e-01
1.326905701321868802e-01
-2.237985933031354513e-01
1.718150116216615036e-02
7.004684931230192868e-02
4.289389484673965525e-01
-3.120174895311190189e-01
6.320587574228951899e-01
6.164254563003864623e-02
5.733522396174141056e-01
-1.067129603345245092e+00
2.307239570498135217e-01
-1.320286101239482590e-01
2.273794403397131070e-01
-1.017159764126100985e+00
-2.007036471386167142e-01
-7.012497459936787303e-01
-3.357947448772860000e-01
-5.197197923083005655e-01
-3.396908749219512691e-01
8.252461702293187873e-01
-1.077212292514952569e-01
-1.299902432837438226e+00
-1.886345685317863605e-02
-4.457768425648783728e-02
2.037983420590555039e-01
2.908914803617487776e-01
1.209512206080104457e+00
-1.914058291431472714e-01
-5.855897166281269772e-01
5.557055583300153367e-01
-2.055655459821188469e-01
-3.977841546465431533e-01
7.249941434906590487e-01
-3.636496841859271911e-01
-2.170646760755221838e-01
4.969528710781470626e-01
3.854773134302087734e-02
-6.923064976458324082e-01
-3.698437649917267755e-01
2.216216203548308228e-01
-6.208314416599649554e-01
-4.663613494885492372e-01
4.782405001882844009e-01
1.038202618669892496e+00
-2.035843760189281343e-02
3.135722964975838634e-02
-1.642696050111904643e-02
4.200948525447037452e-01
-3.288463492868723415e-01
2.487693030827086149e-01
3.946089657934572781e-01
-2.078285693444680282e-01
9.009698476529412470e-02
-3.696351055285263532e-01
1.203331109794557596e+00
1.401718049359425566e-01
6.579691147724635591e-01
4.090327749427696835e-01
4.037247008548338623e-01
4.735105854616133980e-01
-8.954690737934921374e-02
-1.697361871557913904e-01
-3.869651490844259190e-01
-2.515890179751026703e-02
-2.111107942350821109e-01
6.231674897602146324e-01
-1.077977028283789496e+00
-2.491356547899331864e-01
1.135713360683960615e-01
3.964588575803967840e-02
-7.835692122913819752e-03
4.487236225837167303e-01
3.980075830571773721e-01
-4.491246669047015971e-01
2.269432934298451499e-02
1.815739295889778060e-01
-3.091084603083357196e-01
-1.414403280584801414e-01
1.301546004172481896e-01
1.084659420207897407e-01
3.408785286035220796e-01
6.278328874153934480e-01
2.582554143613274844e-02
-7.353437212085174590e-02
3.203020547902968307e-01
-8.194257462954467330e-01
-2.216620036033581931e-01
-1.641251412889396452e-02
-1.806195852002910607e-01
2.699502147939377705e-01
2.556339807617586390e-01
1.080426831088779904e-01
-7.310341700240270690e-02
2.603412843934962972e-01
1.244526241280594858e+00
-4.582808855676106519e-01
1.996072844304332961e-01
-5.126883238622179095e-02
-4.739391778791631760e-01
2.265316837839621567e-01
1.139505987131941844e-01
4.304199815126542594e-01
-8.633149598910080380e-01
1.735685831106828780e-01
-2.856941694018192424e-01
3.015252752025491811e-01
2.012932593366754119e-01
-3.507119736376576591e-01
4.420619193641471822e-01
-5.105109029596712755e-01
7.380242777304093504e-01
2.075107157008667935e-01
-1.672916950187512408e-01
-9.491511526292113407e-03
3.102713474318867792e-01
-1.177614120188251040e-01
-1.940146374952329833e-01
-1.976565686136534106e-01
-1.893179790084228986e-02
7.710389132628815423e-01
2.190607117417451843e-01
-6.727139554293514179e-01
-8.802006161378335414e-03
2.776930065059614594e-01
-4.149656118211452749e-01
-1.689761896136804942e-01
7.731216447726344532e-01
-4.383353020720787141e-01
-1.940957068449125980e-02
3.395152251540350941e-01
-1.338732669381228479e-01
1.999747608136102639e-01
-9.908611576274840849e-02
-1.883395030439156681e-01
3.810452341165414536e-01
-7.228098214656125675e-02
-1.294127031334366129e-01
-1.856138480716089736e-02
5.546220422078406154e-01
2.278182631395636870e-01
-3.947052171396245868e-01
2.321012784985229116e-01
4.025452581334112434e-01
1.200406242979961680e-01
-6.299989758931574535e-01
-6.401738638687411997e-01
-3.588605389901292075e-01
-4.959174102804349005e-01
-3.926724761512776496e-01
-2.029282603680736957e-02
-4.392152998339691750e-01
-2.530322059913835964e-01
-5.954027155270576188e-02
1.237314449041195114e-01
3.446353659731779540e-02
6.290532304348490644e-01
-9.030992631265606363e-01
3.804909613995552942e-01
-8.310477121008927881e-01
-3.562684191090308150e-02
-1.915925083939199747e-01
-8.701984830778172753e-02
-7.164082230658526396e-02
-4.566038018711279789e-02
8.654686642347743097e-01
3.397740480193705559e-01
1.033335281988027356e-02
4.657890883377590052e-01
6.088267955116545282e-01
2.208420690396554753e-01
-3.190929709159293637e-01
-3.178987900385504273e-01
-3.739885792421702715e-01
-5.673495738819439582e-02
4.914847336004842249e-01
6.900874347933915187e-01
-1.998448438636437341e-01
1.758190710127096115e-02
-3.066025656081806661e-01
-7.678977982981645134e-01
2.558859225684384509e-01
6.651809609747403318e-01
6.916442725323933560e-01
2.959423163956003688e-01
3.802761414840861720e-01
-6.056105182165781864e-01
-3.453805873106318564e-02
1.728632100251010217e-01
-1.445022478643720021e+00
6.426335466811271546e-01
-8.435635693811749380e-01
2.216031915148360398e-01
-4.145070065422798433e-01
1.018866545431984794e-01
6.253175478184347380e-01
-4.038324502713319664e-01
-4.119542758232345725e-01
6.882637348340937544e-01
1.089220417550993192e+00
-1.853494973689650410e-04
2.593136980473645936e-01
1.072180552495352879e-01
-5.364055360535113781e-01
5.064423850493188217e-01
3.137243182259320529e-01
-1.283534890203560930e-02
-1.986174023282502588e-01
1.411511728129745957e-01
-2.196335190283243630e-02
-2.978751517236889051e-02
1.743578772096557317e-02
-8.101174574750591439e-01
-4.542399282001162164e-01
-7.374546985328429560e-01
4.907813232968513129e-01
1.122388222654524759e+00
3.921212812801110337e-01
7.608340218133378130e-01
-5.566332401355353898e-01
1.110136909844277320e-01
-7.156502165885125777e-01
6.216725567391145901e-02
-1.693801667621496199e-01
4.141663033140119965e-01
4.019768281580760050e-01
4.765688004980432602e-02
-8.288130793446393252e-01
-4.950954646054748221e-01
3.202735842254473830e-01
-7.175320636585389433e-01
-6.801880201081181854e-01
-1.143569938250032642e-01
1.069264966487432633e-01
1.229432481073528816e-01
-1.602275920391164343e-01
2.929715153960560370e-01
1.112155503424545749e-01
5.605202878890880314e-01
-4.778785751006799920e-01
2.531043449574288395e-01
8.484955129444753386e-01
6.362142277297562210e-01
1.314358846367134293e+00
5.495635484488279321e-01
5.191597954087058264e-01
-1.340120789125184564e-01
1.731079256834368030e-01
4.837584642386867639e-02
-8.041157020909537323e-01
-3.420511994073077711e-01
2.639887238945044512e-01
9.014473348763703958e-03
-4.548914214094045838e-01
9.095933209786157825e-01
-3.187317373627918671e-01
2.507072470327844638e-01
-1.942276485578630918e-01
4.362509897028434280e-01
-3.295739926228965500e-01
7.698733079308889282e-01
-2.123993526035234114e-01
1.759716086249132616e-01
6.176512259869992860e-01
2.271077424963424685e-01
-6.537307685355443765e-02
-3.363447243373653972e-01
1.798052762417105543e-01
1.503893889153348429e+00
-2.453052458213574316e-01
-6.928627390554470411e-02
-4.852648789411206920e-01
4.658344638460797937e-01
-7.899695272278681735e-01
-7.268671484488520296e-01
1.519071621026823193e-01
1.080880610493886396e+00
1.154791519603341927e-02
2.620589989095002403e-01
4.586218093702335019e-01
-9.972967574799528334e-01
-3.748235496324228699e-02
1.518391614710633275e-02
-1.848175836321856724e-01
-2.455456274120310922e-01
-7.304721307905843730e-01
-5.035746777606406877e-01
6.154614109850602421e-01
-1.304607203009742478e-01
-1.851573636386214528e-01
-3.621139924835861112e-01
-1.546623482083660517e-01
-1.070068643496746130e+00
1.848037911962713276e-01
2.541041053390137305e-01
1.792394841894570656e-01
2.536551152741364779e-01
-3.406871700460455954e-01
-6.325319162398403139e-02
1.244800186078575954e-01
2.768147988166469453e-01
4.834507095686860767e-01
3.630926288010088432e-01
1.661565980831556377e-01
9.182572839185605407e-01
-4.924040694273585927e-01
-2.681699569459553567e-01
-3.059386273943686119e-01
-8.095513322798951750e-01
-2.757296229567823276e-01
3.240437070235704931e-02
-9.398745831498990233e-01
-4.889546567665334909e-01
3.356527579616052498e-02
1.991120759453432199e-01
-6.754688462443719787e-01
-7.276384382188436084e-02
7.392878360414762984e-01
7.609512272010566791e-01
7.239200839435612211e-01
2.170917695330287778e-01
-1.176365966876127267e+00
-6.568958867298686777e-02
-4.579571738517498880e-01
-1.550171487890216193e-01
-6.197061483962204020e-01
8.043879900685892981e-01
5.375723750319773009e-01
-1.297954193769541575e-01
3.604999216828684572e-02
-7.155175133283192546e-01
-9.045579379027522682e-03
-9.165103390170522557e-01
3.932853481732416223e-01
3.014757118732134394e-02
-9.348268472685716812e-02
-3.080330595548792794e-02
-1.958425392771170892e-02
2.307682804254466424e-01
1.047449501711649605e-02
1.251822785203361987e-01
3.425723677442223947e-01
-2.730708465429214638e-01
3.203555777330684973e-01
2.652941613656887854e-01
-3.571008880946260899e-01
1.653014831020026831e-01
-4.389269915323119053e-01
-5.962492001028792954e-01
-3.089875688213951643e-01
5.099403802525120932e-01
7.479961438783706562e-01
-2.104500515634008528e-02
2.983475124534891096e-02
-3.280793084802944293e-01
6.473889087022248467e-02
-8.694166547424820868e-01
2.464108919023555166e-01
-2.813034084205364160e-01
-2.652685818746668422e-01
1.662389108995986076e-02
5.353344191495442578e-02
3.291419222935308975e-01
-6.333493380285755148e-01
1.921299240457201851e-01
1.639438465595706163e+00
-8.004906901397443875e-01
1.065502729875121291e-01
3.120571836048757208e-01
-1.413796839420473184e+00
-6.129143160342046676e-02
7.896631642182421196e-01
5.230183261028571451e-01
4.855851864684738312e-02
-6.051810137224674646e-01
2.603120241461310269e-01
-2.923246937104477805e-01
-8.334839395888314628e-02
2.538347309637110638e-01
7.482471950559901330e-01
-7.780384729441391922e-02
2.075268479084985129e-01
-1.844857198605373283e-01
-5.191394263956475991e-02
-4.696673962043008133e-01
-1.161251681147754677e-01
-5.601077459894667626e-02
-4.256864217736716638e-02
-4.852693473817043524e-01
1.866986109984801190e-01
-8.996886417671143277e-02
3.444558548896833883e-01
-7.004915062789451863e-02
-1.145639135193825958e-01
7.687322765830011395e-01
-3.022947672958946064e-01
-6.023405459600227330e-01
1.081227330432915634e+00
5.532147022628828292e-01
1.244836530298396304e-01
3.626713191282657234e-02
8.121976389472161939e-01
-1.739384676568044297e-01
1.943720903549690238e-01
1.245157457806429724e+00
1.683269978054645177e+00
2.604109642103430988e-01
1.031114985000482209e-02
1.026661199824655091e+00
-1.392553193067864181e-01
-3.669373490307458741e-01
-1.152227175411988241e-01
1.701341988490448209e-01
2.735547940590707938e-01
4.936856483558701436e-01
-4.570512145929090386e-01
1.046267422013986287e-01
-3.650442754270735168e-01
-3.193699959981933789e-01
-2.319051092096821864e-01
-3.071395973330720564e-01
-4.807773814253165634e-01
-1.019614892347690954e-01
1.684523697109272800e-01
-2.009256159556335741e-01
3.263000955433142947e-01
4.910220468579145625e-01
-5.210434034247889146e-02
-3.836073748000861650e-01
1.251169212932318420e+00
-3.838012696669688278e-02
7.463449946714710570e-02
3.629160431171999379e-01
6.805378034472177040e-01
3.108254830353567866e-01
-2.235814484190875862e-01
8.096609735383990258e-02
-3.716462089760310117e-01
-1.288079103558996685e+00
-9.351301234599076473e-01
-1.110413101640308042e+00
-2.811724185737864978e-01
3.152352417660013451e-02
1.491094378664611642e-01
-4.214009988736691081e-01
-7.919315673750237927e-01
3.755807758529561280e-01
-4.516393987864466553e-01
4.889545251852256413e-01
4.631660518470445687e-01
1.552616669501989399e-01
-6.510174992446968179e-02
2.439789686912068600e-01
-1.668981150950231140e-01
1.717069178018965428e-02
-9.396017357890626420e-03
-1.165414584826147237e+00
-1.193054366798883992e+00
5.789063178645013907e-02
-5.306602007381585467e-02
-1.307257174450291159e-01
-6.728698469808921390e-01
9.387990217458137138e-03
-6.350290386370595341e-02
-6.723666314241345809e-02
4.533597793175691421e-02
-5.114021457569664086e-01
1.984455781361903481e-01
-6.746009302222655615e-03
-5.328752486994165621e-02
-1.284399808078783956e+00
4.731203969317185898e-01
-4.246923313411045918e-03
7.731810341356226690e-02
1.493697472776284396e+00
-2.770714060260253686e-01
-1.014416017611571158e-01
-7.175987200817999234e-01
-1.371164591952395151e-01
-2.974187707810698744e-01
-1.673302975931092451e+00
-2.833079840114645642e-01
-5.899885365915792379e-01
2.801464099031510391e-01
-3.526084597259397935e-01
-2.046837356606239500e-01
5.508604069019850114e-01
3.225884503204194398e-01
8.435564392609040674e-02
8.948662580186318438e-01
-1.040688896162134253e-01
-2.290490857596579333e-01
-8.503879693996291289e-01
1.915886522576324691e-01
-4.544745411093895765e-02
4.335865665385573720e-01
8.969150637577515406e-01
4.610330200133693629e-02
2.714018963802394824e-01
5.087987925673719269e-01
9.763949839447519374e-03
-8.898791084885060432e-02
1.338599648497191263e-01
-1.428922671620198592e-01
2.547109431250229594e-01
4.067703620523664965e-01
4.758506790628208583e-02
-5.014388726534511065e-01
1.308605493362230421e-01
8.393725313642754760e-01
1.524958388495464140e-02
6.521889562519499473e-01
4.501557216963811281e-01
-6.193629600771457522e-01
-7.477202657954472587e-01
3.135415735780836682e-02
-7.010487318855619376e-01
-8.897114525943299324e-01
-8.617382134991528053e-01
7.006427237138856956e-01
-1.505911325266202638e-01
-2.870227578537556390e-01
-7.498824517650665156e-01
7.829516354539579892e-02
3.329203965693413036e-01
3.370059532453243550e-02
1.854745233810511928e-01
-4.588616811367289827e-01
3.344027033654607683e-02
-1.560308337371993093e-01
-2.112781509846214656e-01
-6.110822618604429962e-02
2.639359594585972690e-01
8.511452455595379663e-01
-4.234992396296547446e-01
-7.333227273134708124e-01
-4.883058462600000649e-01
-1.060865201597842727e-01
-5.062616511237376660e-01
-2.014351783126707429e-01
5.925766077589842418e-01
1.182834062801658981e-01
3.870944367165855549e-01
-2.449394628459392043e-01
-2.067304629295729779e-01
6.712815294260265908e-01
5.395879221777953594e-02
6.348784305329555622e-01
3.643981305316860153e-01
2.692020651845701273e-01
-2.248391528044725030e-01
7.777057845235798572e-01
-3.074767808119088230e-01
-3.687188239308950011e-01
-8.113551325447324603e-01
-2.341543276703817733e-01
6.865006365618998574e-01
1.045338037051832369e+00
8.498377171427315968e-01
-6.364693117250248555e-01
-2.975362341618625339e-01
1.131186851122486070e+00
-3.490894117559238952e-01
-2.086872658394619273e-01
1.864444177153265839e-03
7.853709019172545880e-02
8.429245585117363382e-02
-2.873507440852568137e-02
8.864471153327262432e-01
-4.158192693856153088e-01
-4.724175922142540007e-02
3.089172364460777143e-01
3.086629788977001132e-01
6.975720549494914824e-01
8.980169464155696168e-01
1.391770683367457746e-03
2.745814873280534307e-01
2.218182797679191243e-01
3.076035362745077051e-01
-4.771239356737523307e-01
-6.704834614454387998e-01
-5.258096158336573733e-01
-1.215771040847939133e-01
-1.347745529736172343e-01
-2.722808309925444092e-01
1.458000804787280336e+00
-2.255088886662255654e-01
-3.339909891341424353e-01
-1.339681321491650035e-01
-7.633033917180181982e-02
-1.446283531060304606e+00
6.519672164806912251e-01
-3.563390766762067896e-01
-2.165172316051590107e-01
8.204213906527905165e-01
3.115326189267438872e-01
1.731457826158150082e-01
4.077513852587885679e-01
-3.560395053652339881e-01
1.501638792031294578e+00
-3.632810519243941938e-01
-1.307536306358743697e-02
9.642516004845109734e-01
-1.045908105797295429e+00
-5.510035994754155508e-01
-5.166402721606018211e-01
3.021278647454413852e-02
-1.026441869759155689e-01
-4.710530209768831189e-01
-3.450860013546643013e-02
-3.837679093673008746e-01
5.137189289663939284e-01
3.095350491371505752e-01
-9.619314588999848814e-01
-3.993594073372844222e-01
-9.928029291822348945e-02
-1.440659248921285773e-01
2.026978620082794114e-01
-4.080195739596615967e-01
-4.336605392161037575e-01
2.990971695357704241e-01
-2.202677803370836629e-01
-4.188090655559299075e-02
-4.919279860321820186e-01
-2.177987887183646110e-01
8.185489973157528132e-01
1.022297034911899688e-01
2.115542115091443021e-01
2.940229750746687354e-01
-1.890239295050607712e-02
-6.582501644320351009e-01
-4.593466062259239646e-02
2.794294731741182036e-01
1.081474912269175359e+00
-1.126244267476215061e-01
4.259525381426726431e-01
-7.239844850134045939e-02
-2.848607788936834417e-01
2.842029802625007928e-01
8.337630105522790824e-01
-1.197431153891902911e+00
5.545948117449492898e-01
1.050960383675177273e-01
-1.809869864476341350e+00
-1.744322909173314506e-01
-7.480735445153251229e-02
2.399088741144164705e-01
2.624973767047206197e-01
-2.378069217070437058e-01
-1.340464867248790382e-01
-8.480539509206046211e-02
4.891703424315509974e-01
1.887539535603543595e+00
-3.331098496175893819e-01
-7.803320234032696812e-01
2.496995496623221344e-01
2.249058286904749848e-01
