-3.583050557360870636e-01
-2.924053560536215013e-01
5.883066371618139723e-01
2.117545315127726535e-02
1.198609418142660310e+00
-3.387859376760991026e-01
2.210657720084514277e-01
-1.101344584000281540e-01
-1.273590315379452831e-01
-1.226896090411228601e-01
-7.452949177547241177e-02
-3.692925369973059646e-01
4.219354974420137516e-01
1.303492168784745331e-01
-1.599906531078870708e-01
-7.598155112234900033e-01
2.834898118801563172e-01
1.303487639258674446e-01
-1.865213905699473762e-01
1.126870591577033495e-02
6.540662284829283635e-02
4.606932678907920131e-01
-3.114528591785630796e-01
6.335804252169110473e-01
3.950526585104651572e-02
5.805757110203341176e-01
-1.159344266306566062e+00
2.397624726381084037e-01
-1.596354049544339571e-01
2.310776846976603516e-01
-1.164744021715979239e+00
-2.005477953433204563e-01
-7.156037890282023195e-01
-3.407084757282337062e-01
-5.372183076975117766e-01
-3.521652247096437871e-01
8.005904786665534179e-01
-9.903186394788056346e-02
-1.111365546734520482e+00
-1.747096188643888770e-02
-3.352694533106865410e-02
1.607786742430438176e-01
2.929694185283923114e-01
1.228863515670316930e+00
-1.934252920915062735e-01
-5.789504808530154811e-01
5.973658515723437867e-01
-2.168063341180203607e-01
-3.915789313072638445e-01
6.784841927077946977e-01
-3.436857938147118707e-01
-2.101132662208015645e-01
4.581693918979597990e-01
5.763794592416605911e-02
-6.756089105375832071e-01
-3.467964619092604450e-01
2.199711540054880843e-01
-6.085544859857028310e-01
-4.315997415560414163e-01
5.440033096425752612e-01
9.997201820303434072e-01
-7.960522473693347478e-02
4.775664883865188975e-02
-7.509706138759083757e-03
4.180711275823702500e-01
-3.219127569085361018e-01
2.492978807603790925e-01
4.139739131415164919e-01
-1.870793221448622257e-01
9.133791429161314257e-02
-3.719267921035879776e-01
1.218708669586287430e+00
1.281841782347331316e-01
6.835770187891849758e-01
4.023400107705363826e-01
3.897306819874551964e-01
5.069181143509774445e-01
-7.794354415368152933e-02
-1.634237399969196980e-01
-3.993685528458456035e-01
-2.872802316039214585e-02
-1.125818840129695630e-01
6.084304925588867041e-01
-1.081670826782311412e+00
-2.785073613596136810e-01
5.924475119239022008e-02
4.170385452397153830e-02
3.243882671481695783e-03
4.506390227710048713e-01
3.835064963242888481e-01
-4.473644086028659150e-01
7.006975837678344581e-03
1.969044613117238718e-01
-3.110330345856138212e-01
-1.272455002860347906e-01
8.703353090267321179e-02
9.674304032974399836e-02
3.273063304554261199e-01
5.005136268640620889e-01
1.428620753463615868e-02
-8.525042868076956881e-02
3.210281833509453508e-01
-8.539020074183123477e-01
-2.515962763935479241e-01
-1.595075485497626788e-02
-1.879529761751016492e-01
2.827442387652698841e-01
2.603072497691101272e-01
1.014948960323258376e-01
-6.071421517111805222e-02
2.442115042422624283e-01
1.250850704898692989e+00
-4.275838830908663124e-01
2.014913363680277680e-01
-4.608788870573776036e-02
-4.545908776242409965e-01
2.158514425137324222e-01
1.078355028645295866e-01
3.407124108451530797e-01
-8.437535788214781673e-01
1.707088805375468199e-01
-2.460849033147753384e-01
2.996099999125025337e-01
3.069301751253921684e-01
-3.160693347774911621e-01
4.795481564684989650e-01
-4.975970770453549408e-01
7.236526874447264390e-01
2.097717345599582339e-01
-1.690457614955157561e-01
4.653512461303924153e-02
3.510573145355777580e-01
-1.156372253908371367e-01
-1.998403672849846380e-01
-2.032758889924628776e-01
-1.414113281074741262e-02
7.516366733718682358e-01
2.024057806524224568e-01
-6.519460378076088469e-01
-2.659920715990635350e-03
2.226762860162282420e-01
-3.995822034459809435e-01
-1.641016305054788793e-01
7.659230667801188996e-01
-4.186899717357711048e-01
-2.916106608296439862e-02
3.001031148273309856e-01
-1.825583002132153965e-01
2.090904227153315698e-01
-1.447161309099181947e-01
-2.085965717943160658e-01
3.631220357745801319e-01
-8.542259909961842645e-02
-1.559694493565306761e-01
-3.333160096234998732e-02
5.406808249196611849e-01
3.082564711712735828e-01
-4.541909638464523558e-01
2.067185409525424955e-01
4.278363943571514838e-01
1.216327903262008209e-01
-6.264876302010248255e-01
-5.800304804097834444e-01
-3.563087633763962203e-01
-5.479436445185610349e-01
-3.895871407058858482e-01
-3.713204670707895977e-02
-4.414711797845700114e-01
-2.849081267051540856e-01
-6.556054796407766172e-02
1.066509547290630106e-01
-8.329993173679553324e-04
6.065378807603302169e-01
-8.995585818950949664e-01
3.694497070433514496e-01
-7.673744493881320405e-01
5.858100671269041637e-04
-1.630343993295961802e-01
-8.297777611093241912e-02
-5.675267128740157929e-02
-4.955357203726339088e-02
8.444096108134520051e-01
3.420961524139639609e-01
1.763631054810878285e-02
4.479468232233599911e-01
5.694238061528801298e-01
2.141981803135522000e-01
-3.329214963982986553e-01
-3.261466858088067355e-01
-3.796133436079408008e-01
-6.355059734669374349e-02
5.008499422399916856e-01
6.888810468279846777e-01
-2.242804016963838576e-01
1.638399096757461870e-02
-2.963716417394872127e-01
-7.710100286024821337e-01
2.511760419001858868e-01
6.744727493894077108e-01
7.116010632860558793e-01
3.004047932891463213e-01
3.805001011194241167e-01
-6.738349771530445231e-01
-5.183575772376810414e-02
1.684749234914566796e-01
-1.475997566285106588e+00
5.956412746108266099e-01
-1.168008331959901058e+00
2.316324275124708731e-01
-3.219912975834425262e-01
1.210893876000462416e-01
6.944546658856991517e-01
-3.970616894339066838e-01
-4.081211851423980352e-01
7.218896337953297770e-01
1.071644844342285907e+00
1.348844979231606477e-02
2.497487458037200292e-01
1.101103047811753666e-01
-5.269466719960507195e-01
5.041646603177823982e-01
3.114487040298813403e-01
3.021201621116982594e-02
-7.818971743231119265e-02
1.387528781164652225e-01
-2.552864088453078717e-02
-8.544931061719754709e-03
2.398582775085471991e-02
-7.446867641237927549e-01
-4.534581895783250105e-01
-6.399079071233725324e-01
4.040459762434269742e-01
1.079874505712284716e+00
4.153216936074596299e-01
7.895110635592085258e-01
-4.976394793037082764e-01
3.508560807474379872e-02
-5.932110308520935904e-01
6.765224743070377689e-02
-1.725215488399818031e-01
4.035422471769621877e-01
4.037345799260610435e-01
4.612069491531972654e-02
-8.476675017983079652e-01
-5.036871755323614197e-01
3.281563873254863539e-01
-7.566527048222045915e-01
-6.348811112607192220e-01
-1.008692461965733506e-01
1.224710308704346634e-01
9.948439359506901225e-02
-1.620068503347225908e-01
3.512562860282752997e-01
1.100104256306856237e-01
5.704693195663906868e-01
-4.653984961218143868e-01
2.475759931377958245e-01
8.009655878415911090e-01
6.185081440878122949e-01
1.304497846971512054e+00
5.587979829138679522e-01
4.857366783584882719e-01
-1.318276431261754256e-01
1.984520145538376801e-01
3.844010463363699281e-02
-8.669196800220632104e-01
-3.359785760657851839e-01
2.612244468761921179e-01
1.734098481928087604e-02
-4.690587077361224599e-01
8.976782140619351535e-01
-3.235687079391199594e-01
2.558861435416619479e-01
-2.060492780839866811e-01
4.527809361066189586e-01
-3.257565789255543187e-01
7.266086868867839277e-01
-2.105890782457651156e-01
1.643540568223634812e-01
6.312556170600859273e-01
2.321975568803824053e-01
-6.496559496044618243e-02
-4.997455072797172271e-01
1.687240540364852159e-01
1.374196853648584460e+00
-2.305765657860429085e-01
-7.434040884228396151e-02
-5.209613054346274863e-01
5.043876480859236233e-01
-7.887966929482113088e-01
-6.770813250907721237e-01
1.263401458289357127e-01
1.109590223982173107e+00
9.283881665597555274e-03
2.698992200294395016e-01
4.569551739682812808e-01
-9.595921240554035059e-01
-4.350881097212782461e-02
-1.332520331411407022e-01
-2.216217654393375092e-01
-2.371627139567121512e-01
-7.387952642669629588e-01
-5.013710071680341773e-01
6.155946429866643310e-01
-1.575178519869498417e-01
-1.920842799173887172e-01
-3.430777910822001564e-01
-1.421237111817433563e-01
-1.026304534519670186e+00
1.813113721484180263e-01
2.490571796840554686e-01
1.293265494951065797e-01
1.830956926385863548e-01
-3.296240333467727601e-01
-4.053938075314843931e-02
1.165472555342938477e-01
3.149388941013559484e-01
4.595392646619049226e-01
3.583252161234402600e-01
1.649644956428167886e-01
1.060702969247469429e+00
-4.921467067025491748e-01
-2.812826577309875953e-01
-3.186574096247599130e-01
-8.067206573852044871e-01
-3.508046588525357556e-01
3.808675559446468573e-02
-9.321760783167134523e-01
-4.967111035347131498e-01
3.032878558953778364e-02
1.889673137096439803e-01
-6.734250890471572548e-01
-5.147136379563303776e-02
7.683990328637561040e-01
7.538534773483873686e-01
7.428015080277773352e-01
2.161152283702546806e-01
-1.149058444265881329e+00
-7.472677709628497422e-02
-4.777686180448139086e-01
-1.650651016507101443e-01
-6.122794621684856109e-01
1.053234518581113832e+00
5.277887937072232027e-01
-1.176055479270191606e-01
4.007396611809868614e-02
-7.173671287143359443e-01
4.015303077400293047e-02
-8.183166105925980816e-01
4.063289535747980352e-01
5.047394702170734243e-02
-1.074031292682773725e-01
-1.622776561338038284e-02
-2.018428493289704806e-02
3.223435428271694270e-01
-4.069293695129507643e-03
8.474224611247301031e-02
3.613619565315197013e-01
-2.783329233863373053e-01
3.314769178800593963e-01
2.764153758621049617e-01
-4.081762477541264755e-01
1.569079737677782638e-01
-3.924683698111334218e-01
-5.683057797826918112e-01
-3.307782327366552422e-01
5.055555888784724061e-01
6.673205230657477394e-01
-2.816454551774424941e-02
1.728804281801294557e-02
-3.284150166500890422e-01
8.951305087256856974e-02
-7.952623836318252204e-01
2.501617091350651356e-01
-2.767275169210252073e-01
-2.557858143390490668e-01
5.773239113489252172e-02
-2.381162289242932939e-02
3.273198743100199648e-01
-6.365390985644227007e-01
1.792398461995104442e-01
1.623081179977049926e+00
-8.050745120787528020e-01
1.065978815972342675e-01
3.148392857352239060e-01
-1.399201058144336596e+00
-6.678655933751580231e-02
7.914781626881618459e-01
5.317819753266115335e-01
3.011387780518498536e-02
-6.264490925027202950e-01
2.437709951578702905e-01
-2.678937143176622904e-01
-9.527788430054473512e-02
2.527267743600954963e-01
7.424673781711226273e-01
-8.188623136053266305e-02
2.054749867698647259e-01
-2.041254233316337208e-01
-3.483222176746229859e-02
-4.673719777259046637e-01
-8.406622278142043825e-02
-7.450691875536030739e-02
-4.201115183569367056e-02
-4.738038603872886667e-01
1.842204508000492014e-01
-6.605786612548593395e-02
2.921811173528753858e-01
-2.292549939264330316e-01
-1.286200557779201836e-01
7.302513895640736497e-01
-2.843309749238205897e-01
-6.557351389078597270e-01
1.077723139083679005e+00
5.057901420432604489e-01
2.585633189093072271e-01
5.449712760504273057e-02
8.213548935589366495e-01
-1.013889464292016540e-01
1.933039250499056505e-01
1.220273776572802005e+00
1.706422668992996883e+00
2.704801802351499695e-01
2.233699621024098567e-02
1.027088374177978158e+00
-1.372302124738755680e-01
-3.687224194783106368e-01
-1.162912331356668466e-01
2.086222892428984121e-01
2.696772380878227904e-01
4.982742870803526514e-01
-4.653762342210385206e-01
9.761074197330234237e-02
-3.547616061382876662e-01
-3.843709902061132611e-01
-2.197495676105484796e-01
-3.103272401249790868e-01
-4.722078962998203511e-01
-8.578083080480236600e-02
1.540867940060554608e-01
-2.223214284735605395e-01
3.095942964828400923e-01
4.959128770841277345e-01
-5.727073327749155479e-02
-3.064824905289155743e-01
1.250939438434761852e+00
-2.925791286087342166e-02
6.790097465228230045e-02
3.829361825396577212e-01
6.633697425461420050e-01
2.984674637218928117e-01
-2.433018231202269399e-01
8.339171054673946704e-02
-3.310837202689101422e-01
-1.395676520735673831e+00
-9.150767727067048440e-01
-1.350387136586646664e+00
-2.998555889723155676e-01
4.637204045852675628e-04
8.736247630323916435e-02
-4.374699716034490815e-01
-8.014401537953675936e-01
3.995743467796354920e-01
-4.652260932154122508e-01
4.929478150210462872e-01
4.797513088866427466e-01
1.495706304209575566e-01
-6.416872785147557934e-02
2.341999054404901859e-01
-1.633515162234921714e-01
2.178670229212122111e-02
-2.674905179289680662e-02
-1.142418519017463385e+00
-1.149193881380117466e+00
5.571255079869056465e-02
-5.353737440374493201e-02
-1.203463674471414169e-01
-6.886046298024388612e-01
4.818749991731530180e-02
-7.123397312477781906e-02
-6.112645215877512278e-02
4.513934487402441326e-02
-4.970459012593753112e-01
1.937962056326117399e-01
-1.362832363697075687e-02
-2.222607876158276194e-02
-1.263439663624247311e+00
4.654112015212373277e-01
1.671874485623575050e-03
7.234365919841348469e-02
1.502005315107331818e+00
-2.734063627946858865e-01
-1.112969953356037489e-01
-6.958102325761459372e-01
-2.039671421742151880e-01
-2.880477238335608647e-01
-1.659795744882464730e+00
-2.758655736738163111e-01
-5.888770630823467744e-01
2.752627526032381255e-01
-3.335090906890992302e-01
-1.915731252470168067e-01
5.490817230537363702e-01
3.027736740907351898e-01
8.247933202324554680e-02
8.962295138167263309e-01
-1.029123434946317833e-01
-2.358434848918155302e-01
-8.627541752616507686e-01
1.912965979709089215e-01
-3.094237565849606436e-02
4.370975396971612525e-01
9.335395432017752348e-01
6.587463064559859194e-03
2.646249133571102474e-01
4.971957044436874917e-01
-5.679125254032774128e-03
-9.162772184740550219e-02
1.556524359661304313e-01
-1.725927985937600329e-01
2.138131817714003235e-01
3.931059627141278434e-01
4.831274191158049791e-02
-5.008083532478824207e-01
1.049399680553611686e-01
8.457180796517448362e-01
5.007994508472975517e-03
6.790513762560668187e-01
4.338954068358056859e-01
-6.072211295817722121e-01
-6.814733188876594960e-01
3.871421986645438157e-02
-8.209264723239197981e-01
-9.048102848189985004e-01
-8.416941502651101858e-01
6.897703378439866695e-01
-1.631079121409056421e-01
-2.888624791740661557e-01
-7.432711161158617186e-01
8.844051368418817671e-02
3.568948926937459132e-01
5.344998207564671117e-02
1.752897812215820084e-01
-4.240727242708274836e-01
-1.132148576890128037e-03
-1.407149610322647737e-01
-3.568324941448184351e-01
-5.908303430675505147e-02
2.287329652610593234e-01
8.579023883280053608e-01
-4.113048287988180785e-01
-7.421309010627670233e-01
-4.653015866390460831e-01
-1.327609209108576160e-01
-5.171243445196973543e-01
-2.168325679426283403e-01
5.154370535747850868e-01
1.064936424606204857e-01
3.871489180795903429e-01
-2.723821256908780519e-01
-1.598323971106652142e-01
6.408728708677031705e-01
5.670893585220568300e-02
6.262840205668073201e-01
3.147507246992567453e-01
3.355399797623197511e-01
-1.978198873620906906e-01
7.755892487721173234e-01
-3.141699951986460793e-01
-3.656768142285581336e-01
-8.030402198825636884e-01
-2.857974697268291786e-01
6.649056725096385012e-01
1.099082898036122913e+00
8.254032422095115562e-01
-6.055531787557565382e-01
-3.055310190577867901e-01
1.223293385218648499e+00
-3.455830093721138918e-01
-3.276164243439856349e-01
1.610243542022559565e-02
8.107696510808877488e-02
9.577053816414574094e-02
-6.785046508604751503e-02
9.282504846972106094e-01
-4.026780963137379654e-01
-3.725961537226501336e-02
3.101132852525268491e-01
3.987684963117014147e-01
7.619792004541451336e-01
8.912267192075159494e-01
-1.046054032141902242e-03
2.507202993427102289e-01
2.192300974935370295e-01
3.365184079827200914e-01
-4.866376741757927338e-01
-6.681415184805836738e-01
-5.595620436074438819e-01
-1.284117527065555264e-01
-1.284566761052838291e-01
-2.549170429005259697e-01
1.468589657660139158e+00
-2.036364633259545032e-01
-3.224789752081625993e-01
-1.103126844649015142e-01
-1.106173705849975430e-01
-1.433664439957561321e+00
6.969111969029891940e-01
-3.753906834098175715e-01
-2.372943600143767595e-01
7.936980205208143957e-01
3.388378111204501941e-01
1.806723485299671361e-01
4.842654324077492189e-01
-3.700886270949632073e-01
1.465159883976386412e+00
-3.565125512533795504e-01
-3.396640043041745938e-02
8.396590047359892006e-01
-8.840379904275190714e-01
-5.547518633786817643e-01
-5.174578514338583624e-01
2.302391789599264257e-02
-1.092063072545543939e-01
-4.913623999276903187e-01
-3.587114962485916242e-02
-3.737507749677831392e-01
4.914489145609969856e-01
3.011168723909335987e-01
-9.201411318028259734e-01
-3.934864245163943175e-01
-9.993530596270185085e-02
-1.309221582580978593e-01
2.142327766934356004e-01
-3.814033262549196834e-01
-4.382440661144168526e-01
2.813648045482872728e-01
-2.130326049223796037e-01
-3.817968754686278804e-02
-4.911079905212826779e-01
-2.365548497243419035e-01
8.157923622533976848e-01
8.889041690333009116e-02
1.981818435043524174e-01
3.071313813707148843e-01
-1.971733532903307412e-02
-6.376584628334105442e-01
-3.270645498483957386e-02
2.646505745939872201e-01
1.078059174323659830e+00
-1.132426359731469462e-01
4.222486519750889844e-01
-4.929856207728924161e-02
-3.284935504613575863e-01
3.767094863108229608e-01
8.999806853017984221e-01
-1.211121283697562445e+00
5.351398632422048607e-01
1.018577243347663364e-01
-1.814490140609537061e+00
-1.651917149732702039e-01
-5.927817457562346848e-02
1.985474197399846041e-01
2.972222326113079793e-01
-2.391476363641938385e-01
-1.178296233947995902e-01
-8.756155732124239199e-02
4.516225011514110599e-01
1.839053233222922357e+00
-3.272547640838138761e-01
-7.631235424294500191e-01
2.347586923353432165e-01
2.899409541745076591e-01
