-3.550655643674575090e-01
-2.792815453820317595e-01
5.749538759494291495e-01
3.035179671431890644e-02
1.178575421441751869e+00
-2.557463441191589193e-01
2.223484279291682575e-01
-1.228624499450292201e-01
-1.162135907773161198e-01
-1.257432234268208437e-01
-7.292764091360730283e-02
-3.629105394458134737e-01
4.195632145650228795e-01
1.351668457626589437e-01
-1.366644846606349661e-01
-7.324025239227602846e-01
2.836472398898858827e-01
1.301607743221975255e-01
-1.912961899380453967e-01
1.848967797338708571e-02
3.649282557265164095e-02
4.330183672735866685e-01
-3.141057802514022890e-01
6.347419995236519563e-01
4.890759102318970042e-02
5.596278034120916178e-01
-1.097792261610473386e+00
2.368223023885999423e-01
-1.646134361647622613e-01
2.293537684744422767e-01
-1.116486201103817466e+00
-1.943667282399858809e-01
-6.786518414507306529e-01
-3.359887251530101482e-01
-5.351256535473535303e-01
-3.592610284033593837e-01
8.485392801012728858e-01
-1.072260339894722386e-01
-1.100264133509281761e+00
-1.709594723768618693e-02
-3.326614500080797565e-02
1.806221678219611659e-01
2.949913630369613293e-01
1.228124154701522919e+00
-2.016281469505914747e-01
-5.726540294971427247e-01
5.262671567272700912e-01
-2.123167664275295574e-01
-4.130618676926052779e-01
6.817003559985004291e-01
-3.509832903231003276e-01
-2.009410401506714072e-01
4.945514379460159704e-01
5.832462759501737953e-02
-6.857388167036708726e-01
-4.017866654775443802e-01
2.275762951532997458e-01
-6.113919836721836143e-01
-4.470956835819051567e-01
4.385021937088681709e-01
9.892385475752413226e-01
-5.881569546988778263e-02
4.705724850390247821e-02
-3.295397386768259169e-03
4.154338735117464321e-01
-3.228975906397983930e-01
2.514590128992490459e-01
3.900773860680795679e-01
-2.023001567692449543e-01
5.690280379028909291e-02
-3.499183469237096000e-01
1.174612004225332962e+00
1.300524168800758218e-01
6.242105448159065428e-01
3.970578046522199589e-01
3.892301416143942316e-01
4.685075007839926697e-01
-8.528227546960058525e-02
-1.739193028844168987e-01
-3.793264430257377029e-01
-2.528857648110499970e-02
-1.177024549203217474e-01
6.002005001766810288e-01
-1.066072507563810889e+00
-2.662690737378023420e-01
7.809950798548584427e-02
3.504906963929756147e-02
-1.413306841655067626e-02
4.781842127544236321e-01
3.958910305814437591e-01
-4.417740187250487893e-01
-1.837709766862682167e-03
2.044551345310678114e-01
-3.136764941327116474e-01
-1.415788833099274058e-01
1.140526082913187050e-01
9.840679892060660849e-02
3.204848838076737594e-01
5.544710262883369989e-01
8.536470182202019960e-03
-8.103668628574600685e-02
3.215684173441981097e-01
-8.580687206819102020e-01
-2.466562308647891610e-01
-1.062243713609016364e-02
-1.868630677431584175e-01
2.869452487262610374e-01
2.382309715144826645e-01
8.805247605185489990e-02
-5.397294254035786554e-02
2.230312113580399935e-01
1.233723876039279466e+00
-4.100015659408389745e-01
2.148906030216263807e-01
-3.135284872794923128e-02
-4.631929947587927199e-01
2.141116276393602302e-01
1.276733313142548176e-01
4.130045500380766232e-01
-8.294070136381475056e-01
1.587578116345023105e-01
-2.614098331216119786e-01
3.064542252667122879e-01
2.072575673483066927e-01
-3.284219585472570868e-01
4.517752762422168611e-01
-4.842321925767314461e-01
7.625139539592042937e-01
2.169830341082470693e-01
-1.784812196230348702e-01
3.722364241721275169e-02
2.942851994705872887e-01
-1.129963498587663318e-01
-1.848363244194386745e-01
-1.945076729814238514e-01
-4.534555515384260452e-03
7.363379149658377809e-01
2.027430221844525315e-01
-6.904654651380847108e-01
-8.805645869827636099e-03
2.695587381424214835e-01
-3.926779650809785749e-01
-1.718341543930736459e-01
7.662565047085054815e-01
-4.049877352416262899e-01
-4.107870234330043141e-02
2.800463934130643651e-01
-1.703356720334187613e-01
1.771896069036368870e-01
-1.115285053481803873e-01
-1.938522240299567212e-01
3.481982912244981354e-01
-8.303825737124619077e-02
-1.415835989973406039e-01
-2.718655468795243280e-02
5.406665784445475742e-01
1.269836651767662916e-01
-4.293155823017767436e-01
2.122838544237334313e-01
4.101425347718206660e-01
1.094635483295283568e-01
-6.154102773580536478e-01
-6.211266937685483436e-01
-3.464976987552543242e-01
-5.484162083712655900e-01
-3.891808489127814297e-01
-2.799227460712461896e-02
-4.605219744992706254e-01
-2.975753910732233942e-01
-5.389744357993685175e-02
1.107519339539213415e-01
1.081577778232873125e-03
6.025240381680093682e-01
-8.967446740133814265e-01
3.562913716154048616e-01
-8.091872466192358004e-01
6.083876659354278422e-04
-1.818534894565370374e-01
-7.902760412815859614e-02
-6.598632489592201611e-02
-5.836622495218465184e-02
8.138552737890031308e-01
3.379917826548766158e-01
8.155384997846411299e-03
4.544290633353780806e-01
6.258211314378883117e-01
2.116603686016755859e-01
-3.535538897261534252e-01
-3.242762032382152659e-01
-3.782086854839241119e-01
-4.974315358372918133e-02
4.945340515178416330e-01
7.067798421766849915e-01
-2.163062384802620364e-01
1.475279142684172116e-02
-2.824196386118224544e-01
-7.677743966854227997e-01
2.601224851378162728e-01
6.078802633054671833e-01
6.576756352609971490e-01
3.032357224899794312e-01
3.907934200378159750e-01
-5.721521669971502133e-01
-5.958382702619562099e-02
1.727514038459500301e-01
-1.322468383579341378e+00
6.281277942156514582e-01
-1.170929359260790781e+00
2.226640238050847653e-01
-3.260747354931795572e-01
1.073658713329976588e-01
6.333106152530433297e-01
-3.896609378409913171e-01
-4.023662025380145835e-01
7.436213729996699051e-01
1.081648813010517962e+00
1.978133825163445880e-02
2.432075465185318808e-01
1.195197286000324599e-01
-5.217223364465983781e-01
4.972273167011312944e-01
3.111558043505276983e-01
9.994934051847344583e-03
-8.217798228942335692e-02
1.344555280131334019e-01
-2.985060063114777784e-02
-1.082719858603332225e-02
3.169718220605329678e-02
-8.351255652660151130e-01
-4.589698466557796119e-01
-6.864868873981091468e-01
4.050279803467198292e-01
1.068714514542587590e+00
3.871841027465730001e-01
7.669617361062429639e-01
-5.328306152809944019e-01
8.046559601476764578e-02
-5.886333482192740441e-01
6.115367697894720511e-02
-1.689473168812975490e-01
3.709769293035251603e-01
4.102230228750010643e-01
6.539228319030697054e-03
-8.249381579985151092e-01
-5.132779321254397065e-01
2.853212861129321709e-01
-7.077485510686644110e-01
-6.641145214002095454e-01
-1.066540499482610399e-01
1.285738998260203547e-01
9.078706552105217376e-02
-1.666812855096069801e-01
3.179610443479705673e-01
1.293319324802506554e-01
5.216863271769230925e-01
-4.482148015866047608e-01
2.094705687185740017e-01
7.748934335137587226e-01
5.909228293036158375e-01
1.282417605084827716e+00
5.614223649238265779e-01
4.698787882324038101e-01
-1.483825449495060067e-01
1.651238308291320123e-01
4.745908968807634187e-02
-8.489341076701096833e-01
-3.244730495965217898e-01
2.823953245035284443e-01
1.270765233705615713e-02
-4.883314048749705094e-01
8.897184099634167787e-01
-3.219005977749594405e-01
2.602120622083646806e-01
-2.125994542750465344e-01
4.621900819171231856e-01
-3.166837265351112318e-01
7.296530182231929507e-01
-2.074925780131080255e-01
1.739410999117938228e-01
6.240791144583243133e-01
2.379512676396423887e-01
-6.228523993623372168e-02
-4.151589290618690198e-01
1.634598695227713894e-01
1.452983417960973522e+00
-2.165333345139963950e-01
-5.838817229408661824e-02
-4.678723728862048681e-01
4.852209949439979519e-01
-7.980508150954651603e-01
-6.568148545137197925e-01
1.299428628930512364e-01
1.102889420425306799e+00
1.147998674028914831e-03
2.890069025257187008e-01
4.411434207826728238e-01
-9.640659968235915089e-01
-4.556379929253683708e-02
-4.839511722448854719e-02
-1.765757336244838382e-01
-2.402898325031013749e-01
-7.277781506802752931e-01
-4.783969132739899766e-01
6.084210273500834099e-01
-1.699853046170118620e-01
-2.058041191177114038e-01
-3.520001868423307534e-01
-1.174933949286184470e-01
-1.021737831361496651e+00
1.923553961607400720e-01
2.374244144693962999e-01
1.539566648550129146e-01
1.751608517344821758e-01
-3.177215209107302485e-01
-1.731230617630204194e-02
1.273775911819479967e-01
3.114006861711560714e-01
4.538233969756970132e-01
3.688248646713933598e-01
1.582587561417869992e-01
6.946114477627813866e-01
-4.825971005468107089e-01
-2.847725587754403320e-01
-3.066834403461389247e-01
-7.881141851475834681e-01
-1.715058483050061477e-01
3.482148063547521599e-02
-8.891472013131731522e-01
-4.806148250438587177e-01
1.843739139506586026e-03
1.881205137567463492e-01
-6.688650931039769043e-01
-4.875382377613322188e-02
7.304856829384279715e-01
7.444022280514528411e-01
7.334759124170278088e-01
2.109479246959603538e-01
-1.111704917274019877e+00
-8.592346710161080647e-02
-4.872956467405852865e-01
-1.558658419215691593e-01
-5.926023225259011706e-01
8.020961029366908690e-01
5.251709622584265214e-01
-1.292282696207853743e-01
2.561889802844327657e-02
-7.179228336222172047e-01
5.051616372744504452e-02
-8.505238251532367677e-01
4.027844021569105815e-01
6.215786942501251577e-02
-9.547268219968349512e-02
-2.351723295755812904e-02
-2.572162116932821818e-02
2.182162854506548566e-01
1.557526601895738378e-03
1.113206287123797433e-01
3.618170435916508998e-01
-2.718332921626474552e-01
2.879472451066073524e-01
2.537866360071380223e-01
-4.331720117825229033e-01
1.714841947456567373e-01
-3.820365460545358527e-01
-5.999393032867250675e-01
-3.086691267651160975e-01
4.997504503179184265e-01
6.513857959664584030e-01
-4.445801876180600215e-02
3.652413116152317119e-02
-3.115599970702658816e-01
1.516789417382449490e-01
-8.469733711482644312e-01
2.436287411637777511e-01
-2.839093872029378463e-01
-2.693405459728522855e-01
4.973599093077494399e-02
4.232490852028394923e-02
3.209935097165875773e-01
-5.968994574987677160e-01
1.540402434935357057e-01
1.606631821270331884e+00
-8.082794088222213791e-01
1.065506823848342416e-01
3.099898564524557476e-01
-1.402361641094447942e+00
-6.506655160368932100e-02
7.821480867592128794e-01
4.850746536119089902e-01
1.597440631776154626e-02
-5.375421387009731156e-01
2.120961325876941084e-01
-2.172289956258195154e-01
-1.020431236278793174e-01
2.410183114573290486e-01
7.318816421323470767e-01
-1.037181100592852734e-01
2.151366500011820670e-01
-2.148675775823399026e-01
-3.679548835746940944e-02
-4.569215551535950048e-01
-1.111648422777983675e-01
-5.613596642432562567e-02
-4.305608438851939168e-02
-4.726823663365066208e-01
1.817120562949277041e-01
-5.842194366849808723e-02
3.427514104126184735e-01
-1.934544252714482104e-01
-1.437617264641825876e-01
7.146553775813150322e-01
-3.005498145038887903e-01
-6.392383597000468320e-01
1.074907566959522720e+00
5.309301645066393238e-01
1.899016892772828480e-01
4.670629200619818427e-02
8.122099846423724845e-01
-1.233512880520847566e-01
1.912639661173224925e-01
1.218529791438811127e+00
1.670126355673116292e+00
2.846035666454316826e-01
3.129728264394055631e-02
1.017381461554373923e+00
-1.306153109556949521e-01
-3.795063665858263713e-01
-9.471750116094465599e-02
1.977744237990853027e-01
2.685681632870803304e-01
4.863058699059065737e-01
-4.459728301682170937e-01
9.135287122813165461e-02
-3.676201608697393097e-01
-3.502613475000628251e-01
-2.291590392865758274e-01
-3.019601486197617257e-01
-4.710510876178682360e-01
-7.860046534533031426e-02
1.557403853540770822e-01
-2.519448820852183690e-01
3.105018381931063387e-01
4.984611142403529427e-01
-5.860989504252618609e-02
-3.162719372058397371e-01
1.293113173790189974e+00
-9.179571060250203349e-03
5.712446882902385420e-02
3.781419563327414468e-01
6.600434510856411086e-01
2.897629233644503088e-01
-2.435013406900944088e-01
9.067206979824603275e-02
-3.467880975637464558e-01
-1.421935693637123910e+00
-9.169052395707789627e-01
-1.120548228709318916e+00
-2.913627212955506862e-01
3.190247714531492529e-02
1.429218112489123726e-01
-4.179511910651767526e-01
-7.677169496792658476e-01
4.199555970115718129e-01
-4.655780593464066697e-01
4.972637562447255744e-01
4.842736472432551120e-01
1.386934839306188660e-01
-5.964803948646634629e-02
2.249274906457891521e-01
-1.565986929605934774e-01
8.636573217158457702e-03
-1.036952556722222675e-02
-1.151430871738102768e+00
-1.106930228744622102e+00
4.885831206562975260e-02
-5.221819223025344486e-02
-1.473384513187761258e-01
-6.394490704987187968e-01
1.447742654199175340e-02
-3.595518648161833558e-02
-6.706065660741335199e-02
4.882034924382767926e-02
-4.651375495937967730e-01
2.057494951532721494e-01
-1.292138817572685214e-02
-7.661072538961259670e-02
-1.308061828485251876e+00
4.609226820592576268e-01
8.436651853947523677e-03
6.337962338064820345e-02
1.505573741329453874e+00
-2.706842029990449983e-01
-1.187416940931048381e-01
-7.156550617661282532e-01
-2.375456079473744764e-01
-3.002034659802936822e-01
-1.622805711397121708e+00
-2.628674520471696585e-01
-5.866961011175186869e-01
2.769054457118121926e-01
-3.446194689092402230e-01
-1.808467655228478410e-01
5.381170549656594249e-01
2.868609232799916864e-01
8.018507037492390854e-02
8.845732033743521905e-01
-8.354069357807636376e-02
-2.335983786859232858e-01
-8.611918293925256984e-01
1.884024421487874579e-01
-5.857928623669427654e-02
4.161242627123061810e-01
9.205761158666002641e-01
2.243464221767819955e-02
2.553170266083283346e-01
4.960524112188125501e-01
6.841427309516830754e-04
-7.994633307256053534e-02
1.535686265010139107e-01
-1.908865009484699560e-01
2.189007621510208335e-01
4.034777730922264882e-01
5.147071652775422890e-02
-5.331284692913257350e-01
9.518772255548754724e-02
8.120685105661162861e-01
5.064843999189241192e-03
6.656357584715613118e-01
4.226823001251997503e-01
-6.072253605830765233e-01
-7.384019406753423720e-01
5.967140809927757444e-02
-7.245920683105124827e-01
-9.058349734993443869e-01
-8.306733701322780439e-01
6.150097547569259859e-01
-1.769254889820961463e-01
-2.897560490416762891e-01
-7.198710017247745840e-01
5.672888752190952122e-02
3.468173312349400184e-01
5.750680252559877553e-02
1.939368652300300644e-01
-4.383980526598333927e-01
-4.781501239001603731e-02
-1.129389344269663698e-01
-1.704971169009306953e-01
-6.311347176401486958e-02
2.279711566620728214e-01
8.602599494181751849e-01
-4.007482010716856280e-01
-7.434163853804608424e-01
-4.519013562523765404e-01
-1.468397246598703576e-01
-5.111843051415728700e-01
-2.510996498671158039e-01
4.797271438823660916e-01
1.016995987827948034e-01
3.787504290605772095e-01
-2.592606829948790881e-01
-1.832475572322780633e-01
6.410928898598473591e-01
6.015030981492204554e-02
6.241867379227000745e-01
3.481271638404846991e-01
3.005723998966861044e-01
-1.961834612615939721e-01
7.857431919271736787e-01
-3.238895873246150914e-01
-3.628434534062664474e-01
-8.011534075154522760e-01
-2.727464396061037855e-01
6.541836311174307195e-01
1.072602317715543485e+00
8.250282477509512935e-01
-5.995970095919920251e-01
-3.010195677443327500e-01
1.121323263628563938e+00
-3.394024461716578234e-01
-2.444943904040004501e-01
-5.484643460072572037e-03
7.998933391481669042e-02
9.772580430946212204e-02
3.263179943235727104e-03
8.632147722673140233e-01
-4.054213760994264115e-01
-4.267670131529692490e-02
2.898014199039875560e-01
3.508579045377452910e-01
7.265938787507729701e-01
8.834748534530708630e-01
6.987887004126700635e-03
2.115798675635145731e-01
2.184176879869463295e-01
3.619570452201792410e-01
-4.691381153154099981e-01
-6.561443301951397356e-01
-5.808135852391451692e-01
-1.208271755905846595e-01
-1.314569505795457061e-01
-2.674442179152322629e-01
1.464698794589950559e+00
-2.023098362308410059e-01
-2.917501922880172405e-01
-1.196819300533311647e-01
-8.383146955308486137e-02
-1.419715160670996346e+00
6.181715688416354881e-01
-3.607199858108203760e-01
-2.323363958704947885e-01
7.929177675710443740e-01
3.327356104696211903e-01
1.947028507376306894e-01
4.381912532783926451e-01
-3.775601690752147799e-01
1.445738688684717221e+00
-3.658968403485458043e-01
-1.568208919321298356e-02
9.010746789463978113e-01
-8.461815346687573403e-01
-5.532175410098599810e-01
-5.117815241114762603e-01
1.433348561463156957e-02
-1.190428544621978252e-01
-4.914679130300158016e-01
-1.591884945255660211e-02
-3.720102801189331676e-01
4.793325343475015599e-01
2.983387118535544835e-01
-8.986584025767472284e-01
-3.970989208438470142e-01
-8.422226979388645896e-02
-1.276785427471113232e-01
2.227605649700568902e-01
-3.064964917292711255e-01
-4.308979006748053231e-01
2.709098192533835880e-01
-2.066429478329277758e-01
-4.341788388321071723e-02
-4.681519113276222388e-01
-2.281788153766617366e-01
8.210260650789862336e-01
5.570092347638668645e-02
2.036405724613509771e-01
3.164399952477585654e-01
-7.402528031707251641e-03
-6.352949549358427594e-01
-7.547920575451239067e-02
2.653921895595269809e-01
1.101082876083244066e+00
-1.092481563096895786e-01
4.308531129365548717e-01
-7.884671650004804189e-02
-3.093067085255440940e-01
3.497831886528234291e-01
8.734881893163013444e-01
-1.235622938671111948e+00
5.285213934334206387e-01
1.020824234979279960e-01
-1.701606969474837472e+00
-1.980463227701971252e-01
-7.260877393081276165e-02
3.177076167356558956e-01
2.372716134293314794e-01
-2.265448622604567808e-01
-1.053125509178617081e-01
-8.322430461578782246e-02
4.674557693051231699e-01
1.812014643821288074e+00
-3.218887206286246694e-01
-7.478445304297195451e-01
2.406708881437445990e-01
1.150637152883492026e-01
