-3.700356779205680180e-01
-2.869898195621075065e-01
5.964124777737342953e-01
3.075699494459763900e-02
1.201066485059819389e+00
-3.282849258765758171e-01
2.154116652485925931e-01
-8.474027712314606553e-02
-1.352692107394913856e-01
-1.411727110746660019e-01
-1.241841228309227690e-01
-3.756760009545197510e-01
4.090441337810476474e-01
1.051125490826257391e-01
-1.591910313831630397e-01
-7.418244058257653650e-01
2.841053425999213733e-01
1.191739230405533673e-01
-1.814697633186083126e-01
5.518549505848814422e-03
1.728664748691936814e-02
4.625972311768596912e-01
-3.067938358137246579e-01
6.386624700444166747e-01
6.843122251459510252e-02
5.800192636797673051e-01
-1.173164902963099054e+00
2.283596952120346968e-01
-1.488585397602988358e-01
2.460065602789518746e-01
-1.131284045220080747e+00
-1.721818522637583448e-01
-7.082743100094978095e-01
-3.562214592012474257e-01
-5.420136036424753057e-01
-3.686052395461678066e-01
8.553965026831945595e-01
-1.342894087362927202e-01
-1.071205448908233882e+00
-2.115785060204539506e-02
-3.095742908439286234e-02
1.663317295846612753e-01
2.747751309519267937e-01
1.211296693306582295e+00
-2.008631895172194870e-01
-6.031990427681648281e-01
5.178478741861980428e-01
-2.011893337322916975e-01
-4.419881658075667796e-01
7.144379845120711892e-01
-3.993845047354846467e-01
-2.178549121499148977e-01
4.477598802624178087e-01
4.960952154047362089e-02
-7.450884244856790239e-01
-4.015515868822989165e-01
2.251861584563458196e-01
-6.242294531400819357e-01
-4.727109993730160276e-01
4.069219750102193722e-01
1.048365626693362307e+00
7.138222208092208886e-03
4.244995665821826164e-02
-2.479286690713282740e-02
4.933691263272845240e-01
-3.449739994508579377e-01
2.375561254890495022e-01
4.343996965316376802e-01
-2.012431211151679555e-01
6.553055845693978032e-02
-4.060184811295474705e-01
1.218130824755955910e+00
1.461604463678187471e-01
6.400101071568493616e-01
3.953709789269764241e-01
3.915159066775121821e-01
4.760652195971156742e-01
-9.304693565476353234e-02
-1.739757111933303013e-01
-4.168350717195103416e-01
-4.433263227519596006e-02
-1.405383586763232495e-01
6.295924479299128684e-01
-1.045512409335959791e+00
-3.300295770069910373e-01
1.294028568216662733e-01
4.308047960406713450e-02
1.856150422986356172e-02
4.969842677469367143e-01
4.165986813874510419e-01
-4.538320403667173708e-01
7.738598314840170606e-03
2.078037049328085584e-01
-3.124004971072463777e-01
-1.532324386375861491e-01
1.067769291146623001e-01
9.009553440296583227e-02
3.419012405988667846e-01
4.825002613858460077e-01
1.991772935516735593e-02
-9.987977803104514107e-02
3.277906819200979704e-01
-8.530088834303641843e-01
-2.538138655192503923e-01
-2.652155584219983986e-02
-1.699969180104149435e-01
2.954578283626496660e-01
2.485481764836802443e-01
1.219406289390185388e-01
-7.457713660794526578e-02
2.714957391381625507e-01
1.234941456561699180e+00
-4.241792151028290769e-01
1.858902158418967443e-01
-9.087905217621526643e-02
-5.042572737367123636e-01
2.199268957827039128e-01
1.350911134871457253e-01
3.762401684386363354e-01
-8.953655668713718097e-01
2.098725369991288614e-01
-3.121884429363140923e-01
2.859442453048507971e-01
1.571389137790702717e-01
-3.588860167972017789e-01
4.517519327365777659e-01
-4.943115829516588344e-01
7.548013028531489477e-01
2.130429894826989801e-01
-2.077943883654500834e-01
1.533084259442830388e-01
3.217357874798319473e-01
-1.184812435743486519e-01
-2.002514942692629751e-01
-2.096307063540853999e-01
-3.013295031786230455e-02
7.550505577537245383e-01
2.185607866282520406e-01
-6.813158977325330934e-01
2.568472988865825798e-02
4.206434030813386848e-01
-3.834878794197132956e-01
-1.634371572062484346e-01
7.704144820909456515e-01
-4.318051894734644125e-01
-6.713092655843851814e-03
3.204671704447273894e-01
-2.407104869060929242e-01
1.695382165679778230e-01
-1.460112720297128963e-01
-1.990857466265570919e-01
3.596304536542384023e-01
-1.040851254875105464e-01
-1.216077364564132623e-01
-2.560577134736158333e-02
5.567466546379171710e-01
1.444141361383486089e-01
-4.158635256800007896e-01
2.276690984490249148e-01
4.249893159689858702e-01
1.172855779195184356e-01
-5.770335437121989486e-01
-6.247728587202709960e-01
-3.560236376252163826e-01
-5.456820451818944484e-01
-3.979872055282490106e-01
-4.616656886719482100e-02
-5.301032065413944228e-01
-3.415499496218465936e-01
-8.280743300478941860e-02
8.977905607305755598e-02
-3.157605941029420146e-03
6.579223659764563692e-01
-1.001075295609424209e+00
3.632987450477405678e-01
-7.844212387738151993e-01
1.082839239214388252e-02
-2.031842448088140018e-01
-9.323306637636431804e-02
-6.324542593102831789e-02
-5.527602644679704275e-02
8.697379573456280877e-01
3.369599864942479650e-01
1.251715838422800750e-02
4.565733101988649900e-01
6.605686155735260856e-01
2.274628795859148511e-01
-3.116596115774402098e-01
-3.057516559678428170e-01
-3.882310438603694402e-01
-6.364732317347292223e-02
5.129190163308355865e-01
7.083496601594394537e-01
-2.250077332920858986e-01
1.411631022356936438e-02
-3.264556219334709408e-01
-7.927993334659019231e-01
2.537341453050607210e-01
5.805259714950342653e-01
6.411336937716487494e-01
3.308703882255492057e-01
3.977793537496169263e-01
-5.419201398603222808e-01
2.508264873260981909e-02
1.774990916288686216e-01
-1.447844325400084786e+00
6.478189707506791795e-01
-1.703420882144762727e+00
2.070902132834573361e-01
-2.905880276151722175e-01
1.113283263644704590e-01
6.692473853085830759e-01
-4.086872397488500730e-01
-4.240558539552484740e-01
7.065783531828476738e-01
1.080464861266885679e+00
3.960793170768876770e-02
2.818687557931354171e-01
1.019781181670520870e-01
-5.399700220508871773e-01
5.030639282587919814e-01
3.212434721700312412e-01
2.351260779424775571e-02
-9.315110046068608707e-02
1.843708043335730851e-01
-2.133383398984895971e-02
-1.687345580501072723e-02
1.449010309763724969e-02
-7.530013776653134983e-01
-4.673934855515906039e-01
-7.183298340603196941e-01
3.538142546806218314e-01
1.133465451785331091e+00
3.763494091823603171e-01
8.100792382708125183e-01
-5.563836131276360675e-01
9.748790715149910358e-02
-6.687089861067236907e-01
6.861266655488057475e-02
-1.858854206665701558e-01
4.520705972101116132e-01
4.421252680307244942e-01
6.889669162115713563e-02
-8.592749063463330783e-01
-5.141173528863812736e-01
3.155842664026104472e-01
-7.535715840905823359e-01
-7.063684369056972834e-01
-8.630632901465591644e-02
1.449784773116926107e-01
1.349444678802630138e-01
-1.656024358273373298e-01
3.070216136023753983e-01
8.853056036136736084e-02
5.301104824646665215e-01
-4.756723049703699413e-01
2.481852789273216731e-01
8.268980293131893422e-01
6.024879647015412010e-01
1.314225297610467358e+00
5.850404547645600140e-01
4.666045144223582852e-01
-1.385328807022749853e-01
1.938547062756896533e-01
1.151992271944563551e-01
-8.718013140688009033e-01
-3.442614891542182254e-01
2.662779101469336385e-01
-4.012717248255868834e-03
-4.903770240089881383e-01
9.250741769388292068e-01
-3.292085142329313485e-01
2.315273379015832245e-01
-1.920929863571328999e-01
5.242586169348203429e-01
-3.521341889386973012e-01
7.710058219196769258e-01
-1.976956431408423975e-01
1.574919268390169991e-01
6.861664631519019952e-01
2.373436142383213432e-01
-8.706568809082479432e-02
-4.565165619145133968e-01
1.779681766330100667e-01
1.511680696108850697e+00
-2.333226700780710872e-01
-6.761127782493911442e-02
-5.001437324807622709e-01
4.635172486833165073e-01
-8.061169131695630208e-01
-7.214628337838794314e-01
1.394708885178573832e-01
1.127407044640557743e+00
6.688852633520594830e-04
2.907706972130438272e-01
4.651854062947991530e-01
-9.862989645846413911e-01
-5.481360728421150880e-02
-4.622557250641515930e-02
-1.402113762257016227e-01
-2.702729052341811822e-01
-7.703101697757172017e-01
-5.058024155917952847e-01
6.246024308131612468e-01
-1.494876228740527335e-01
-1.603143428973504148e-01
-3.517850925434353182e-01
-1.452389571682225489e-01
-1.077854928665245904e+00
1.754791484204460128e-01
2.543716441265962969e-01
1.084986743595327818e-01
1.728442823229094649e-01
-3.376178240610506753e-01
-2.721299579948434008e-02
1.462573999144334558e-01
3.266481480800925707e-01
4.654602265096855485e-01
3.509867359347699778e-01
1.832341136760726463e-01
7.185600777935279293e-01
-4.536377320649426226e-01
-9.581450680676754927e-02
-3.288997873006658801e-01
-8.123185064503484210e-01
-1.606072198138245311e-01
3.336029571963482210e-02
-8.749759584422964753e-01
-4.679051359770515783e-01
2.249182030534524479e-02
2.024158597537190629e-01
-6.724778911533346726e-01
-5.277002295286805506e-02
7.670036686115844216e-01
7.843871700306684902e-01
7.259855200913061246e-01
2.304117148582606189e-01
-1.227906989006485095e+00
-9.893061043097343965e-02
-5.106050724609215719e-01
-1.863145263067339519e-01
-5.417780797692567374e-01
7.840634094450356084e-01
5.434069202498247320e-01
-1.121579728460658093e-01
3.174958065134346474e-02
-6.932286593351237869e-01
1.440779779784490296e-02
-8.262292276832735594e-01
3.812538556556892000e-01
3.640078809250543723e-02
-6.709066303577693180e-02
-1.174370771008797359e-02
-2.979282491662155891e-02
2.206052141796815691e-01
1.231347235226873220e-02
1.336977754455105916e-01
3.687679702214285982e-01
-2.784230767029688414e-01
2.764668936428228974e-01
2.530201430273503749e-01
-4.871726889495093804e-01
1.644343128240374485e-01
-4.121733718247397871e-01
-6.099212168692274005e-01
-3.044683045334338201e-01
5.368201995782896363e-01
6.911488234892665394e-01
-3.590636163994915392e-02
2.736751663769819432e-02
-3.185671842632842310e-01
1.744963574972206444e-01
-8.766917620619179008e-01
2.513358854419273092e-01
-2.823648196508228847e-01
-2.463508093042338365e-01
4.892181081630311151e-02
7.177628999497155313e-03
3.508947601814147443e-01
-6.079159085793448547e-01
1.472863657503639678e-01
1.635693737201425302e+00
-8.276523011935695839e-01
1.310961790959062068e-01
3.463908497930400232e-01
-1.413173846658896560e+00
-5.531267361471105953e-02
8.106297748573698669e-01
4.130961415341635190e-01
3.759790873222519647e-02
-5.152469678576404588e-01
2.414497703620147318e-01
-3.458507703137131961e-01
-1.020057227467701111e-01
2.684383218982905883e-01
7.697065923181243274e-01
-7.984394782349098219e-02
2.113404811847263698e-01
-2.029514511724344050e-01
-2.176598681291380330e-02
-4.753247726663660799e-01
-1.015171546668235947e-01
-3.789495092544666738e-02
-3.603842673073496400e-02
-4.739858006442871918e-01
1.952532634832720160e-01
4.728826540390963784e-02
3.028641638398684166e-01
-1.661599536487922135e-01
-9.983724052698447760e-02
6.678128279513608767e-01
-3.124468427248148772e-01
-6.535104923792085518e-01
1.134921675024364252e+00
4.842698822583687557e-01
2.450598607311087473e-01
3.346477135949710996e-02
7.796028992408572389e-01
-2.806824759368889421e-01
2.187742436470940799e-01
1.300507402830747061e+00
1.792223331002091635e+00
2.743186458945918171e-01
2.512979247760853407e-02
1.101373266628162373e+00
-1.346528754680377804e-01
-3.947135042606836342e-01
-1.006629755058637971e-01
1.768490645803806605e-01
2.924160243869213804e-01
4.777358889058125890e-01
-4.689404509625559325e-01
9.852125444092023343e-02
-3.558577264936482742e-01
-3.761037120271447098e-01
-2.134299394230362024e-01
-2.858215119610168498e-01
-4.408143706680185958e-01
-8.878251457836366933e-02
1.661904422102771506e-01
-2.334645492770965614e-01
3.200321102686408681e-01
4.992437162513778115e-01
-5.510542301813856764e-02
-3.594984103448923274e-01
1.342861231215116025e+00
1.050256836293468957e-02
7.944548026390242657e-02
4.864924408267739531e-01
6.539935444744525705e-01
3.108346664985890961e-01
-2.695232487295509127e-01
6.256405567035121240e-02
-2.863426861514536959e-01
-1.431236989762642464e+00
-9.482910603903395019e-01
-1.057990108979667498e+00
-3.098217177143011147e-01
7.512966205187786295e-02
1.424451398001518598e-01
-4.260725202452586569e-01
-8.264635484421668510e-01
3.971437875797330652e-01
-4.602453966618185177e-01
5.099313569956328562e-01
5.258855999808367265e-01
1.686252448307016261e-01
-7.203171021661504414e-02
2.293333386022191611e-01
-1.561419998425157551e-01
3.402028910182818694e-02
-1.483516284853080361e-02
-1.161789117295746854e+00
-1.164989449589158399e+00
5.064757085172197359e-02
-5.815267578996484443e-02
-1.395228010910132543e-01
-7.014475846899238531e-01
-5.368363506960285511e-03
-4.939797773443112272e-02
-7.504273932384458723e-02
3.377167982532038731e-02
-4.999097190402027047e-01
2.171137537000571716e-01
-7.560431229562948781e-03
-7.933731697391782633e-02
-1.292574932369646046e+00
4.740177348748743080e-01
-1.493095242732869754e-02
6.539455287558551544e-02
1.510103492613570575e+00
-2.897849092627526879e-01
-1.050253409202078492e-01
-7.787671679788554790e-01
-2.227791553098293631e-01
-2.809087297119235993e-01
-1.723171312126321686e+00
-2.814964520231194589e-01
-5.968423846723772686e-01
2.705669903736583337e-01
-4.433915580289865543e-01
-2.051114336819015727e-01
5.629642044624327823e-01
3.243045446825140177e-01
8.617287241408251586e-02
9.170077400977495463e-01
-1.042470784145380913e-01
-2.228030387434982995e-01
-8.191415692282510985e-01
1.918196353790458664e-01
-4.819738772811350824e-02
4.798535331430193174e-01
1.006619443432088756e+00
4.400159591778588647e-02
2.729283888051892704e-01
5.325045337084233221e-01
-5.056159660535509276e-03
-6.544618704433829981e-02
1.452188433505152698e-01
-1.670845494056316660e-01
2.051717852689126376e-01
3.899654552757127468e-01
4.438920903948415791e-02
-5.839796326539546945e-01
1.243124465703629583e-01
8.566384109846569839e-01
9.752627174782934477e-03
6.648061511138511070e-01
4.667142762380330767e-01
-6.341563943842747353e-01
-7.681246644495944853e-01
4.392725117554183156e-02
-7.972755630030826657e-01
-9.229733082064897065e-01
-8.540959201450698535e-01
5.738337911039180783e-01
-1.632631268677638414e-01
-3.312365912535715773e-01
-7.467454019877804994e-01
4.818150945716193762e-02
3.522748682902901440e-01
6.378432962385539862e-02
1.715611504481761862e-01
-4.595884005722948862e-01
-1.359776009478128322e-01
-1.402000719707791332e-01
-1.335735531728808601e-01
-7.000065929633295103e-02
2.301739451689139015e-01
8.466010527568945676e-01
-4.385145809810673811e-01
-8.130936333352848377e-01
-4.833191698574021977e-01
-1.306177083427311481e-01
-5.057938240156075738e-01
-1.839032364962980559e-01
4.294237552472149888e-01
1.289081648613015774e-01
3.922518084060200860e-01
-2.871230703168226039e-01
-1.884636888807171284e-01
6.239075711485000397e-01
6.372184226227399495e-02
6.493558367983600643e-01
2.697720529339958095e-01
3.491068052759264684e-01
-2.105856684597357253e-01
8.190525836455039288e-01
-2.985618821941998791e-01
-3.708936067858107921e-01
-8.177851983580821660e-01
-2.848636065513841520e-01
7.030404123398629190e-01
1.034883968235934981e+00
8.511333080333345347e-01
-6.565267852125172832e-01
-3.190822137428325211e-01
1.174156079632932226e+00
-3.471423244144151710e-01
-3.208984089827330854e-01
-1.084064454777336831e-02
1.009305126591104051e-01
1.052623080554190987e-01
-5.577114200417133960e-02
8.506659838093004744e-01
-4.125925256435868937e-01
-4.381745495605713497e-02
3.581585035148693863e-01
2.842143264425840421e-01
7.672562462645974302e-01
9.132471798568857491e-01
9.819207090267703664e-02
2.394579099936847977e-01
2.091609381232947817e-01
3.496599994970949754e-01
-5.006124268390048648e-01
-6.596192514462589918e-01
-6.782435099961979796e-01
-1.267647811555187853e-01
-1.435551957535396439e-01
-2.693154287703716232e-01
1.403966345291910223e+00
-2.467329944026484811e-01
-2.619268753516968418e-01
-1.649137665489721905e-01
-7.947074460296713050e-02
-1.448755437572780469e+00
6.043732854541080668e-01
-2.918654870046326066e-01
-2.635301421636357389e-01
8.199482570012004423e-01
3.049635782271497564e-01
1.691020761622088198e-01
4.831592607148144647e-01
-3.375774356546476507e-01
1.520172103728438806e+00
-3.883652162633028926e-01
1.064897552347234162e-02
8.926607669032751158e-01
-7.140962041152332240e-01
-5.616339568000503490e-01
-5.182398622810698852e-01
3.444544216980918033e-02
-1.013812538712924594e-01
-5.049978512428675570e-01
-4.118158204456768418e-02
-4.001302591172606893e-01
5.116709868244814219e-01
3.107223840785254265e-01
-9.563897042735317600e-01
-4.078979474212875433e-01
-9.642230097232898367e-02
-1.337949068894170035e-01
2.266789348503746304e-01
-3.572835289773401701e-01
-4.439123191888200703e-01
2.637023348089395647e-01
-2.095219166593992599e-01
-1.192166120305984331e-02
-4.713580416381160654e-01
-2.368830809003211191e-01
8.245134421391412394e-01
4.945242691775381810e-02
2.181600412363529640e-01
2.960485714741296071e-01
-2.316186773547003475e-02
-6.816708626540183280e-01
-4.861175359831845094e-02
3.235910979817329669e-01
1.169698531882645831e+00
-1.077805622623321247e-01
4.187847637550480284e-01
-9.922882784711070658e-02
-3.405601226247888524e-01
3.036910799092963353e-01
9.087763484476254483e-01
-1.242656994118171987e+00
6.086751580472904433e-01
1.114189520371890868e-01
-1.817047635312199150e+00
-2.226984338055602308e-01
-4.081843078495421551e-02
2.615644238603255234e-01
1.850777678696377548e-01
-2.603506782559615318e-01
-1.315835017108895888e-01
-6.136294559033210472e-02
4.659899226946679351e-01
1.785367998427229042e+00
-3.375466421443636955e-01
-7.973660174228982545e-01
2.446228582016296837e-01
6.463819226580810873e-02
