-3.651081146234909647e-01
-2.838681889968457939e-01
5.819370860667636425e-01
3.220823411572654171e-02
1.181604532397069196e+00
-3.605871205572167004e-01
2.226110190426227875e-01
-1.279435076071874511e-01
-1.082479704471664417e-01
-1.298426851248530578e-01
-7.458268709100149274e-02
-3.582280115383106867e-01
4.217379484690821356e-01
1.391201623177120705e-01
-1.124091941295880664e-01
-7.253023013172269495e-01
2.852306786157090546e-01
1.277897360054362219e-01
-2.272803544953848620e-01
1.113949462764568347e-02
2.350072281002117680e-02
4.293395933652860430e-01
-3.250835474064996955e-01
6.746604534046676260e-01
4.513815922604475644e-02
5.575351259118198621e-01
-9.275204531720413481e-01
2.350134927136844076e-01
-1.961072417942166246e-01
2.325550250729048196e-01
-1.073263595566720685e+00
-1.913744879119910758e-01
-6.824483135147351165e-01
-3.347911957763805013e-01
-5.281136538651824974e-01
-3.666421593958636982e-01
8.417869401597392054e-01
-1.209747933127965774e-01
-1.147513820538470952e+00
-1.681301082734565355e-02
-4.261532793577485490e-02
1.818431549170749784e-01
2.846384196254775345e-01
1.194017621215116343e+00
-2.062660127735558568e-01
-5.623022383244458133e-01
4.962594698420851880e-01
-2.227923305788315766e-01
-4.778055663397736130e-01
6.488355842492538050e-01
-3.651428644995993733e-01
-1.912011881168617644e-01
4.758663450922535620e-01
6.008735858023693532e-02
-6.903271195598483789e-01
-3.972786124873766700e-01
2.291342801091251491e-01
-6.167713309701421398e-01
-4.030319771564796483e-01
4.506515043688952282e-01
1.004564452598453395e+00
-2.783967500541836837e-02
4.075098030307808955e-02
-8.592690470430866187e-04
4.314581943341923020e-01
-3.244020716125776693e-01
2.476533675481619734e-01
4.033567689818039481e-01
-1.902356629635349738e-01
4.340915111005629046e-02
-3.444945367904034272e-01
1.166362361841423612e+00
1.481053751571552723e-01
5.872824873546705904e-01
3.929595788241962984e-01
3.826777827187013425e-01
4.570843369110922372e-01
-8.599000392320632624e-02
-1.782143430143859619e-01
-3.933336112965351017e-01
-2.521961027835707345e-02
-1.573153855041366234e-01
5.936663997326556697e-01
-1.138013286524838241e+00
-2.756039796545053933e-01
6.473812563136710496e-02
3.489217496147443975e-02
-1.408908614201272690e-02
4.625055463490330698e-01
4.161592810779043417e-01
-4.476831834031889112e-01
-1.068788677110155474e-03
2.079397615325927207e-01
-3.103743872206878307e-01
-1.440969897792213628e-01
1.107049928755621943e-01
1.000806040412750841e-01
3.108444578641268441e-01
5.057111563938107013e-01
5.714088501598499695e-03
-7.964249167014135489e-02
3.358059747798860517e-01
-8.460558461564452459e-01
-2.446967438517217430e-01
-8.564038505248765948e-03
-1.868311367720624228e-01
2.809792651587914025e-01
2.404947091494911982e-01
8.350608069222545393e-02
-4.606425762159883225e-02
1.688114080717707799e-01
1.226007048062021321e+00
-4.111782313608476902e-01
2.177497662284056668e-01
-2.122056147147642277e-02
-4.608419589726633903e-01
1.841091003997870068e-01
1.764653972597478027e-01
4.438285808435668001e-01
-8.175845443889074859e-01
1.559313732952483378e-01
-7.159246868870466907e-02
3.077947634621658324e-01
3.516247888941458344e-01
-3.238015150872905479e-01
4.695521404675432331e-01
-4.690155343689140777e-01
7.833154517094143010e-01
2.192338171779630307e-01
-1.529726911165684988e-01
-3.187016697307144542e-01
2.598791715481167941e-01
-1.085620525819593757e-01
-1.900967530850139198e-01
-1.923210316643880202e-01
-9.693524365801607992e-03
7.321728340084913134e-01
1.937997953862513056e-01
-6.916290985133221048e-01
-1.156322275782471938e-02
2.722600702740959888e-01
-3.759379910608810493e-01
-1.655352322709940649e-01
7.804577769969686107e-01
-4.035367818839268872e-01
-2.654028804674139416e-02
2.833224253328036069e-01
-1.812164464562112665e-01
2.106808961805373692e-01
-1.158702489269348990e-01
-1.947073734000043521e-01
3.484173963545130759e-01
-9.549260249408392243e-02
-1.407173463974007444e-01
-3.005491678583053355e-02
5.519308913018764473e-01
1.409442435250538306e-01
-4.762539928571150050e-01
1.941548400315873946e-01
4.123181140582203308e-01
1.049340827642753216e-01
-5.763632724709258914e-01
-6.044893793208333532e-01
-3.606100612847983333e-01
-4.944529889800046152e-01
-3.818629396940201870e-01
-3.056089308913765776e-02
-4.526356639392710712e-01
-3.093340644835357867e-01
-6.402825160595661258e-02
6.601490069831375540e-02
-6.125579095656878605e-04
5.924823450137836067e-01
-9.266321645550865682e-01
3.673962354499987759e-01
-7.893483055876638899e-01
1.111262316991413861e-02
-2.150995847483502810e-01
-7.709826296472636897e-02
-6.077235692968887409e-02
-6.362666471064817864e-02
8.051970611392054167e-01
3.443126206835692704e-01
3.638017903179689792e-03
3.933191993225764738e-01
6.283429778149999256e-01
2.336645673268318291e-01
-3.580471121447401095e-01
-3.306415403757339555e-01
-3.696753001670267658e-01
-5.596140729877022851e-02
4.824850703046001388e-01
7.205233047508737831e-01
-2.079754077636530585e-01
1.509538064709170339e-02
-2.684704519032072856e-01
-7.587315456661616331e-01
2.634691713035951510e-01
6.001467620282922022e-01
6.483687261313975103e-01
2.924819557975973372e-01
3.938787153783822048e-01
-6.474981215077084684e-01
-6.261217607160411702e-02
1.685047773066507548e-01
-1.420036560488729060e+00
6.168622934367111732e-01
-1.452663559975373886e+00
2.169466576111862000e-01
-2.987981252979415303e-01
9.039006714779504459e-02
6.764872789363436389e-01
-3.880741998650063529e-01
-3.984843816258949456e-01
7.068401082331786656e-01
1.065456996852772287e+00
7.260291036007341520e-03
2.386624096462729439e-01
9.735810897605086389e-02
-5.180711823409295258e-01
5.016884325755883722e-01
3.132220047849845757e-01
4.150002961733782747e-03
-2.392801933909926293e-01
2.356044404119805591e-01
-5.735095993487442437e-03
-2.696011701199190272e-02
3.169965285678985611e-02
-7.567381074674941477e-01
-4.609836985796418318e-01
-1.334027765320403125e+00
4.147811662591042725e-01
1.029575743776930619e+00
3.802358785175745659e-01
7.871106555485676282e-01
-5.380231443586577234e-01
7.047061621129550868e-02
-3.190309064711243092e-01
5.915734239403543093e-02
-1.679628256736032388e-01
3.895605222117146660e-01
4.327101130927478168e-01
-1.674669590671217824e-03
-8.179480508756458157e-01
-5.124140601989846111e-01
2.811049997564006864e-01
-7.072277236544788348e-01
-6.638134146481241560e-01
-1.068930528613597913e-01
1.444357423319918565e-01
1.579693526282507365e-01
-1.801987800425024489e-01
2.948562814576747293e-01
1.319450085207523604e-01
4.866348159439858323e-01
-4.883778134834190765e-01
1.960457839247703171e-01
7.310814019236434591e-01
5.889071121508455686e-01
1.243195733242485002e+00
5.572398707102630411e-01
4.826640405923523502e-01
-1.435878135171850534e-01
2.232579533431313934e-01
1.191819245966085627e-01
-8.415045935689341450e-01
-3.228423252786644659e-01
2.984792563351640338e-01
1.280724064534470748e-02
-4.923048271782018426e-01
8.940265876800891354e-01
-3.204673245279780480e-01
2.532992988337313123e-01
-2.150433995605778303e-01
4.636087088142904489e-01
-3.163582318606859012e-01
6.608473718225430504e-01
-2.044746628899035690e-01
1.687603892772923941e-01
6.208543397733101710e-01
2.565591832011163698e-01
-6.850975468644388000e-02
-3.464549041761749160e-01
1.556872966932228153e-01
1.444506707757640562e+00
-2.059803375626188537e-01
-4.287842468581298805e-02
-4.509715485503871801e-01
5.398221906001525738e-01
-8.082071182489408701e-01
-6.200904119698431582e-01
1.470417506131530272e-01
1.099470414099489535e+00
-5.357077988466743372e-03
2.872143266802623107e-01
4.415109785546771359e-01
-9.485130644277419698e-01
-9.070263370226389066e-02
-5.709328143227725139e-02
-1.585816042584695940e-01
-2.496626911932892934e-01
-7.381158681489019546e-01
-4.633923751488326359e-01
6.056537409406471673e-01
-1.626145012224155251e-01
-1.631576391776913271e-01
-3.577931816595578129e-01
-1.162821117458026215e-01
-1.050201697643122323e+00
1.855729155064987090e-01
2.391906481980546617e-01
1.607539281889732163e-01
2.025769252718087887e-01
-3.126887311549618187e-01
-5.210191074154629093e-02
1.312554842318343351e-01
3.299046777595517899e-01
4.416780789995690126e-01
3.623827888987754542e-01
1.555996489024518981e-01
7.918533550603180649e-01
-4.504686157602008079e-01
-3.432568182880626484e-01
-2.652474060561839653e-01
-7.853109413055995303e-01
-9.099138295807171484e-02
3.863848941376234886e-02
-8.833033927561350085e-01
-4.927069190639074558e-01
-3.279054575184802995e-03
2.376933417777511159e-01
-6.678502828047742090e-01
-3.857315324188070882e-02
7.318111362179413604e-01
7.426856072931383723e-01
7.111844555622195418e-01
2.080198823648520823e-01
-1.083376825653361575e+00
-6.056836310608776364e-02
-4.722908130398543181e-01
-1.597605222119172219e-01
-6.013162115396584184e-01
7.572816825194764734e-01
5.251152797027985875e-01
-1.205999753150007181e-01
2.736241873002238922e-02
-7.125281051815341993e-01
1.716124425879284043e-02
-8.841240779176433584e-01
3.948782560422527954e-01
7.148954154773012881e-02
-9.249611141878348597e-02
-2.708596804271063904e-02
-2.681004810490074386e-02
2.164880486111316893e-01
1.661760657985859174e-02
9.334366937949949150e-02
3.655826573210799735e-01
-2.634810191126643053e-01
2.423935107377845899e-01
2.642992596267900174e-01
-2.891464425733966115e-01
1.655542868630802134e-01
-3.641275404307275920e-01
-6.026191642948069971e-01
-3.008265658490956174e-01
4.769832284074533302e-01
6.451676429917605482e-01
-4.775046640240789009e-02
5.457367355834295830e-02
-3.226278088045393955e-01
2.177443296167068110e-01
-8.907701783705399556e-01
2.481376621665720705e-01
-2.729822559819674588e-01
-2.815391764395785978e-01
2.761258399144513390e-03
8.358571807260622988e-02
3.273203975453212178e-01
-6.012513595813099299e-01
1.380184136060835232e-01
1.597456961439169154e+00
-7.985813216202659603e-01
9.712010819487135183e-02
3.036202513968475625e-01
-1.423762235657622055e+00
-6.175148203504933486e-02
7.705809239943586242e-01
4.781919565812382533e-01
1.599156400962156027e-02
-5.902977089098458974e-01
2.027755617732681648e-01
-2.837344606952034165e-01
-1.043382514464094857e-01
2.161607570044850324e-01
6.599566157690959223e-01
-1.219454428464097490e-01
2.149561036571691897e-01
-1.572332919739663493e-01
-3.649877235106783330e-02
-4.583923547428617185e-01
-1.160310172552907332e-01
-5.822155085900111021e-02
-4.513793538577454134e-02
-4.716439722839610993e-01
1.974113513080570648e-01
1.416681105621797263e-02
2.923161332798848711e-01
-2.949300579557952440e-01
-1.504001914204334545e-01
7.772760846802723167e-01
-3.015885146674410211e-01
-6.542245715322297928e-01
1.137979418297009770e+00
5.348641081851484014e-01
2.329704928179421042e-01
9.275691276354940118e-02
7.875858705860944164e-01
-7.310735808152447890e-02
2.133003558338137373e-01
1.171586020037607367e+00
1.659300825847189298e+00
3.047157879398276203e-01
3.124760247863499901e-02
8.911913404609819178e-01
-1.275520164720007343e-01
-3.911573455378197783e-01
-8.603259125746570701e-02
1.803794601621332705e-01
2.751917992139486513e-01
4.946642533702877986e-01
-4.387178953871266329e-01
8.811735825353944618e-02
-3.498353140808197481e-01
-3.480177506134143894e-01
-2.317502151019621426e-01
-3.326191988838930746e-01
-4.422380763202637954e-01
-6.720478606429121371e-02
1.770708641201897693e-01
-2.616867926246466136e-01
3.177367555909502705e-01
4.905695649317878826e-01
-7.069330501709510106e-02
-2.925562603221760760e-01
1.308930940715337554e+00
-2.336030380313693783e-02
5.562230219608527843e-02
3.986048013890429176e-01
6.529520445459905398e-01
2.878480592476848066e-01
-2.341832286844155175e-01
9.016832410742228743e-02
-3.668119983034397458e-01
-1.372173387468621719e+00
-9.191574778743191176e-01
-1.141390765219267411e+00
-3.014676296852484283e-01
4.998530836250915377e-02
1.254828821490103219e-01
-4.068440392177135045e-01
-7.258694051043184103e-01
4.340181019126647666e-01
-4.675727480288139892e-01
4.834580473770806464e-01
4.908023385018785434e-01
1.333105389997392698e-01
-6.634361510917231863e-02
2.204358708419056345e-01
-1.613518667831423115e-01
2.943245130689869232e-03
3.272738905271890299e-03
-1.080446268344065430e+00
-1.151079997423463341e+00
4.140912256730859553e-02
-4.877323490714105536e-02
-1.453909916095995070e-01
-6.179381563446418868e-01
-5.618597389482975733e-04
4.115955829835465929e-01
-6.879411178143575445e-02
4.882987496513511300e-02
-4.467193712510788561e-01
2.146069191225918882e-01
-1.087602016715144906e-02
-1.317533797525566874e-01
-1.304540146940170064e+00
4.592341819140552950e-01
1.564061946050523955e-02
4.049551169118044414e-02
1.518272475685167766e+00
-2.710383570425334288e-01
-1.181818317472702329e-01
-7.135771535825493617e-01
-2.732780848854688416e-01
-3.095002244141564218e-01
-1.593546759254849121e+00
-2.606572468486023642e-01
-6.004559113642738977e-01
2.726374879143399488e-01
-3.290347423050832831e-01
-1.791465813805306340e-01
5.359293453546275510e-01
2.841337593485276924e-01
7.927255701315050196e-02
8.817323368166279929e-01
-7.383213495397769610e-02
-2.337618006414239336e-01
-8.939928585730575472e-01
1.879874352221858891e-01
-6.988927472997923107e-02
4.003355846071560697e-01
9.286851298932322640e-01
3.548273485416489348e-04
2.499415132740987477e-01
4.997514110014966149e-01
3.212178812743689618e-03
-6.643847565432074720e-02
1.511044821605314892e-01
-1.793328252108259691e-01
2.158150103550994514e-01
3.652875815756966293e-01
5.899271718519038393e-02
-5.381229753233087720e-01
9.084311389254161317e-02
8.252758850216178610e-01
-3.192450580600432637e-03
6.754161152936715151e-01
4.071084976342784212e-01
-6.128213342360380178e-01
-6.775764821819301176e-01
6.781292340285541287e-02
-7.682746609926209835e-01
-8.942235318465161509e-01
-8.308013357317430847e-01
5.794963121310385823e-01
-1.877342128840856217e-01
-3.041351325788382298e-01
-7.121746141742745229e-01
5.571963653922360621e-02
3.538168798143945248e-01
5.199694265565710932e-02
1.885624691992362489e-01
-4.913749195560842553e-01
-2.589780659105908947e-02
-1.078470724900812278e-01
-5.162439580912591142e-01
-7.245735193807226193e-02
1.447715666834833159e-01
8.481270547282904193e-01
-4.059682406489809048e-01
-7.661522113418749447e-01
-4.207283235882177674e-01
-1.462578033141127276e-01
-5.085388453454183777e-01
-2.593376463710123647e-01
4.748289741305202760e-01
8.322560641975569606e-02
3.850963883219871708e-01
-2.573054744175272690e-01
-1.588042497536786279e-01
6.370474144087318047e-01
5.779321964008772572e-02
6.021297545675386997e-01
3.652678410790556329e-01
2.725055319006912113e-01
-1.897885069594711926e-01
7.835981838598697902e-01
-3.166312297363117478e-01
-3.606808156401422050e-01
-7.922431922067836307e-01
-2.713802283749077726e-01
6.646436831458129024e-01
1.126140591060263763e+00
8.118056817781541534e-01
-5.863233723003195008e-01
-2.928789999111098830e-01
1.147642264306496740e+00
-3.419173787606535342e-01
-3.264154679053642982e-01
-9.156084489326721601e-03
7.365790513247845450e-02
7.664223198016353877e-02
-3.583580942454268892e-02
8.509532448022427698e-01
-3.786569686240410793e-01
-3.344104770754004197e-02
3.203117640688796230e-01
3.742403948977890416e-01
7.243432649650393129e-01
8.883617218223466283e-01
-3.488456561386039240e-03
2.157136521146986174e-01
2.244035494647773910e-01
3.721027241724128021e-01
-4.663145708334979211e-01
-6.423811518675829335e-01
-4.736814016031378194e-01
-1.251348408465398077e-01
-1.271206211920104800e-01
-2.997268782796231879e-01
1.237332972711950863e+00
-1.832115671485762265e-01
-2.989584903739204713e-01
-1.264985442129050730e-01
-8.914985475288322858e-03
-1.446967310384550842e+00
6.568814578295762985e-01
-3.763156754413493621e-01
-2.449970971148598686e-01
7.991153333538630887e-01
2.911749948919096220e-01
1.988460327120450122e-01
4.666092782239979475e-01
-3.688296210445159984e-01
1.452825302500067695e+00
-3.445586317505656138e-01
2.673115249560981815e-02
9.019871525064779849e-01
-7.939011310118747611e-01
-5.554726801596854280e-01
-4.914631206584934020e-01
1.119316410246565772e-02
-1.354511318559705191e-01
-4.726641915073296341e-01
-1.108467520005193725e-02
-3.734291554530734247e-01
4.872692447816113215e-01
3.024575232453665108e-01
-9.081888720206083843e-01
-3.927860695903992450e-01
-7.536681579833513778e-02
-1.198459643352119686e-01
2.258801976096262432e-01
-4.079620998773054730e-01
-4.117906824124545340e-01
2.120958575642782340e-01
-3.129480047512785412e-01
-9.185653041082615655e-02
-4.734237738319799216e-01
-2.172230108201334831e-01
8.368742434730525037e-01
5.593013003556060458e-02
2.124214826031828318e-01
3.008455459882935501e-01
-6.865189198186917238e-03
-6.506907320225819857e-01
-7.244153052649790481e-02
2.544403724795116783e-01
1.124877100127936735e+00
-1.036327171912994893e-01
4.179924372849837533e-01
-6.440031666493624407e-02
-2.836860280175675375e-01
3.365596347964394663e-01
8.111838422359949341e-01
-1.269913273439616352e+00
5.295818417188531413e-01
1.018690750417578644e-01
-1.697894335907076835e+00
-2.064469018562133107e-01
-5.981936780569815232e-02
2.598059954289614892e-01
2.049651465528549710e-01
-2.347353297281721263e-01
-9.670937861780939948e-02
-7.506679240572995682e-02
4.512054431575915903e-01
1.797534864558866907e+00
-3.140575335053422124e-01
-7.319422265363645375e-01
2.376329928645128653e-01
1.027009601251320653e-01
