-3.647741968711460392e-01
-2.911693298882179204e-01
5.742209930895684211e-01
3.026578986950467440e-02
1.199701466983743137e+00
-3.625774576782789249e-01
2.225954696684592782e-01
-9.338492308889970173e-02
-1.369710335094422027e-01
-9.746158391857734360e-02
-8.232845792346683844e-02
-3.709215189111750854e-01
4.153304813844958532e-01
1.766255391880314773e-01
-1.732522655161877201e-01
-7.643879219296448868e-01
2.827176862513083311e-01
1.087717417009817084e-01
-1.441527528594152563e-01
5.368072054669395521e-03
4.931695060414643256e-02
4.498649182316734052e-01
-2.786014019513017304e-01
6.432566839025830596e-01
4.715191321019340798e-02
5.792930621715525197e-01
-1.069428896942066665e+00
2.228352226152272297e-01
-9.923644045920236578e-02
2.280975254017828802e-01
-1.092783799948813472e+00
-1.892123651622533431e-01
-6.974541941960096247e-01
-3.329144355163156654e-01
-5.272856442806382882e-01
-3.392588221642967583e-01
8.593473140188672144e-01
-1.249868467157977531e-01
-1.250558546119470149e+00
-2.276936882235202839e-02
-5.316865927004850445e-02
2.040456890857836603e-01
2.858412022507158534e-01
1.195042868020999460e+00
-2.050319769896300770e-01
-6.106988244089751605e-01
5.633939757813298810e-01
-1.992094530143357911e-01
-4.816567875248164432e-01
7.013055948361989200e-01
-4.203458046639813595e-01
-2.074253832425846100e-01
5.395671792934291222e-01
6.277138484669668450e-02
-6.222859768262153368e-01
-3.708392586272195590e-01
2.196143411707670856e-01
-6.392393919741606867e-01
-4.414358617169920063e-01
4.579383614867832963e-01
1.027642772903007984e+00
-5.200933998849720935e-02
4.366195190216396599e-02
-1.805303246864251032e-02
3.798347006841654161e-01
-3.048287212884188691e-01
2.507679977803639604e-01
4.364715406014275656e-01
-1.811978152430467059e-01
7.795386137542965888e-02
-3.996392517511776488e-01
1.207595603744555879e+00
1.244885959380388901e-01
6.882908471947474238e-01
4.064034728223799298e-01
4.060513634515916515e-01
4.763670112984319527e-01
-8.855228424149887145e-02
-1.320809126880118367e-01
-3.996741233251950298e-01
-3.073278339172291762e-02
-8.742505222503529905e-02
6.190926049727338842e-01
-1.085354413483585967e+00
-2.250516711657221669e-01
7.886424694666650803e-02
3.056677677360051734e-02
-1.304099016974928117e-02
4.540379580089508593e-01
3.865543773267903216e-01
-4.525902837572952642e-01
2.753045521215870262e-02
1.948448548238428946e-01
-2.987318181701597575e-01
-1.345836685226582397e-01
1.837804504396073901e-01
1.134092526976832188e-01
3.225195798048351992e-01
5.521936270334308894e-01
3.002189969114252635e-02
-6.427324093438679942e-02
3.307759629886827257e-01
-8.438825437219064085e-01
-2.449202842487683274e-01
-2.166005530357285186e-02
-1.746142476519133013e-01
2.739220103072659285e-01
2.613427990538307322e-01
1.095477872009412157e-01
-6.019178188638176635e-02
1.052494659896055229e-01
1.239445305976776046e+00
-4.417144127114324137e-01
1.984740021023142509e-01
-3.176826268853401303e-02
-4.554300466969559147e-01
2.176949172757827733e-01
1.046676593184842768e-01
3.585776657794810252e-01
-8.437606358767505421e-01
1.711315358064670056e-01
-3.088034048708848678e-02
2.877048253794489696e-01
3.510506202990429925e-01
-3.621452786167713156e-01
3.899696570408086593e-01
-5.148601952730562648e-01
6.382774849574022191e-01
2.083091759169615476e-01
-2.257717370924585409e-01
-4.702699744446854624e-02
2.567280302439535200e-01
-1.196997602230195357e-01
-1.955498947982776126e-01
-1.955848799044581920e-01
1.154557915194809672e-02
7.651439126364936172e-01
2.196694419711769097e-01
-7.532139402516231375e-01
2.685749661328684645e-02
2.747042479876417032e-01
-3.875276742112778727e-01
-1.622888847517450772e-01
7.575141458923841942e-01
-4.145352641000203953e-01
-1.441373603190957732e-02
2.898258703504174028e-01
-1.904481056109544046e-01
2.191147781646817505e-01
-8.508223807066901678e-02
-2.024450845514607356e-01
3.731611561749395012e-01
-1.039760849765639789e-01
-1.473163813942073574e-01
-4.834162166266585403e-02
5.403371118385543737e-01
2.124425585256069782e-01
-4.942417299770839323e-01
2.069893203131509263e-01
4.084842433822815644e-01
9.979710192849707007e-02
-6.263474731501346149e-01
-6.162650123024073778e-01
-3.632700190734572399e-01
-6.415373764588152561e-01
-3.932812648259124688e-01
-3.107570814229987377e-02
-4.329532234347091002e-01
-2.823768648332777853e-01
-3.025137185684431337e-02
1.098490689176055968e-01
-1.482624237051118760e-02
6.010444320139731733e-01
-9.356154143614696661e-01
3.989246732773515380e-01
-7.851202199241877899e-01
1.385270127705773985e-02
-2.554965947906270296e-01
-9.483453200990062115e-02
-5.395358182370985078e-02
-5.060625683347907966e-02
8.546522667777871618e-01
3.334296982093662987e-01
1.373704152107137373e-02
4.968510646885605508e-01
7.576938097377527992e-01
2.149617452624190406e-01
-3.434273651670798344e-01
-3.199320188875555693e-01
-3.747068708109835278e-01
-4.700664931319126216e-02
5.002239927436719080e-01
6.812515007873224393e-01
-2.642584542704252137e-01
1.625384058906908027e-02
-3.124007609789403728e-01
-7.895890912095481218e-01
2.454834778788465288e-01
6.516812282276550627e-01
7.890711187976194863e-01
3.813141865187674173e-01
3.654303550699904424e-01
-6.140313661621094043e-01
-5.959949475492012233e-02
1.763673192867474537e-01
-1.547504440891373623e+00
6.697815376066978965e-01
-6.679334879717422346e-01
2.139940371785625794e-01
-4.063095279608098798e-01
9.605351324949662484e-02
6.868724463265827307e-01
-4.029682741509892918e-01
-4.130748457044774447e-01
6.961418397854314266e-01
1.094970358917979114e+00
6.468692646483176732e-03
2.491161179909537060e-01
8.971016397245717977e-02
-5.268422141585649143e-01
5.082505854945760237e-01
3.313715735574171983e-01
2.195197441997193827e-02
-1.106250451117629374e-01
1.543639959726490762e-01
-3.152484963184378625e-02
-2.687789773024842899e-02
1.921756134320937864e-02
-7.230022394626642868e-01
-4.657926226047526264e-01
-9.749409570979368223e-01
4.951246019591641345e-01
1.118247986186991394e+00
4.056846664358868537e-01
7.112038718697952788e-01
-4.865899538931475199e-01
9.141655784013677510e-02
-6.404485145640107513e-01
6.920748142054936047e-02
-1.667319504093352500e-01
4.981538002453053671e-01
3.827170825555577527e-01
6.028044133220602369e-02
-8.364928271090410483e-01
-5.104678746623491081e-01
3.355557281552660753e-01
-7.645675185026591381e-01
-6.669792812801377258e-01
-1.182783957791246066e-01
1.223523648063929575e-01
8.996034052715169704e-02
-1.816366834105376526e-01
3.247335087436339363e-01
1.080316062764759694e-01
6.701668960537290332e-01
-4.679587808618633771e-01
2.699169239040815627e-01
8.546980712026445159e-01
6.400511328913331965e-01
1.335134644980888963e+00
5.937826697473232995e-01
5.147638425638557669e-01
-1.281560505586737120e-01
1.695206463806888664e-01
8.405381609883613714e-02
-8.597859090248693992e-01
-3.421148771087061391e-01
2.898579337557365410e-01
2.242051968742838491e-02
-4.713163862997513109e-01
9.258279346409072907e-01
-3.223667760796109505e-01
2.431828056138433669e-01
-1.955503876029351940e-01
4.970323525829747346e-01
-3.401112434658007944e-01
7.589248154796657264e-01
-2.112015406504184900e-01
1.444086107745800596e-01
5.845503487749643678e-01
2.373528743093209492e-01
-5.867532694996025616e-02
-3.817399525012155626e-01
1.738553831140870753e-01
1.455709863526865711e+00
-2.339643798158053678e-01
-8.133430630906907099e-02
-4.732066964215950744e-01
5.811483293580878007e-01
-7.802995988186579579e-01
-7.026414902005636565e-01
1.336007197055083529e-01
1.088688417015933885e+00
1.065688004826778265e-02
2.512757280380279457e-01
4.427418578708177122e-01
-9.831497153892054808e-01
-4.731810010972844344e-02
-1.768572577222251585e-01
-2.840801668855745254e-01
-2.415643547233130295e-01
-7.421020357722466487e-01
-5.328388661813516780e-01
6.216544289730255857e-01
-1.876695578350529026e-01
-1.674648050966483503e-01
-3.812324625169488113e-01
-1.501471338084681140e-01
-1.086062175768581772e+00
1.770096330742206014e-01
2.520302038548958845e-01
1.487499514546170576e-01
2.828271212605805163e-01
-3.321726519083353368e-01
-2.005393754940321821e-02
1.191209216684873812e-01
2.634148160545787820e-01
4.808047736142869177e-01
3.638361323303001549e-01
1.669462467196943245e-01
7.912643414694413568e-01
-4.921423299368365423e-01
-2.575102768583166779e-01
-3.211495312043299855e-01
-7.965566234569984028e-01
-2.267433095881737637e-01
3.299572105554107043e-02
-7.816025966201377573e-01
-4.533477451858612395e-01
1.860748022659867301e-02
2.121138129320261356e-01
-6.792466209831840018e-01
-6.720181761499023632e-02
7.258858669324891322e-01
7.587725101162081653e-01
8.115165634662848682e-01
1.953323759493839906e-01
-1.150797849009078888e+00
-9.800756553323658471e-03
-4.604619290448658253e-01
-1.668438770224338619e-01
-6.018487664049994024e-01
8.567244333900626563e-01
4.994485875884027148e-01
-1.348428612843768915e-01
4.856344033936238480e-02
-7.374936746683080635e-01
7.617804822044774160e-02
-8.775107349069387608e-01
4.247994470851348403e-01
3.248476441392977865e-02
-9.096404871930523217e-02
-2.851873828668798766e-02
-1.664154900390658193e-02
2.631992503397362348e-01
3.552536765806365605e-03
1.080760549336335502e-01
3.538231446542600134e-01
-2.713035459332320820e-01
2.962144614195372783e-01
2.680685379327794049e-01
-3.766181716838930549e-01
1.591079067917490486e-01
-4.323805268829687409e-01
-6.144758039366168267e-01
-2.814397110270162594e-01
4.778252388041662191e-01
6.307531764306436584e-01
-4.461440549679780709e-02
4.152289757515186669e-02
-3.413176142232602350e-01
3.290599074462904894e-02
-8.706719196521007786e-01
2.476366975874473297e-01
-2.548834111267342939e-01
-2.602495552968008274e-01
1.060795398909320647e-02
7.473091052783613353e-02
2.735207598228257542e-01
-6.356786585321132499e-01
1.810979993079724903e-01
1.671086578222952257e+00
-7.988469271396313465e-01
1.119953522015527114e-01
2.881883034389623455e-01
-1.389514820381811955e+00
-6.353028174759207947e-02
7.879566233400173703e-01
5.406238934476093050e-01
4.079932697049338391e-02
-5.897306592294062622e-01
2.325132960174186025e-01
-2.208675959172327619e-01
-9.907150433647282650e-02
2.770731319874465415e-01
7.118499472823121010e-01
-8.962023957050797851e-02
2.052651788148514012e-01
-2.263211122351671267e-01
-4.096128424213689445e-02
-4.628109724692329729e-01
-9.634787522855647879e-02
-6.938453027052832178e-02
-4.123194874696681222e-02
-4.571289282246449037e-01
1.725841903953171663e-01
-1.716193732059204113e-02
3.225327421828956820e-01
-2.385927613795093272e-01
-1.213554823292091744e-01
7.151480556892796381e-01
-3.333618719116496210e-01
-6.476702222042978185e-01
1.117246196747496256e+00
5.651788759010264451e-01
1.626825896963553786e-01
6.884315796693792067e-02
8.028196258639609395e-01
-7.287634780551413005e-01
1.922332366294239037e-01
1.214430277659186652e+00
1.671556973528547818e+00
2.601528881073217891e-01
2.591655779313385005e-02
9.260361797967654462e-01
-1.402111386345556432e-01
-3.598009144903992484e-01
-1.031920931700481270e-01
1.991857959325584182e-01
2.782853516046671083e-01
5.191918435146670729e-01
-4.181508910353697317e-01
1.046732635435593112e-01
-3.482393691665678914e-01
-3.653447223824260459e-01
-2.187374288537062839e-01
-3.010544196593049615e-01
-5.069585058818150136e-01
-1.215470111376952683e-01
1.353413159474752547e-01
-2.093498476549500442e-01
2.908926879704969437e-01
4.897208691379163481e-01
-5.796700396394202648e-02
-3.121336033812948108e-01
1.422195121696247178e+00
-9.702166610262644153e-02
7.593898222268050113e-02
4.290872512303147146e-01
6.553054255498410585e-01
3.081909495888598971e-01
-2.548680867181884468e-01
7.378445723222996910e-02
-3.093990794266888722e-01
-1.530569201843759108e+00
-9.918944415585446706e-01
-1.197906346067700634e+00
-3.056257963870297467e-01
6.747903513847192114e-02
1.143507382543428319e-01
-4.324124052441248311e-01
-7.756578212131138850e-01
3.575054150964417365e-01
-4.478475226195951509e-01
4.923862175919344053e-01
4.970369237449709376e-01
1.556555430264696949e-01
-3.220596010928600261e-02
2.238631994378993129e-01
-1.654550886607305260e-01
2.204073099304037012e-02
-1.288578927829805987e-02
-1.042431493600262993e+00
-1.189596308624880638e+00
6.106303617132026462e-02
-5.367361134699874525e-02
-1.358850854322735113e-01
-6.727690744974583748e-01
1.036157068240818255e-02
-5.157143539812246436e-02
-6.033467838949324591e-02
6.190298671999831803e-02
-5.109122471302326440e-01
1.800466408172083921e-01
-1.223359629698566459e-02
-9.756846207953003003e-02
-1.291474938616562707e+00
4.713108682999948007e-01
-9.064524783198999597e-03
9.985590308397448989e-02
1.500758067358082481e+00
-2.772819742649184627e-01
-9.626294307157665098e-02
-7.363588857985035041e-01
-2.746863096622859657e-01
-3.019846283585638780e-01
-1.764234362445859849e+00
-2.781811934399580633e-01
-6.071389326024343447e-01
2.780779549152984642e-01
-3.114161699824414264e-01
-2.142902316582147026e-01
5.512873837455871673e-01
3.128855308930972856e-01
8.580642035198045303e-02
8.861265795922091959e-01
-1.026358051952947492e-01
-2.253053868622031386e-01
-8.145166003717428937e-01
1.965975158452995530e-01
-6.530914361857494133e-02
4.269790194324806221e-01
8.472669357506962262e-01
5.873294055827295301e-03
2.658488544995204483e-01
4.958013772118171625e-01
9.957113576911087727e-02
-9.683681127891219376e-02
1.314002145093863261e-01
-1.300133571580210090e-01
2.460603939487175373e-01
4.173496931502175267e-01
5.033722885789205376e-02
-5.007455041306186905e-01
1.309359640559708826e-01
8.471308258430348959e-01
1.398029009826355813e-02
7.111665459314845394e-01
4.529497029475568759e-01
-6.242460085985098717e-01
-7.231245754727901875e-01
3.669254378138585987e-02
-4.960354847508752218e-01
-9.113049074429958596e-01
-8.286572052750447170e-01
5.912375745199065502e-01
-1.580060230724829595e-01
-2.800858635044807809e-01
-7.530499569008538563e-01
7.900831313515301046e-02
3.542279966698702598e-01
5.588649335418570396e-02
1.740322055104830956e-01
-4.844641841602762011e-01
1.914223947335736420e-01
-1.489938065987503890e-01
-4.813579698243095617e-01
-6.454825985776221908e-02
2.213490325011689130e-01
8.499069076242965481e-01
-3.677560775184475217e-01
-7.641406070648139037e-01
-4.783655891217180600e-01
-8.189368260183851889e-02
-5.207700265117147786e-01
-2.085908590311786881e-01
4.985689044985675555e-01
1.254421089770805520e-01
3.845486996600904761e-01
-2.617923005093694688e-01
-1.942550028590807887e-01
6.141806624343839616e-01
4.783597345894990971e-02
5.930675266400960988e-01
3.798077186754930112e-01
2.690587448259126879e-01
-2.282373669787443049e-01
6.726986210025853730e-01
-3.060193938993562845e-01
-3.475034874665607343e-01
-8.094869989815234312e-01
-2.563248494619536633e-01
6.849213825715846360e-01
1.098085501912256401e+00
8.291952584164121731e-01
-6.411899163536769475e-01
-3.223568120184878705e-01
1.190985802534791471e+00
-3.503714997507900719e-01
-2.424900494669589013e-01
-7.971205561180663007e-03
9.169318689927426214e-02
1.628047895066534745e-01
9.222431620848896283e-03
8.776080958143613886e-01
-4.076017011327637274e-01
-4.726724924471957523e-02
2.750267052068666174e-01
5.249027865406181714e-01
7.268549021552993539e-01
8.850578527644045179e-01
1.532084482348479437e-02
2.396127910014079210e-01
2.179701826782004526e-01
3.199663775556148004e-01
-4.842361945425610603e-01
-6.252015913446451467e-01
-5.563208641431185431e-01
-1.120709234643177121e-01
-1.751446142965714103e-01
-2.980061862837234399e-01
1.388761686903807302e+00
-2.037476757143876216e-01
-3.217316184845723792e-01
-1.669303079905018194e-01
-7.540026563960852690e-02
-1.440476904666818214e+00
6.509172093743655907e-01
-3.208277211837256004e-01
-2.198732815380504968e-01
7.997743788023804479e-01
4.768689898765160473e-01
1.686908556067500398e-01
4.436381635854104721e-01
-3.518439224045139535e-01
1.482638491734971087e+00
-3.769452032638268002e-01
7.219724573417087010e-02
9.503087970430207365e-01
-9.840523719825107207e-01
-5.654965698409772923e-01
-5.220857562966846332e-01
2.840683987943438266e-02
-9.959874592426104511e-02
-4.879509751158838116e-01
-3.032794171527485039e-02
-3.745215216673867809e-01
5.007047032356994887e-01
3.376530785595489026e-01
-1.020880796974822147e+00
-4.240548210055154477e-01
-9.674063422971446169e-02
-1.565712244821273191e-01
2.321286790533930167e-01
-3.473086762235782499e-01
-4.056293008145174239e-01
2.869039720894237533e-01
-2.300829031939246316e-01
-5.397213795499622435e-02
-4.819663810079070632e-01
-2.537112542721903785e-01
8.078989496211761434e-01
6.693313089040567321e-02
2.016425740163114433e-01
3.237659691407304696e-01
-9.261858133631683393e-03
-6.367003396099578660e-01
-4.343590392203889455e-02
3.048299218740084249e-01
1.143406761940859218e+00
-9.973102132398296849e-02
4.332339203563783103e-01
-3.604157164498439370e-03
-3.143481664914636320e-01
3.906713763647124416e-01
8.345417426486488877e-01
-1.224624680622846684e+00
5.865775690308066004e-01
1.051716892852135182e-01
-1.782984353317778492e+00
-1.726681244030579543e-01
-5.908769814556533162e-02
3.531772918504998415e-01
1.689251972209960262e-01
-2.353556903950668466e-01
-1.345482540561753482e-01
-8.809931211099047976e-02
4.537894570522737481e-01
1.862071137121949604e+00
-3.406913458201714096e-01
-7.744331580578086571e-01
2.430299071447373227e-01
1.365680102675212795e-02
