-3.703971407359356038e-01
-2.856633117179437908e-01
5.867823911395012582e-01
3.170042774102808242e-02
1.197512631762993829e+00
-3.216511419422629636e-01
2.213548794743555315e-01
-8.150380555702611829e-02
-1.322352283795673600e-01
-1.377530710532325620e-01
-1.009175136867945660e-01
-3.794540288010482820e-01
4.156147481452464043e-01
1.143576172099343563e-01
-1.599244610437769998e-01
-7.553260973895000729e-01
2.838719485694209954e-01
1.250660533409976571e-01
-2.039622146479898313e-01
1.178928722284832732e-02
4.155965850314126409e-02
4.407892578746610002e-01
-3.131389258341348847e-01
6.352824786882139696e-01
6.374329966080698184e-02
5.767583290297662035e-01
-1.126326062272721362e+00
2.321934352745723407e-01
-1.389668195123016092e-01
2.361974312906072737e-01
-1.075824938448436408e+00
-1.896618671815042401e-01
-7.025206458938535459e-01
-3.451760097190634813e-01
-5.339107688644619820e-01
-3.552680902708093558e-01
8.445854099468822485e-01
-1.191620387798655173e-01
-1.193183079642766486e+00
-2.012635025377347911e-02
-3.624230240472068459e-02
1.848752719667377531e-01
2.836975902870422228e-01
1.193763192860730848e+00
-1.962818161620092927e-01
-5.956505812155613588e-01
5.376455824898029867e-01
-2.034321027803836779e-01
-4.213652698113902195e-01
7.209447437836595807e-01
-3.828264880679704829e-01
-2.176789090326781695e-01
4.812518160799621469e-01
4.443029939301389869e-02
-7.173656565452987133e-01
-3.773882196224815355e-01
2.209135180632571527e-01
-6.186398860535569089e-01
-4.659370723563863725e-01
4.449919361413323116e-01
1.047851596852302558e+00
-9.427770174641138604e-03
3.633055000909454074e-02
-2.149539664226946672e-02
4.549809971192169678e-01
-3.385743571235901306e-01
2.439441350417989041e-01
4.135923148128336502e-01
-2.044363137209266601e-01
7.651665262320392347e-02
-3.871549158731969476e-01
1.221942765065840986e+00
1.436402229974229894e-01
7.214123993171106530e-01
4.016444678421520753e-01
3.967062923770676153e-01
4.755905945460521256e-01
-9.170226695707781039e-02
-1.703456216989112648e-01
-4.027437255635746838e-01
-3.442736286429420173e-02
-1.746445195233412295e-01
6.257435259055088572e-01
-1.064774296379995322e+00
-2.918070694366821094e-01
1.212894962053453207e-01
4.154476104051069152e-02
5.754326538599758255e-03
4.705982933123666334e-01
4.078504983601002332e-01
-4.512043711757631748e-01
1.436342372762133487e-02
1.951938151876632666e-01
-3.118397106200296309e-01
-1.470129256794395767e-01
1.272709609492633231e-01
9.916109040100805350e-02
3.415302183157428173e-01
5.444014638516573301e-01
2.274505510823184376e-02
-8.835134592388596553e-02
3.222987842971933303e-01
-8.438321657039449253e-01
-2.379536010391024581e-01
-2.012884904480470236e-02
-1.730565051020735712e-01
2.797016988675358751e-01
2.509599154888162431e-01
1.148977307107584001e-01
-7.336140268572138856e-02
2.643903539630015898e-01
1.242480386967460992e+00
-4.471616064676604552e-01
1.930395538772118336e-01
-6.074154634274374354e-02
-4.960112626961925564e-01
2.238273050482630366e-01
1.221998957546983205e-01
4.117497840455164315e-01
-8.801736370429048550e-01
1.891385011181143661e-01
-3.089408210712321079e-01
2.933570721023535111e-01
1.819491547714159052e-01
-3.585315624207452423e-01
4.437212427636452738e-01
-5.025338261911092008e-01
7.399102119828365742e-01
2.073128587946901913e-01
-1.872057137859920173e-01
7.600243122865073253e-02
3.138319654923851787e-01
-1.184078597315448012e-01
-1.979609681951005062e-01
-2.037364759135078807e-01
-1.406422395657513057e-02
7.655981156993013625e-01
2.189945072624359390e-01
-6.676117610917455814e-01
8.640712312954886010e-03
3.522118907431915913e-01
-3.970539048398626925e-01
-1.660056692626826758e-01
7.719418302719924796e-01
-4.352970220664119649e-01
-1.158394241748027763e-02
3.284992493421726723e-01
-1.717497862506178752e-01
1.893833224413230265e-01
-1.229781367755229671e-01
-1.878970213658031352e-01
3.748978583392054698e-01
-8.637356870998588732e-02
-1.255910600212912787e-01
-2.176381700007979161e-02
5.588357152418153007e-01
2.133889922480579626e-01
-4.055605668374535622e-01
2.280750283277950818e-01
4.129407724819004200e-01
1.185454208743290799e-01
-6.058980468694543653e-01
-6.313968122403665895e-01
-3.612170331379065402e-01
-5.263783232532946998e-01
-3.950076951572237260e-01
-3.084762040955194365e-02
-4.864443256345809541e-01
-3.014429778185587772e-01
-7.201621550882136846e-02
1.077639933331156624e-01
1.122946326824681568e-02
6.516677688087038067e-01
-9.571379181119111790e-01
3.777047896075634847e-01
-8.059047673581563043e-01
-1.153176823457686788e-02
-1.976528604613941864e-01
-8.801511454731798800e-02
-6.609203135818801644e-02
-5.055925166495837259e-02
8.726467966470232707e-01
3.362424081298905354e-01
1.170869489156954081e-02
4.550834899426822733e-01
6.444282885042154074e-01
2.241631467673729505e-01
-3.142227894609061489e-01
-3.117755280689172848e-01
-3.805416048811795515e-01
-5.956025562866060913e-02
5.019979396112899117e-01
6.994415417463889506e-01
-2.139441596455838035e-01
1.586065828461102889e-02
-3.109962821629238539e-01
-7.801853688910797002e-01
2.564006498898835917e-01
6.232373705274026898e-01
6.667303482430543271e-01
3.229872801890223966e-01
3.898529416767405054e-01
-5.563121289774922706e-01
-9.352298414607914182e-03
1.752395242409621468e-01
-1.451274178609224919e+00
6.382826514502044635e-01
-1.278587713257832270e+00
2.080666586082049185e-01
-3.611535336289868892e-01
1.085376916620404003e-01
6.518137685229413725e-01
-4.063910504146354130e-01
-4.176628296528763773e-01
6.998834371319716530e-01
1.085336958311017508e+00
1.943357709092760968e-02
2.709450960361135530e-01
1.048532872926793980e-01
-5.381666687646611269e-01
5.042051658469077768e-01
3.172011461802730081e-01
-6.921727891280791273e-03
-1.424724642114267303e-01
1.607648417740773772e-01
-2.335820605405622072e-02
-2.317364291053179703e-02
1.584602060253138475e-02
-8.061521737785015684e-01
-4.644374941986111893e-01
-7.339347461007309503e-01
4.147920814958006019e-01
1.128107939530193171e+00
3.889453731767140710e-01
7.833119906555463530e-01
-5.594047719622046166e-01
9.984257910343991016e-02
-6.792748950573244127e-01
6.308370070062793711e-02
-1.772221142593651544e-01
4.273241854358724723e-01
4.295197199485620843e-01
5.908170528388755061e-02
-8.442932504285730611e-01
-5.061048839528292653e-01
3.181669174858704485e-01
-7.443276305582866570e-01
-6.998287759077338466e-01
-9.889995217743563494e-02
1.239458398307476117e-01
1.371961425827818715e-01
-1.599408002922461103e-01
3.010241285123549382e-01
1.002514897859879683e-01
5.438939266649730486e-01
-4.780365172703329169e-01
2.519208018193928034e-01
8.343965491319775829e-01
6.177462668800697276e-01
1.312304648204624780e+00
5.671529691700830655e-01
4.929340029903086506e-01
-1.357899800356500708e-01
1.828473197797632899e-01
8.222373226143887825e-02
-8.222445728575032975e-01
-3.434116938308170441e-01
2.633888228488465710e-01
5.151425370812714143e-03
-4.804687745518850805e-01
9.188828832882635078e-01
-3.251325053567311607e-01
2.428884683356553331e-01
-1.898734724043483202e-01
4.808816198699418232e-01
-3.413501952813850493e-01
7.728912662169844516e-01
-2.039970108315313224e-01
1.683419972793616104e-01
6.513213193954288105e-01
2.316420837233055530e-01
-7.599310296782035845e-02
-3.949854556322581201e-01
1.793481066290437964e-01
1.517217571389256392e+00
-2.456711900289466899e-01
-6.865879399375614256e-02
-4.914027410857291778e-01
4.581358880978897430e-01
-7.968439868042213048e-01
-7.336595562341773347e-01
1.449960245311574802e-01
1.112883758062693351e+00
1.096632679721544837e-02
2.750668186969074669e-01
4.606284715351665060e-01
-9.930308163833041490e-01
-4.580279487927185061e-02
-1.518000356580466448e-02
-1.651175150834516270e-01
-2.571082923070388548e-01
-7.466151169938108900e-01
-5.080340469378802348e-01
6.214708245517936991e-01
-1.449100703165882020e-01
-1.734217039637010460e-01
-3.576912850605648009e-01
-1.542381414978766241e-01
-1.072444003366624932e+00
1.807196223061525164e-01
2.549515726702758500e-01
1.482292868391158480e-01
2.112070559263753144e-01
-3.365072563787017690e-01
-4.364780638035435645e-02
1.353330220875283152e-01
3.047935899326398856e-01
4.737274880813761579e-01
3.537206636335608056e-01
1.744446502990583125e-01
8.258405672542362685e-01
-4.713591239869302507e-01
-1.805387508526589135e-01
-3.258078949719649398e-01
-8.116041297922133024e-01
-2.065671157994715956e-01
3.295627116620260255e-02
-9.106825660256094856e-01
-4.789696466550387166e-01
2.664509164518974113e-02
2.024870572667394064e-01
-6.730900182161377865e-01
-6.205014971486719905e-02
7.524206158374333597e-01
7.725656701974658036e-01
7.319952906143206706e-01
2.225506027910864049e-01
-1.207017590706933818e+00
-8.261940330496395091e-02
-4.804387649844352737e-01
-1.716316443856894247e-01
-5.834093599681168252e-01
7.967509215950290269e-01
5.385590394773586143e-01
-1.193504567124671067e-01
3.396143766448771889e-02
-7.031002320726351673e-01
-7.947131973050837461e-03
-8.736470848810327094e-01
3.870814443284152917e-01
3.600884107182848043e-02
-8.230344197804796702e-02
-2.103469417603813854e-02
-2.464351436596581846e-02
2.248211069174232135e-01
1.259444504659269250e-02
1.307738991356813818e-01
3.555820986903593939e-01
-2.751934499975842718e-01
2.986724231992811118e-01
2.587833471284645137e-01
-4.163342468593940193e-01
1.652847815290592326e-01
-4.222772550382088985e-01
-5.991164231755741199e-01
-3.041966416313485744e-01
5.215698331188665104e-01
7.219374270006343464e-01
-2.790408154235064081e-02
2.784020063557726340e-02
-3.226343877706048247e-01
1.201960941108804470e-01
-8.656875864277506771e-01
2.450808687859054313e-01
-2.845393266808031729e-01
-2.558294905402421771e-01
3.289712689210676916e-02
4.166733397370422920e-02
3.390046946116953563e-01
-6.175218026719961895e-01
1.687442744582411391e-01
1.641722060427648566e+00
-8.077376106344158480e-01
1.192302474131526208e-01
3.296268529852652285e-01
-1.409892783897825908e+00
-5.841665461728998143e-02
8.003030053709004887e-01
4.747511532278934077e-01
4.322701676529985826e-02
-5.625085992910747734e-01
2.495953796105264411e-01
-3.161873444017785917e-01
-9.227136976604448371e-02
2.608759680146264248e-01
7.598141016643896739e-01
-7.957370572901116546e-02
2.109147113706113519e-01
-1.875511917822685892e-01
-3.633109369050879778e-02
-4.715987972516214044e-01
-1.092138164017068952e-01
-4.756901145516297114e-02
-3.891088148209470576e-02
-4.795146647803373852e-01
1.921417173951699420e-01
-2.526508893918433946e-02
3.312446248178639863e-01
-1.049896053949483654e-01
-1.058618262297459228e-01
7.092321790348059540e-01
-3.069474877474752672e-01
-6.291947089100066171e-01
1.112883182864688569e+00
5.167151678789638769e-01
1.920873162540431278e-01
4.513789642821741666e-02
7.983028393098471343e-01
-2.533619110929711815e-01
2.068197277236696052e-01
1.272542071776873396e+00
1.738351760549320391e+00
2.647853798102472456e-01
1.800527123521671047e-02
1.073044641128151344e+00
-1.378305198719412816e-01
-3.810799315869765613e-01
-1.197535778287479036e-01
1.755547403635002723e-01
2.828962579022175627e-01
4.843973207747581111e-01
-4.618824555906730911e-01
1.018826459787664784e-01
-3.586526815310034921e-01
-3.460880538446862720e-01
-2.225666600427624875e-01
-2.964896010186626740e-01
-4.655949670728674050e-01
-9.687796472780446644e-02
1.660284051763899482e-01
-2.200051915010238779e-01
3.243987675955912198e-01
4.963553136313490488e-01
-4.862382551748235110e-02
-3.671956634849424805e-01
1.304825432875854396e+00
-1.097733182968491789e-02
7.700218650535019249e-02
4.220514097105995677e-01
6.666677278175942023e-01
3.108777095390178324e-01
-2.503803925332144242e-01
7.199105607841216337e-02
-3.249254819495533964e-01
-1.406782231214803724e+00
-9.368112429439552358e-01
-1.083041607241767013e+00
-2.973848586468216260e-01
5.343844781850710934e-02
1.411650934732898433e-01
-4.255186197247657898e-01
-8.075011320041072249e-01
3.862034867169709673e-01
-4.554431790188326890e-01
5.031924858545676615e-01
4.954453122844637014e-01
1.616415135355157850e-01
-7.042993481579581938e-02
2.303147669085652272e-01
-1.612170071691789441e-01
2.772498450296474737e-02
-1.201199864718763277e-02
-1.155767509812702709e+00
-1.177327683824930915e+00
5.359107019008006734e-02
-5.657012350554151137e-02
-1.403086079429326227e-01
-6.966486303585565087e-01
5.286228705138272879e-03
-5.720861631216313248e-02
-7.203457870077006886e-02
4.025849310356253985e-02
-5.039925588492129016e-01
2.079090237939543728e-01
-7.023586933835761388e-03
-6.166380920624320305e-02
-1.289051037866800309e+00
4.734960294199615505e-01
-9.848670174301727906e-03
7.180092551378958188e-02
1.500300750035610919e+00
-2.830960577107625165e-01
-1.036006938348445067e-01
-7.510382645403580471e-01
-1.907602549877824016e-01
-2.913327046564905820e-01
-1.697541679966558137e+00
-2.824072566704634579e-01
-5.931844700183108721e-01
2.754228639995007777e-01
-3.985498253878173025e-01
-2.044748488405719322e-01
5.569848551943239467e-01
3.208352382686960880e-01
8.521883510209478374e-02
9.055086257176780951e-01
-1.020707239670829436e-01
-2.235679839127051316e-01
-8.350242830155708562e-01
1.910839718983961544e-01
-5.076622818399496861e-02
4.551115090315613898e-01
9.503557453007446254e-01
5.229892701586272286e-02
2.734385549322678743e-01
5.216025133572623762e-01
3.285333041593213339e-03
-7.870292555810493029e-02
1.400648214329130725e-01
-1.539396705236222851e-01
2.310413600153552738e-01
3.997451002435991052e-01
4.582914559856948039e-02
-5.474608048229119284e-01
1.257787905842402965e-01
8.487204148447863306e-01
1.453518638573929322e-02
6.553978329144720671e-01
4.593286969997656954e-01
-6.269781483744373274e-01
-7.560105988904266550e-01
3.690845408800658145e-02
-6.955541338588202560e-01
-9.057375747997433724e-01
-8.583920090537527914e-01
6.356013606086184931e-01
-1.553305758015209315e-01
-3.102582049670625230e-01
-7.500064198946634342e-01
6.408968775776446858e-02
3.522131684878676006e-01
5.042786366356617755e-02
1.799256279973883710e-01
-4.589414195184410294e-01
-5.387780229674879462e-02
-1.487754596875674185e-01
-1.713377025861873570e-01
-6.558012861387634007e-02
2.481542520798803997e-01
8.487264807943822875e-01
-4.306044559133627159e-01
-7.737848179663711079e-01
-4.848853306506634153e-01
-1.218313728923777761e-01
-5.062205865892926981e-01
-1.920932932600915299e-01
5.135024252088311592e-01
1.204017759950711530e-01
3.895928318952672220e-01
-2.662111061693743785e-01
-2.013081504840208147e-01
6.447195136091787848e-01
5.982324547678084803e-02
6.551412986702903618e-01
3.172839932510472805e-01
3.085945134640829535e-01
-2.195572377803255704e-01
7.994878148927678785e-01
-3.025202886833260330e-01
-3.734461580955369397e-01
-8.144223566087805954e-01
-2.655098944852580245e-01
6.930292367094237349e-01
1.041137297830558639e+00
8.578578409601922417e-01
-6.474300315403090922e-01
-3.069139421198870954e-01
1.157501270785523229e+00
-3.483141973985005579e-01
-2.631409654488210959e-01
-5.618497465944399458e-03
8.805079233929474780e-02
1.067234311568828614e-01
-3.791217771636235662e-02
8.686524114751610348e-01
-4.143375219076582128e-01
-4.542299512936220918e-02
3.509994157362010814e-01
2.958482051233569110e-01
7.342862189776395709e-01
9.087337518608802345e-01
5.321276046728746351e-02
2.514532389560018011e-01
2.162777818276703790e-01
3.319717181130319994e-01
-4.895319957226273444e-01
-6.717105006166770309e-01
-6.018659025567486553e-01
-1.208541915486678747e-01
-1.389612451110326663e-01
-2.714021198532695078e-01
1.431687512497340720e+00
-2.352587762675079353e-01
-3.015115167234425630e-01
-1.530179382964308166e-01
-7.368653962028336168e-02
-1.447424635494776846e+00
6.196877884546265758e-01
-3.200805347337566942e-01
-2.414729069059116107e-01
8.198700298668011310e-01
3.102832643172386828e-01
1.716058972036932917e-01
4.465278587651360098e-01
-3.485397741008635086e-01
1.510681151356314977e+00
-3.788118811815257558e-01
4.005779245991682863e-03
9.243328078210744092e-01
-8.827037332036689055e-01
-5.585502118750352851e-01
-5.181986319327737123e-01
3.272356771973511380e-02
-1.014122469039844820e-01
-5.042618612691364133e-01
-3.808705096951483376e-02
-3.919621873009578872e-01
5.126675640156596048e-01
3.132857882332891197e-01
-9.665925702737292458e-01
-4.066060604395499434e-01
-9.755685293586435769e-02
-1.379421863407738202e-01
2.164572636407659512e-01
-3.910464267989480214e-01
-4.396019767502850062e-01
2.825099349323857978e-01
-2.114784958811904980e-01
-2.290455859650358458e-02
-4.824036037555005652e-01
-2.239936107840993229e-01
8.222567624033276790e-01
8.073527239987095261e-02
2.147762184733091884e-01
2.936322594044561973e-01
-2.194896428349908668e-02
-6.700283258778771955e-01
-4.537572987264410634e-02
3.009994507640849082e-01
1.093396474862956103e+00
-1.135789071506043135e-01
4.234792656258146715e-01
-8.405274318765287855e-02
-3.147410590158634114e-01
2.842978407659174644e-01
8.706703786216944962e-01
-1.231536818115093856e+00
5.781045374595668029e-01
1.107411232624879033e-01
-1.811936091411214367e+00
-1.981472109720239516e-01
-5.911314367539532988e-02
2.505081642337638748e-01
2.301556302962648459e-01
-2.477007437524665345e-01
-1.323188863030188567e-01
-7.255422020014198892e-02
4.765113068040539579e-01
1.833116007748676557e+00
-3.347947222022334413e-01
-7.920364244632271955e-01
2.470404766302601862e-01
1.508707223733253000e-01
