-3.697517481659426397e-01
-2.778628361607078379e-01
5.795735816051725831e-01
3.174970193696476095e-02
1.192761702038556137e+00
-2.932235980572059364e-01
2.236255187793518839e-01
-9.232325427232425386e-02
-1.266522581963732685e-01
-1.239057622852061530e-01
-8.039564717025059204e-02
-3.766372574665427519e-01
4.212232690615723696e-01
1.416968879395812952e-01
-1.571030103006023637e-01
-7.656669753440318305e-01
2.828835682590215561e-01
1.307891934519845589e-01
-2.174983917129586219e-01
2.063745456209410689e-02
6.845878905748435661e-02
4.356817740977982356e-01
-3.147620246350513740e-01
6.263408752204289165e-01
5.370734032992366402e-02
5.677845262538629978e-01
-1.100562358751633329e+00
2.329608808389201646e-01
-1.409943964285485241e-01
2.256280470714808473e-01
-1.064295167445821422e+00
-2.016656953445511991e-01
-7.039286420068360250e-01
-3.366579663010558776e-01
-5.258491214827123450e-01
-3.445123134049037361e-01
8.329364326439208099e-01
-1.152529196139831930e-01
-1.178784236926945672e+00
-1.877796031396177651e-02
-4.228071887683224062e-02
1.895665193514053104e-01
2.841595905104764008e-01
1.202954997436935791e+00
-1.933207425351907705e-01
-5.842501816507825740e-01
5.229048165874341514e-01
-2.044715767487671754e-01
-3.937426869709746979e-01
7.041643079088401036e-01
-3.537445261292019860e-01
-2.152576601637150866e-01
4.873995910113320118e-01
5.114947301492211995e-02
-6.841489192649157225e-01
-3.971383484453887558e-01
2.235534445208933185e-01
-6.381996826566000980e-01
-4.503095517175031426e-01
4.730027235851915757e-01
1.043189936252767236e+00
-3.496114334771027732e-02
3.935595239114090399e-02
-1.436189704335860857e-02
4.248166825647052280e-01
-3.238203426662096263e-01
2.481535365222693468e-01
4.055300384315953521e-01
-2.036624488301738145e-01
8.133536514485441293e-02
-3.785927971507707657e-01
1.191353875454117084e+00
1.446989188012486882e-01
6.429642936676551734e-01
4.065577453322251067e-01
3.991292051875429125e-01
4.764342308196582998e-01
-9.112836910353570852e-02
-1.659540816834179089e-01
-3.904539101448403215e-01
-2.719230703390271980e-02
-1.735181828277671812e-01
6.202400841984998525e-01
-1.067859036385424565e+00
-2.520523678400798939e-01
9.675943121988869744e-02
3.530951457787526171e-02
-3.503043653830726061e-03
4.646856483916317337e-01
3.907664350275800169e-01
-4.482071443079237993e-01
6.764849723884437498e-03
1.874606319918654951e-01
-3.086923684562569714e-01
-1.419571382802889692e-01
1.257425372617402282e-01
1.054228499342145658e-01
3.340519113205400181e-01
5.903197067897133499e-01
2.392017572743112414e-02
-8.139229409368289869e-02
3.162893868756544991e-01
-8.366279194454072643e-01
-2.336171168821407629e-01
-1.691400869850544567e-02
-1.781705701352412352e-01
2.762487906811832428e-01
2.527324490058363016e-01
1.055885653943762492e-01
-6.891360612643518402e-02
2.487899246515230811e-01
1.256081557645520652e+00
-4.468039051925323246e-01
2.028885101877009600e-01
-4.977893910866412058e-02
-4.655375241214508297e-01
2.239560523446758322e-01
1.045058745788829679e-01
4.226889012360940945e-01
-8.562490120005824545e-01
1.710656933998234153e-01
-2.747533391570023409e-01
2.997370948363836662e-01
2.206264801191639424e-01
-3.409570932064687754e-01
4.520472140580681364e-01
-5.084183483652586766e-01
7.408643608024294558e-01
2.087666763333244357e-01
-1.738999406257961955e-01
2.126152680217116651e-03
3.068706895465998508e-01
-1.182105180796252375e-01
-1.977599554530164727e-01
-1.993682092022201480e-01
-2.198882076506185335e-02
7.574956908666710120e-01
2.156260619931025801e-01
-6.908643411946668866e-01
-3.099977212545209151e-03
2.579457642549089491e-01
-3.998573265374319452e-01
-1.663767308527028810e-01
7.699408072965119310e-01
-4.311284574265180636e-01
-3.396509235423483819e-02
3.250490661190647557e-01
-1.623389265993071540e-01
1.931801089071836230e-01
-9.890522057956756263e-02
-1.989753121777818323e-01
3.691990667079985688e-01
-7.931867151038965447e-02
-1.237959948810578581e-01
-2.522752462801714987e-02
5.494770290329256124e-01
2.055697451544884480e-01
-4.211698406481891310e-01
2.270357807565908936e-01
4.073696833531969541e-01
1.213949199563171960e-01
-6.316964990228373100e-01
-6.328347266617986300e-01
-3.608146567510609470e-01
-5.208031536540297379e-01
-3.920626186663871415e-01
-2.305446903851646884e-02
-4.424659974260795048e-01
-2.649513813450845023e-01
-5.804956835089370576e-02
1.157523511616085909e-01
2.426939272004487863e-02
6.207969043244212504e-01
-8.788612151195420719e-01
3.595447814583356827e-01
-8.158850646826297792e-01
-1.871588258239972186e-02
-2.122679665062990884e-01
-8.932484893660312675e-02
-7.153688192810918334e-02
-4.847585776928455686e-02
8.588496977973163471e-01
3.397350788915639019e-01
1.074548433567152662e-02
4.699322288230188827e-01
6.173165231204055248e-01
2.190142846244715613e-01
-3.243117099784674218e-01
-3.253016128670270235e-01
-3.763026491454288802e-01
-5.254639163410624453e-02
4.954172219005505418e-01
7.006773033610392831e-01
-2.068230295212216685e-01
1.657267566619327614e-02
-3.080162974556705513e-01
-7.780709265139806874e-01
2.548043123685295730e-01
6.432914367250445187e-01
6.911783496114893843e-01
3.068218604077889156e-01
3.836966822938245869e-01
-6.204292157811894803e-01
-3.604147060430482052e-02
1.727326500025263833e-01
-1.430773906986898769e+00
6.417903245221230346e-01
-9.851234297614939184e-01
2.312082291394814415e-01
-3.799170388197116166e-01
1.141953312916076102e-01
6.382730715792369613e-01
-4.017500851522962102e-01
-4.112206554991683083e-01
7.147443792885839198e-01
1.087992894629885354e+00
-4.127806248581673398e-04
2.578343930229141101e-01
1.002524212002380150e-01
-5.330192173068386552e-01
5.058174081147984724e-01
3.146297603270571397e-01
1.585166573124692502e-02
-1.517149741141035346e-01
1.396935129487645311e-01
-2.690575359247196138e-02
-2.274737687443319917e-02
2.056110518296905623e-02
-8.358877562510385051e-01
-4.582139962511450060e-01
-6.974482292110112391e-01
4.697829357049860821e-01
1.110882481384042775e+00
3.984683550530365714e-01
7.673368689540180920e-01
-5.380366957711946174e-01
1.017271458942399925e-01
-6.725458872693353962e-01
6.163572280897908207e-02
-1.688215538151298378e-01
3.965771669959842760e-01
4.045985279566472470e-01
4.370964422057655591e-02
-8.350873216095480167e-01
-5.016118207999556988e-01
3.003437503490543614e-01
-7.187293032881445498e-01
-6.829880229508793477e-01
-1.080069758985978262e-01
1.161477342172433369e-01
1.099537987034804459e-01
-1.647178390082947863e-01
3.028495067564486165e-01
1.092434629362551701e-01
5.480001691003392184e-01
-4.648056680912794891e-01
2.536425036304052472e-01
8.228030240820883856e-01
6.270736525376385817e-01
1.301508803153500704e+00
5.574569372650464150e-01
5.111497446359313246e-01
-1.353619376024130794e-01
1.589260459209956566e-01
6.530101562790967262e-02
-8.425915881162632237e-01
-3.378845772830944560e-01
2.652185707936042802e-01
1.259729405753981166e-02
-4.600562673376087375e-01
9.097548038174648743e-01
-3.230518540434485497e-01
2.539882517168975395e-01
-1.969695895821288179e-01
4.470271102093549276e-01
-3.291053299837070067e-01
7.493306553546459359e-01
-2.130574634856145233e-01
1.693214382518883065e-01
6.164046354327969990e-01
2.233177262361740745e-01
-7.132007581446418720e-02
-3.670420585117785128e-01
1.786429704223801707e-01
1.494008645073682029e+00
-2.333997502660358492e-01
-7.355149148290597572e-02
-4.835140872261513012e-01
4.986165776098629987e-01
-7.868637475222991506e-01
-7.161962593893642648e-01
1.455638782018060240e-01
1.095554519857027564e+00
9.935252971057781379e-03
2.696992830694518450e-01
4.542879366546116460e-01
-9.976086698593751301e-01
-4.051698636204747322e-02
-2.687708354829596025e-02
-1.816057310997142293e-01
-2.436017329783878582e-01
-7.332748200605024858e-01
-5.015539083330304848e-01
6.155524461166828054e-01
-1.632551383936306777e-01
-1.813844009801217350e-01
-3.588268271934783593e-01
-1.487387081867571348e-01
-1.058431851206177221e+00
1.846098759587917193e-01
2.516926090736823496e-01
1.744057103616723503e-01
2.364002960234495021e-01
-3.375743407812965002e-01
-4.650513730074026797e-02
1.243023804840259761e-01
2.746351774984476801e-01
4.743074243696629999e-01
3.618737308441987710e-01
1.661971641534940314e-01
8.381460621989096360e-01
-4.893172610311201098e-01
-3.440818120731937158e-01
-3.076337846321060554e-01
-8.045357814196325563e-01
-2.442224688444780689e-01
3.533701920210650937e-02
-9.182729717439710448e-01
-4.868739735238313826e-01
3.190505652008055609e-02
1.929736853934827523e-01
-6.735476942863467542e-01
-6.582224240248667202e-02
7.341497729725789956e-01
7.590585316501872182e-01
7.314588726981973155e-01
2.176274456256842571e-01
-1.167094608483397300e+00
-7.177066473808096925e-02
-4.645524675202964970e-01
-1.527079604167305427e-01
-6.113517670849804020e-01
8.009357856244645468e-01
5.351635692255806154e-01
-1.335542463449472528e-01
3.639068628594656352e-02
-7.186742288717862248e-01
1.952351812961826069e-02
-9.148848146313681706e-01
4.003624285497622837e-01
3.306391327668483510e-02
-9.215295985367494280e-02
-2.684093144854588289e-02
-1.851092075010552992e-02
2.314572875580932221e-01
4.415939459651367117e-03
1.205624472805181813e-01
3.561585944967971540e-01
-2.725001089644352725e-01
3.110111869248569083e-01
2.675686332016341540e-01
-4.021817416725411154e-01
1.639978789947904858e-01
-4.173090755137673913e-01
-5.965109276771179969e-01
-3.056828615755536882e-01
5.120561485344939934e-01
7.202409166624558212e-01
-2.822306728605390030e-02
3.020647589065534461e-02
-3.179945438049613382e-01
1.156508868072635560e-01
-8.673127221956844490e-01
2.466867817477788050e-01
-2.788358864062261966e-01
-2.627010770464417444e-01
3.120189279823004300e-02
3.382297604771952737e-02
3.369461756273898212e-01
-6.194191605964310954e-01
1.850135554412448702e-01
1.633459830104124766e+00
-7.995732985954073779e-01
1.057148367980064035e-01
3.212159360211261361e-01
-1.415361862631845602e+00
-6.119008673790130026e-02
7.939088105856394462e-01
5.241324706763131891e-01
3.772412230211612261e-02
-5.979616950734533143e-01
2.589948357024825509e-01
-2.713402036066299150e-01
-8.928647878591103315e-02
2.576623265766765369e-01
7.515850585062145983e-01
-8.319878910485214996e-02
2.059525582948180944e-01
-1.927342680383103968e-01
-4.456671143844309624e-02
-4.689645165479259803e-01
-1.137280336368175770e-01
-6.018238055979564100e-02
-4.363609914661380901e-02
-4.803420268588224351e-01
1.842009112199228249e-01
-1.258328422072513275e-01
3.279380114034233795e-01
-1.337025559714202505e-01
-1.211047287153982077e-01
7.583531174239326322e-01
-3.091787958090759791e-01
-6.189237191894850776e-01
1.075078815710594826e+00
5.474838260624782516e-01
1.466598428823141509e-01
4.652925645552791201e-02
8.203506915099859631e-01
-6.575717960522416139e-02
1.918522515364246284e-01
1.243299163007055785e+00
1.683607197463820038e+00
2.682482567766839021e-01
1.847049634198534920e-02
1.026405099226443962e+00
-1.389908216399441121e-01
-3.659613752669778619e-01
-1.072300025414083396e-01
1.820910884151592246e-01
2.726511942881697514e-01
4.885606007777313353e-01
-4.599069891060654780e-01
1.031098959751038657e-01
-3.624717408414173114e-01
-3.379070752085702734e-01
-2.298793148174342604e-01
-3.071248633504130021e-01
-4.788583225094570350e-01
-1.057344456798685328e-01
1.618432513970015918e-01
-2.108888653945882874e-01
3.169153787157134583e-01
4.930556197564366916e-01
-5.522860677398063606e-02
-3.538945728913843181e-01
1.253915379622595472e+00
-2.471641443401142307e-02
7.301841484333308763e-02
3.625741166238332647e-01
6.820189696293443848e-01
3.093576311675059753e-01
-2.313415402550871025e-01
8.155831694532947318e-02
-3.604234592683604466e-01
-1.433091704873092453e+00
-9.295479725799227211e-01
-1.118715170820254956e+00
-2.865278120267397144e-01
2.298659923134490496e-02
1.460633671436575853e-01
-4.262642121961403574e-01
-7.930084204291276695e-01
3.824315903752469326e-01
-4.537638050249487853e-01
4.957808389063194654e-01
4.708113287627305743e-01
1.555352712736312593e-01
-5.627523580357662869e-02
2.392768439433000105e-01
-1.688075981412143489e-01
1.812737625615728002e-02
-8.791367869837599103e-03
-1.165033187593800701e+00
-1.176379894663364345e+00
5.575650616200462928e-02
-5.275926577916242866e-02
-1.330573277586597214e-01
-6.778967500945355384e-01
2.126542278784380319e-02
-5.540195802198576852e-02
-6.527738928178816735e-02
4.800232071290723435e-02
-5.069722770694061742e-01
1.960479593909964513e-01
-7.509875152213860497e-03
-5.733569142929063195e-02
-1.292805509839746625e+00
4.710075390093216852e-01
-3.136316833236016204e-04
7.753105046341081386e-02
1.498111042341971233e+00
-2.745307978198744392e-01
-1.059161501268357231e-01
-7.182542911660984020e-01
-1.614891925013531571e-01
-2.965698856521132853e-01
-1.673894739431626810e+00
-2.816880102642546624e-01
-5.886183568494566254e-01
2.784982954804011701e-01
-3.435307302985950439e-01
-2.011581055847814214e-01
5.500293585107018934e-01
3.198540360554859574e-01
8.431299281190991757e-02
8.933716136018933218e-01
-1.004740671476081204e-01
-2.282137599787514570e-01
-8.312124015858722847e-01
1.925207432810208397e-01
-5.666700274524939795e-02
4.285586054231835806e-01
8.976572839804860537e-01
4.582712997137556449e-02
2.675084505173025429e-01
5.084376406011179572e-01
1.609930746855301430e-03
-8.510975440845601481e-02
1.319546335533566817e-01
-1.570526322404845188e-01
2.407404967680395746e-01
4.099496868230466662e-01
4.777421066731618593e-02
-5.165915295946601482e-01
1.197975917809381563e-01
8.404756826753673193e-01
1.175827246256127938e-02
6.628988288795362172e-01
4.458924438422998127e-01
-6.182336138742845488e-01
-7.542892316446470069e-01
3.213786068997953604e-02
-7.881601317987900757e-01
-8.988133362720254205e-01
-8.550679540413949065e-01
6.704121657338131257e-01
-1.524999778272174977e-01
-2.840436695332009265e-01
-7.477890749233571110e-01
7.588560951760892070e-02
3.419737246592278734e-01
3.472337747743901165e-02
1.831437556784467624e-01
-4.559335316140643024e-01
2.302892474161090039e-02
-1.459549756941092291e-01
-1.978217257701189447e-01
-6.253920752348805789e-02
2.412095953887493649e-01
8.537599831264758299e-01
-4.202590915334063482e-01
-7.337822411770767994e-01
-4.788043917652033410e-01
-1.213557782954348269e-01
-5.117364461182575264e-01
-2.034172331987704196e-01
5.531413498581353450e-01
1.174042488996448336e-01
3.853298812160632081e-01
-2.487667711752958588e-01
-2.030394033651630181e-01
6.532557581899226529e-01
5.679086100475583959e-02
6.309291183086956911e-01
3.477030891196569717e-01
2.679041379561594716e-01
-2.132178005236671503e-01
7.692890345544587394e-01
-3.110989074707636859e-01
-3.687372991829797053e-01
-8.107050888127148580e-01
-2.625517857476579175e-01
6.822867523273755674e-01
1.067627529699907152e+00
8.437815772853543006e-01
-6.318140031993981776e-01
-3.040116454281425185e-01
1.145498366872300888e+00
-3.461631813304337779e-01
-2.260327782500068661e-01
-1.721605014578603265e-03
8.169344276237032465e-02
9.258825893309850785e-02
-2.243821533657747863e-02
8.718866213360952910e-01
-4.126200337566010012e-01
-4.470712030053441977e-02
3.112212530143724787e-01
3.400582889232225403e-01
7.025953410224204942e-01
8.916272476736092356e-01
1.991418812329226462e-02
2.598476524567389645e-01
2.192261402991031449e-01
3.147005077214587443e-01
-4.810394951187234591e-01
-6.737768307713206672e-01
-5.441973686275694000e-01
-1.197946908095903484e-01
-1.435340103350474794e-01
-2.660772409172891817e-01
1.471400753472111411e+00
-2.177177120951102884e-01
-3.204369098776525537e-01
-1.402950568717233337e-01
-7.276425659717172811e-02
-1.443486760473971842e+00
6.347573710171003913e-01
-3.570262434660742001e-01
-2.255415172984673589e-01
8.100760934355315523e-01
3.196222020915009954e-01
1.749105341921806944e-01
3.944156262470824292e-01
-3.660714958202137548e-01
1.488924653540959042e+00
-3.616689585926892714e-01
-2.238730658978966767e-02
9.463515772926588410e-01
-9.789202405725945244e-01
-5.485543158511302364e-01
-5.196758497104980723e-01
2.958691232779227243e-02
-1.015624313183934452e-01
-4.832201586458932940e-01
-3.457278438204067911e-02
-3.796576575389682406e-01
5.064156236572324721e-01
3.120731756823029723e-01
-9.787284944270630005e-01
-4.071937849726181002e-01
-9.377230958936760841e-02
-1.418086409766165235e-01
2.123424122551224591e-01
-3.191371833202046315e-01
-4.308909272259116574e-01
2.926468736460836606e-01
-2.156825233938504949e-01
-4.551073450042168039e-02
-4.820031097171432188e-01
-2.230644368319248949e-01
8.166817723822910047e-01
8.463152805402204826e-02
2.066342957727924090e-01
3.071683909455768524e-01
-1.424677679172628442e-02
-6.457799372852691677e-01
-4.811401086610922473e-02
2.765926733999328202e-01
1.090093823204622003e+00
-1.097604703177967878e-01
4.259919689036544832e-01
-6.618707205927977510e-02
-3.044037797340342077e-01
3.223112265429347034e-01
8.846261284609333586e-01
-1.223938198723448334e+00
5.550996987254344095e-01
1.073720466882260582e-01
-1.787563549445472466e+00
-1.907015003371704542e-01
-7.316615843204106462e-02
2.660478235690245663e-01
2.372129409902747343e-01
-2.368377390609023303e-01
-1.284993786078270916e-01
-8.621367817844480252e-02
4.854154235227028380e-01
1.872168927432089847e+00
-3.346164626922333296e-01
-7.718313905042303302e-01
2.451791451077872108e-01
1.661880874005902953e-01
