-3.670572044118673993e-01
-2.834561307113400153e-01
5.777041826066997565e-01
2.344235212664115900e-02
1.205989568262656686e+00
-2.838521229337301333e-01
2.128936292190448665e-01
-1.051636264231674001e-01
-1.295707741919631395e-01
-1.242648005440477044e-01
-8.273242521373444514e-02
-3.726029248176170316e-01
4.125449662730577560e-01
2.048535013845902697e-01
-1.630920585949197088e-01
-6.840831079917384372e-01
2.798350711287133641e-01
1.131424858518682020e-01
-1.845045210525452783e-01
1.723453932700350424e-02
5.210804525813234056e-02
4.506644056108268792e-01
-3.019547604600074098e-01
6.624903639485509865e-01
3.743431717405518860e-02
5.592320838842578246e-01
-1.183385073473985694e+00
2.193661870567428507e-01
-1.746931287630964780e-01
2.406732888981446550e-01
-1.254053906988229272e+00
-1.834470327780820809e-01
-7.097036710224658984e-01
-3.430053280814901462e-01
-5.272923485896631179e-01
-3.397145591604467940e-01
8.848937846007534080e-01
-1.206002743537599453e-01
-9.857972200422423503e-01
-2.260611479586040196e-02
-2.557574264830029739e-02
1.777194909587895277e-01
2.999796130828493168e-01
1.214696699549153269e+00
-2.074828983885994016e-01
-6.010909760788865075e-01
4.628380349351162160e-01
-2.102464565103891181e-01
-4.572039263244801477e-01
6.520285165146499917e-01
-3.499739199474723450e-01
-2.186374645620174362e-01
4.941736480266355480e-01
7.123022330093969900e-02
-6.809214910581250502e-01
-4.573302545171133993e-01
2.316067632235559448e-01
-6.156665384359091275e-01
-4.413127158761492308e-01
4.213196409087393013e-01
9.846016339242710247e-01
-6.619820124230903213e-02
5.744137412132883924e-02
-1.674258943224527993e-02
4.231003303823945294e-01
-3.081162323693149574e-01
2.368848415233556493e-01
4.373130004725638842e-01
-1.789076994032861023e-01
5.314765309696182355e-02
-3.904809555867094217e-01
1.159520170989454924e+00
1.256888408125611811e-01
5.962373808404599629e-01
4.058594459245737363e-01
3.964785543991258820e-01
4.839814679046958168e-01
-9.830194924675551837e-02
-1.967655182449456475e-01
-4.152260728538513801e-01
-3.835217512665856088e-02
1.097031843705512100e-02
6.164826051796936657e-01
-1.079265724421349271e+00
-2.359489236570087578e-01
4.286149017681165074e-02
2.035804129384842509e-02
1.872033989571707246e-02
5.178532068943446642e-01
3.811053486916794464e-01
-4.485316261885520239e-01
4.384759510958649749e-03
2.038079058728019533e-01
-3.046311063419453458e-01
-1.340636719125747056e-01
9.835689031097329116e-02
1.136653045935712980e-01
3.155381944761520563e-01
5.751575281804297557e-01
8.297703796153721098e-03
-9.822417034020505811e-02
3.259209847170175256e-01
-8.844270752838283567e-01
-2.436158553702640894e-01
-1.863309913374425891e-02
-1.652834679200123058e-01
2.791343622080455500e-01
2.459513609996328565e-01
1.096169182790649732e-01
-5.622111699695510334e-02
2.296176089711078061e-01
1.305034063033133629e+00
-4.309517401475717047e-01
2.018307489176205394e-01
-5.059855252291603489e-02
-4.580138464033731704e-01
2.252678415227158948e-01
1.173937141638132509e-01
4.246644910463833189e-01
-8.333639692616836570e-01
1.762963196745865047e-01
-2.951136848066305274e-01
2.886483523914180060e-01
3.515350097499061466e-01
-3.181434715558611459e-01
5.029793774134843076e-01
-5.146251394364709242e-01
7.462960689837632167e-01
2.039559312663079549e-01
-2.078094838560973767e-01
2.825473568197928859e-02
3.282623203437313175e-01
-1.197305638996011001e-01
-2.088863606859885091e-01
-2.097003297350662210e-01
-1.781749628932103105e-02
7.318169195825232620e-01
2.139136163447271366e-01
-7.073006202113001351e-01
5.122091421546921125e-03
2.224160098781051698e-01
-3.189838442754205916e-01
-1.566733616099652837e-01
7.475628776846444667e-01
-4.151811670605568549e-01
-3.813510200369796960e-02
2.927508586864165374e-01
-2.132183236798450565e-01
1.851316666669283184e-01
-1.385857332946594800e-01
-1.574959651375662240e-01
3.397378832114428260e-01
-9.021574083003115752e-02
-1.490034142650936699e-01
-2.943946377159254932e-02
5.256918012083480196e-01
1.941836228770627559e-01
-4.980058362662749816e-01
1.993939997033851996e-01
4.027721696871506829e-01
9.216186732226974709e-02
-6.198212919904126927e-01
-5.891841499009455863e-01
-3.561988438274795721e-01
-6.474157708460341887e-01
-3.919265927430892749e-01
-2.725396140942805065e-02
-4.360361888990626489e-01
-2.907075118942454295e-01
-5.764755869551865114e-02
9.658016637844930863e-02
-1.469467164138121840e-02
5.999194786436646831e-01
-9.053136708882246753e-01
3.067107149536292821e-01
-8.013281417719078092e-01
3.178123625269567432e-02
-2.142985561505435510e-01
-1.007954348492912239e-01
-5.310261943511610655e-02
-6.257149067841841217e-02
8.390633689607495116e-01
3.349686405724109362e-01
1.901883929068612367e-02
4.525345212446115206e-01
6.680008251441679201e-01
2.098928100556969600e-01
-3.460418526750205226e-01
-3.309013577573229892e-01
-3.782491030549809397e-01
-4.836638130590028423e-02
5.020164067967883836e-01
7.026240665200399471e-01
-2.398606310769025307e-01
1.434387227878125906e-02
-3.266989047703301452e-01
-7.885554934661317406e-01
2.507360878756030864e-01
5.557013864328108621e-01
7.548700598504857195e-01
3.215550423226584131e-01
3.955039593562998945e-01
-6.361102158456802824e-01
-6.524269233909614496e-02
1.736732799608287081e-01
-1.486492717897442306e+00
6.456581740657869606e-01
-1.312511793722948461e+00
2.425388336215596186e-01
-3.537658548435013151e-01
1.600782822325213517e-01
7.049180858616217460e-01
-4.010296033397656723e-01
-4.130929790029519433e-01
7.678375639844405853e-01
1.061924824857767069e+00
-1.416064999403516753e-02
2.490191260311823418e-01
5.738066017417171871e-02
-5.330610026159190440e-01
5.088312255519354954e-01
3.239165974091404721e-01
3.528585814191941700e-02
2.128577181468899182e-02
1.623610751434664268e-01
-4.113436178009116651e-02
-1.673633759422019779e-02
2.790328318862018986e-02
-9.104798359502317417e-01
-4.748359705687602572e-01
-6.536975826516370214e-01
4.354886178982876332e-01
1.104937542787242100e+00
3.934036574503914085e-01
8.023816321052299472e-01
-4.954962266301435325e-01
6.629846617709091172e-02
-5.049740101629887068e-01
6.018742165509297776e-02
-1.651329026272093103e-01
3.921192990916956833e-01
4.055535840239957723e-01
6.238484875564687809e-02
-8.719666268777290785e-01
-5.118394761208109323e-01
3.242363117008786877e-01
-7.216266645758582232e-01
-6.540167903407416716e-01
-9.651556106529568524e-02
1.406963316243984019e-01
3.906998755076031976e-02
-1.632826147096409775e-01
3.469254957569022357e-01
9.880572530211272075e-02
5.111444889771661337e-01
-4.701299898203569749e-01
2.659920376814476350e-01
8.186359433544372344e-01
6.248305396138225110e-01
1.307299378553085090e+00
5.759892070102384798e-01
4.906641050754274591e-01
-1.317036159263301198e-01
1.096535324342574752e-01
1.202669527036224345e-02
-8.853233669619895441e-01
-3.407564571240215834e-01
2.668493462399123550e-01
1.221510425842098867e-02
-4.841886815437986824e-01
9.177642392440413799e-01
-3.262842917012178101e-01
2.406127122570433374e-01
-1.941715233853711087e-01
5.234081036454654168e-01
-3.370371572953717587e-01
7.521793355976711393e-01
-2.152931422654097982e-01
1.511546151421661877e-01
6.377626832182502481e-01
2.295980270081118824e-01
-6.244308016476593504e-02
-4.415621001766372178e-01
1.723204669388592736e-01
1.399898385926647837e+00
-2.056331139594670121e-01
-9.847917666879449361e-02
-4.978473628061703127e-01
6.011807583452134507e-01
-7.783775105758763413e-01
-6.842770633681563019e-01
1.322372854981023749e-01
1.112756196016517540e+00
-4.961087358705503977e-03
2.945405274338964707e-01
4.834282067126717819e-01
-9.692497765008631916e-01
-3.762405586064127005e-02
-7.126426150604926735e-02
-2.030337485032147893e-01
-2.420232489324980196e-01
-7.539732117793565003e-01
-5.291710273078377158e-01
6.244189517445722926e-01
-2.240030123527458339e-01
-2.089843260540715231e-01
-3.502408903950355312e-01
-1.424726752786788231e-01
-1.002306164528210308e+00
1.821121561142494405e-01
2.485843221348114640e-01
1.494614637851267025e-01
1.469101827946258099e-01
-3.376779759633322664e-01
-1.189388961406671885e-02
1.149547328879362840e-01
3.211066365759006058e-01
4.488682359291125690e-01
3.421116352825380180e-01
1.703970097101715209e-01
7.159757730515583507e-01
-4.943667497885028683e-01
-3.037401263846097321e-01
-2.898755251467987071e-01
-8.129266204842769961e-01
-1.663262194189585041e-01
4.160893949116428042e-02
-8.894490431953868681e-01
-4.858184186802390614e-01
3.453464780578413551e-02
1.650612391316017558e-01
-6.687793464564584234e-01
-5.034461691440661468e-02
7.257666807930693853e-01
7.621005410461808571e-01
7.427374137357815043e-01
2.166028684794600034e-01
-1.156336129457647743e+00
-8.400824627335382044e-02
-4.916499904994903747e-01
-2.025418719985232763e-01
-5.897515785937881283e-01
9.000695300718882796e-01
5.323384437847569206e-01
-1.147427182012738245e-01
3.612979506450707257e-02
-7.323634533482163977e-01
6.476445151133072842e-02
-8.998290182363509748e-01
4.286366117201338422e-01
7.595391340532323121e-02
-9.311462833830626284e-02
-2.193314041548477880e-02
-2.371929617299597601e-02
2.574791560452879269e-01
-8.211453525992994454e-03
1.104186716038724203e-01
3.694157059856564840e-01
-2.825440364819021832e-01
2.733975252162089142e-01
2.752059501262080210e-01
-4.845269408260819421e-01
1.643323797760031513e-01
-4.121375323889803211e-01
-6.016891361066659671e-01
-3.019313307213477571e-01
4.958387743679673054e-01
6.730097476494237840e-01
-4.890580892565778159e-02
2.851080140034058588e-02
-3.417792684428960226e-01
1.504572180801791448e-01
-8.868777059270886998e-01
2.606310454730602078e-01
-2.772302375471292213e-01
-2.519162832919341621e-01
1.016546658110024648e-01
4.622670823508718413e-02
3.521322754372510078e-01
-5.783591049272812645e-01
1.756880721864363670e-01
1.642921710343513420e+00
-8.183977888924507393e-01
1.053866293635562779e-01
3.431624596928046222e-01
-1.419206716503747856e+00
-5.928776150359139907e-02
7.922944524260840948e-01
5.396817591380224099e-01
3.611127933438699339e-02
-6.515601950104439322e-01
2.347159679246191566e-01
-2.178807856190482783e-01
-9.488644189076653190e-02
2.872568129291156458e-01
7.492158873171120836e-01
-8.918955274741495465e-02
1.971945515106283131e-01
-2.194737608780596982e-01
-1.813319346146075040e-02
-4.554596365122993706e-01
-9.599190348717984156e-02
-6.845609034946931182e-02
-4.221331773755748751e-02
-4.734250188330377807e-01
1.697190480089373898e-01
-7.427376179894359942e-02
3.181141795836994746e-01
-3.578529351313651796e-01
-1.314167258911592973e-01
7.118627254206496557e-01
-2.940591771819171529e-01
-6.529335317819656703e-01
1.100917712096571410e+00
5.151982682320234153e-01
2.259259178826253933e-01
8.867479515544078594e-02
8.208883342936404981e-01
-2.129092234207899670e-01
1.680862235099508384e-01
1.257341483523542802e+00
1.712672714628433956e+00
2.504470024034304854e-01
2.968236550671750004e-02
1.023130951995632865e+00
-1.452890757012912371e-01
-3.439343030181518102e-01
-9.654385096319188786e-02
2.006185919380308880e-01
2.730486052763074212e-01
4.671734249495786973e-01
-4.798036900477649636e-01
1.035764289361457147e-01
-3.319702667063441637e-01
-4.157094568896197440e-01
-2.234843922046617637e-01
-2.897036977275450065e-01
-4.564241917046500951e-01
-1.285006608223610292e-01
1.604514461417419213e-01
-1.874856969670269935e-01
2.873013263105697046e-01
4.929471163534442368e-01
-6.328519850151263781e-02
-2.100637257426325455e-01
1.297793246391815369e+00
8.273354140806661594e-03
7.270765066827983292e-02
4.090460108816370011e-01
6.465620675351684277e-01
3.044394842699320591e-01
-2.598377086780657708e-01
7.115967919145828324e-02
-3.177396494543236471e-01
-1.617926671014489504e+00
-9.089976942507888014e-01
-1.285493016264973143e+00
-3.150242477593909185e-01
4.951495525083469268e-02
1.520367857361351882e-01
-4.364039456547723628e-01
-7.856880919366783234e-01
3.687103580668957270e-01
-4.494484038848376994e-01
5.183619885591087550e-01
4.950423357693841120e-01
1.576762984172200843e-01
-2.529388104607219884e-02
2.107100337093911202e-01
-1.605549233011561439e-01
2.779684906509443179e-02
-1.915555838420552118e-02
-1.132384015628911333e+00
-1.144322095990598420e+00
5.476455283329698803e-02
-5.364467900307438863e-02
-1.258258220068980970e-01
-7.046407470972350096e-01
3.931728529891635043e-02
-5.860760746430021539e-02
-7.288067950916313209e-02
6.604732413018729598e-02
-4.971440568980129981e-01
1.944711422377940757e-01
-9.779920068851134102e-03
-1.075315344747181379e-01
-1.308535778993729526e+00
4.653399091714927605e-01
-1.025029406064358051e-02
8.854488976170109271e-02
1.498265136100331629e+00
-2.829736752346396211e-01
-1.029826312481403883e-01
-7.499684379357548503e-01
-2.991421256522515115e-01
-2.978559302268076747e-01
-1.689106498651879562e+00
-2.804400326255662157e-01
-5.845713477218638099e-01
2.698784752177567636e-01
-2.950103613857082974e-01
-1.983461826205273615e-01
5.491235757279024909e-01
3.232815568027332942e-01
8.502478325744920740e-02
8.879829179384594040e-01
-1.128351159140123516e-01
-2.243052282684835086e-01
-8.096422203007550555e-01
1.934390485902030832e-01
-5.555869492103650276e-02
4.483350944129154136e-01
9.239190283169355089e-01
3.160958107249167010e-02
2.691956327209292232e-01
5.140708399621111147e-01
3.082921908022230595e-02
-6.830114092318294305e-02
1.332460823915725123e-01
-2.398044600430451478e-01
2.155827433709193164e-01
4.143070276610082425e-01
4.476360610952181268e-02
-5.154002556841763560e-01
9.961527784049376000e-02
8.556807152095449176e-01
-8.359455228968710322e-03
6.761001424417850680e-01
4.413221206689071363e-01
-6.184226707153771541e-01
-7.645913271095556851e-01
2.845979163667931161e-02
-5.367422712724552181e-01
-9.188136032740650272e-01
-8.366703465319279553e-01
5.930779741445457720e-01
-1.595522876042843319e-01
-2.684589869639194548e-01
-7.503324486670711613e-01
8.443214271945764793e-02
3.576153644940742171e-01
5.608183671949096283e-02
1.786882652523655857e-01
-4.661368481135838016e-01
-8.134923270495852954e-02
-1.542549306978793777e-01
-2.837805701529914626e-01
-5.999554894833503821e-02
2.262647113662627218e-01
8.569892520060493624e-01
-3.932257393613524665e-01
-6.966791984712817909e-01
-4.345854260696372928e-01
-1.653464734271120895e-01
-5.356831510085166004e-01
-1.978184548550048771e-01
4.291055301181233017e-01
1.401993230529662571e-01
3.902136695927892474e-01
-2.535440041692507140e-01
-1.873037121482893086e-01
5.975519903992920767e-01
5.998353095107632899e-02
6.157124744616330192e-01
2.998114153796127002e-01
2.779626513001259291e-01
-1.772663122721009066e-01
7.458482637825261108e-01
-3.187985371461101725e-01
-3.682980469005363022e-01
-8.165490940647267548e-01
-2.946024716148485934e-01
6.896550549934913343e-01
1.167373723929509000e+00
8.227896705354437179e-01
-6.413146249499017681e-01
-3.220133587382357221e-01
1.140550363283550750e+00
-3.527305976911084273e-01
-3.222620570554649011e-01
-1.942287701034180539e-02
9.235680653514570515e-02
1.422825694751828629e-01
6.462888428009719299e-02
8.426931917287204810e-01
-3.992409772403754942e-01
-3.840768652435964242e-02
2.825315401879207600e-01
4.392918716357407938e-01
7.427616925917964741e-01
8.687454063968447215e-01
6.102343975079946303e-02
2.229749292002998207e-01
2.162870138922207142e-01
3.299705869550179083e-01
-5.124327025556577597e-01
-6.637459067128191892e-01
-5.482055485413585005e-01
-1.172179993432659190e-01
-1.597339309710782973e-01
-2.650317252804365586e-01
1.442071418808966277e+00
-1.809636483144211327e-01
-2.851632449516003365e-01
-1.450329281781536084e-01
-5.343758047811321410e-02
-1.441037413571380821e+00
6.177659730194460241e-01
-3.780125132975067359e-01
-2.563919633326617875e-01
7.808442419599629369e-01
3.677235636337624070e-01
1.710218094587414306e-01
4.452132070785260742e-01
-3.576461054242388582e-01
1.468715996477468089e+00
-3.246743631581506251e-01
-1.321243872662274457e-02
9.234634088783256756e-01
-8.777875524571403520e-01
-5.556461708241042796e-01
-5.489509659731367508e-01
3.557284994709451753e-02
-1.015559720709353630e-01
-4.997284784721122142e-01
-3.653533435378600314e-02
-3.744531152349812597e-01
4.892267828557513298e-01
3.312662524044382995e-01
-1.013135749515739592e+00
-4.485890108779839736e-01
-9.369224454373946409e-02
-1.352562737771493828e-01
2.831344438806008279e-01
-2.331856644322648497e-01
-4.253944112033876679e-01
3.131600433020719221e-01
-2.198646023290787566e-01
-4.524576081329956256e-02
-4.605376585860569416e-01
-2.441305233073863823e-01
8.064070172510260370e-01
7.365040591748933663e-02
1.906834947226087318e-01
3.071341410852018727e-01
-1.107851660751566457e-02
-6.556536716317267199e-01
-6.892315058104499237e-02
2.902402018826676922e-01
1.058517973408720447e+00
-1.069303812185366520e-01
4.405855639090993092e-01
-4.559400766563461577e-02
-3.276511136953980663e-01
4.185692532023903567e-01
1.018180895376047168e+00
-1.274169321550349565e+00
5.402284902475444905e-01
1.014097261549546936e-01
-1.757104454945247252e+00
-2.340420641977232763e-01
-7.954765977220264184e-02
3.972119013823472433e-01
1.118912879042751607e-01
-2.341534480132255458e-01
-1.353019665101782010e-01
-7.018057158464416356e-02
4.718387264519920410e-01
1.855688116122718556e+00
-3.505883183753463750e-01
-7.561186268232631402e-01
2.330577107561893069e-01
-1.574877968285156027e-01
