-3.631972822906973652e-01
-2.840801927511884539e-01
5.839172416725214587e-01
2.464865644796463209e-02
1.195927398000661057e+00
-3.062861611688545427e-01
2.215264568839614145e-01
-1.073601024697377060e-01
-1.263112589659790841e-01
-1.234107380261205145e-01
-7.806212265418138729e-02
-3.701102029307689056e-01
4.199673522272535098e-01
1.366028312458449634e-01
-1.573151648920813328e-01
-7.548662162460005876e-01
2.829735426359215045e-01
1.282345064355512598e-01
-2.034059946043092759e-01
1.626985032559423450e-02
6.253490933867753010e-02
4.502661640201059967e-01
-3.103433809708315283e-01
6.355888214201527164e-01
4.412961982749025874e-02
5.718026583483819536e-01
-1.140679405165034188e+00
2.395289921565819102e-01
-1.569494948686615543e-01
2.323566011213055171e-01
-1.138119980661736363e+00
-2.031846138449497907e-01
-7.065238569516715250e-01
-3.395197776224738728e-01
-5.355790392098922492e-01
-3.481501524545813631e-01
8.226851328374596983e-01
-1.091093460194875464e-01
-1.084509739515815196e+00
-1.781199598765752928e-02
-3.458449482870826902e-02
1.746425693768932363e-01
2.936242568318864765e-01
1.227208462085652929e+00
-1.968937259125602968e-01
-5.814572726123204971e-01
5.485919360427635727e-01
-2.108059665242973946e-01
-4.035483231853955188e-01
6.807162105543220765e-01
-3.430784636091330775e-01
-2.118384690382467961e-01
4.652539701958626761e-01
5.894087103241064246e-02
-6.719725571704285860e-01
-4.063421870048744000e-01
2.239003789102058661e-01
-6.122260752261917682e-01
-4.378350245967801979e-01
5.055308210187082762e-01
1.003082403886924157e+00
-7.105164610361590360e-02
4.619433922354358041e-02
-9.976457375851748369e-03
4.186461593312338914e-01
-3.214565978091623033e-01
2.472860354675829597e-01
4.093384638333701919e-01
-1.960319238676566655e-01
8.321285261586368331e-02
-3.707211549192587219e-01
1.201665742858180952e+00
1.327616227213965772e-01
6.573161926509332176e-01
4.038006315928912016e-01
3.936803026577868070e-01
4.907088172525690961e-01
-8.613551525426835220e-02
-1.741749144423269391e-01
-3.928839989193081417e-01
-2.854878621954486106e-02
-1.287892598745967176e-01
6.127123743012639068e-01
-1.072457021903549412e+00
-2.741917844760172751e-01
6.903693897488868969e-02
3.930785081599944691e-02
2.138627200096601764e-04
4.666243925078343291e-01
3.831961629433972005e-01
-4.473215544969018076e-01
6.065973593248516829e-03
1.957297947025191942e-01
-3.098624995627001777e-01
-1.355042716135349268e-01
9.556021590882243788e-02
9.860155825921579353e-02
3.275528788886411524e-01
5.426490465639550731e-01
1.604472212754970081e-02
-8.327645767885279160e-02
3.216815472316566504e-01
-8.526918142720730787e-01
-2.473918118032780722e-01
-1.600903117826819530e-02
-1.829224670120813412e-01
2.826119756328323573e-01
2.547541230646869215e-01
1.023375690683673150e-01
-6.151028327161195408e-02
2.423870898461488455e-01
1.259810327562522536e+00
-4.272819671435806321e-01
2.027585526489821266e-01
-5.144859168351029882e-02
-4.614272897779845284e-01
2.186504464770219480e-01
1.140502736817802371e-01
3.721097968775461950e-01
-8.461597309954028701e-01
1.716283460850397402e-01
-2.612198499631172011e-01
2.986387347041975504e-01
2.734494229269374688e-01
-3.239079244509984745e-01
4.727876369287266067e-01
-5.011744707387354447e-01
7.345549233461641236e-01
2.097446226274108372e-01
-1.746554254054938360e-01
3.270921126237762155e-02
3.235362461530280620e-01
-1.166368287668313464e-01
-1.985262388976973269e-01
-2.023837348165098970e-01
-1.501162048590501050e-02
7.450175340790985423e-01
2.082882211574934583e-01
-6.722081384749606370e-01
1.163518594527114709e-04
2.245705657292746960e-01
-3.886807533309667995e-01
-1.648167219287425544e-01
7.639758721796356955e-01
-4.188300035950169309e-01
-2.996288079232970261e-02
3.029401665710499958e-01
-1.838114344827223301e-01
2.059048732556089389e-01
-1.203147149799276561e-01
-2.132606818255138592e-01
3.587579837392930737e-01
-8.596430228062577894e-02
-1.491588983674558000e-01
-2.948359693492689712e-02
5.444576447370088612e-01
2.405303136805020670e-01
-4.459916418958932427e-01
2.157707123815484351e-01
4.173588138756175736e-01
1.211346781362632047e-01
-6.337147743993037929e-01
-6.015433661599767223e-01
-3.529451141792738222e-01
-5.541361456448107292e-01
-3.901561558402072971e-01
-3.157714741088413213e-02
-4.437035986413189192e-01
-2.836161781865698672e-01
-6.072974810510062271e-02
1.086291507775615645e-01
-3.059208966694708116e-03
6.109339863286374905e-01
-8.992637500622215896e-01
3.540696695813926875e-01
-7.870176455040593932e-01
-5.557797410284481474e-03
-1.930642621571150574e-01
-8.650471041517382442e-02
-5.820591481880792173e-02
-5.063166496164148156e-02
8.456461813541518158e-01
3.422481609433601912e-01
1.669260715802157319e-02
4.588277523520201684e-01
6.023729929938672623e-01
2.155845449099833833e-01
-3.299714372748668856e-01
-3.249029434580290587e-01
-3.790230038145622760e-01
-5.880025522008298922e-02
4.975348723753572067e-01
6.953107298922378554e-01
-2.197063290202413977e-01
1.575931643057367978e-02
-3.017251343682841869e-01
-7.755223477723076630e-01
2.511794137108794844e-01
6.478202067224746452e-01
7.043343712811550583e-01
3.070587520424095107e-01
3.845002355238005265e-01
-6.388187713039492621e-01
-5.407556712653337899e-02
1.706115400249048619e-01
-1.450889423583214821e+00
6.150346144866993825e-01
-1.143551275154087943e+00
2.300298172958138987e-01
-3.526842922683289250e-01
1.226175523805265316e-01
6.791998847002201911e-01
-3.985883660550437746e-01
-4.088345845904106657e-01
7.340191815797505459e-01
1.077174764452053290e+00
8.747292226295057607e-03
2.530483274278592098e-01
9.976263179067726417e-02
-5.283186646651768514e-01
5.047837700575583675e-01
3.134706404822233949e-01
3.456786708453761514e-02
-7.815572364260503502e-02
1.250142968630631457e-01
-2.847315478089720506e-02
-1.259332659000899843e-02
2.386454979501953858e-02
-7.990799066552782826e-01
-4.577088064736333783e-01
-6.687982469004138952e-01
4.275911762088424051e-01
1.090424770189474701e+00
4.029156884747597811e-01
7.781788748999752814e-01
-5.026294915685350917e-01
6.219128418983889406e-02
-6.083406206351602563e-01
6.339275691297427406e-02
-1.711970096836155919e-01
3.974272284244149134e-01
4.059247425566490097e-01
4.431550237756330668e-02
-8.439647214199967884e-01
-5.070561029710786149e-01
3.170568276522511830e-01
-7.409049091926424024e-01
-6.312010316460724413e-01
-1.011268078239714874e-01
1.240352974541049091e-01
9.490337135267876145e-02
-1.622721500419443408e-01
3.350077546788322036e-01
1.098018995340261511e-01
5.480013020352313413e-01
-4.701206409523608909e-01
2.505915760614496057e-01
8.103020029611454067e-01
6.193160761828316874e-01
1.304896996556526023e+00
5.621879279470916035e-01
4.937722371227276641e-01
-1.357288038159981947e-01
1.779889586950024472e-01
6.782841868243609518e-02
-8.711385311057996406e-01
-3.343638164086953912e-01
2.646441782500509876e-01
1.580662523030149091e-02
-4.729905932693516113e-01
9.031836074968958572e-01
-3.248281988108991380e-01
2.549067224294576106e-01
-2.019415947646128195e-01
4.610022394598324857e-01
-3.274445254454443344e-01
7.334390430112994741e-01
-2.117715144873452415e-01
1.656955357117903260e-01
6.232509643385005793e-01
2.291408110613329663e-01
-6.697028511266131523e-02
-4.452610944967692053e-01
1.702034589438913559e-01
1.418054164913922666e+00
-2.247004247768429885e-01
-7.536984909268783228e-02
-5.050110425892493371e-01
5.008383885182126072e-01
-7.881745551910017689e-01
-6.897009042847356275e-01
1.331176048300555803e-01
1.110088067208352403e+00
5.962126334249783985e-03
2.727252197956907542e-01
4.569728818316010077e-01
-9.741469228119986612e-01
-4.264118620410407151e-02
-9.328812046444513728e-02
-2.015923384071498237e-01
-2.408047629931192035e-01
-7.384907684580185316e-01
-5.030086306521214246e-01
6.159963227579590139e-01
-1.662785071068548504e-01
-1.942964592267562574e-01
-3.509217957789643183e-01
-1.410271702114239967e-01
-1.030883147763876684e+00
1.824331839411884038e-01
2.481198075110814250e-01
1.512009123939642430e-01
1.941686967316605117e-01
-3.315108904122360811e-01
-4.043322570978066799e-02
1.200711791195505362e-01
3.082613968079296884e-01
4.641412910248969292e-01
3.594994434741082268e-01
1.647918363065658254e-01
9.144237803542138998e-01
-4.896905062026971622e-01
-3.101418266079951636e-01
-3.161084588257783157e-01
-8.063441398172327412e-01
-2.855452406487317130e-01
3.794682499401143966e-02
-9.322166376910201446e-01
-4.899288955569982562e-01
3.099367801172705703e-02
1.879840202486023903e-01
-6.733189645975958815e-01
-5.537425734955771228e-02
7.460946891958740723e-01
7.560041469011520299e-01
7.323277691292092717e-01
2.164351453576602857e-01
-1.152514075263348481e+00
-7.368322258223047871e-02
-4.742917074633058450e-01
-1.655887661776586917e-01
-6.056313703320092001e-01
9.447856074856622044e-01
5.298109483046619106e-01
-1.235639374430177323e-01
3.655850857852227520e-02
-7.213153446705170557e-01
4.477498662879962621e-02
-8.659635554338065422e-01
4.070039051704179567e-01
4.792240451165224319e-02
-9.942546283328711210e-02
-1.920519604766942126e-02
-1.900885597248077458e-02
2.782824055127166574e-01
-3.674760246168656645e-03
9.907389742337077698e-02
3.645624966537889811e-01
-2.750453056284614672e-01
3.078954996817456213e-01
2.711749254284150368e-01
-4.216807904455860956e-01
1.604983914240603327e-01
-3.991052203732697867e-01
-5.819456234075579548e-01
-3.197288791230346594e-01
5.058567729637475363e-01
6.767317274396805749e-01
-2.955005630997375315e-02
2.523468893619718392e-02
-3.263356814122185812e-01
1.169961998607395026e-01
-8.325256596279703158e-01
2.500359222862382214e-01
-2.783396029557428375e-01
-2.588455229260959722e-01
4.264532033924438997e-02
5.949336684513735138e-03
3.324204097190389673e-01
-6.232510678100859902e-01
1.803110925874085724e-01
1.627483703392394121e+00
-8.047163083638421144e-01
1.060244156381373176e-01
3.263853313904950260e-01
-1.408622340536558992e+00
-6.295551895560239086e-02
7.939337860148745207e-01
5.112789372470499805e-01
3.066359227437161564e-02
-6.140870409034949740e-01
2.433322357585475104e-01
-2.608042927656404331e-01
-9.364435358672133780e-02
2.571917145175816044e-01
7.467246339302432423e-01
-8.828447113838974736e-02
2.051698093421789604e-01
-2.073434075467520399e-01
-3.413195444526424815e-02
-4.674789417435867289e-01
-9.889116207395150238e-02
-6.407883137549860719e-02
-4.276758581557457695e-02
-4.748324567824580567e-01
1.846676697033331205e-01
-9.158077288486490830e-02
3.012704459214135544e-01
-2.194943044110980734e-01
-1.294491342207787221e-01
7.372076441576350669e-01
-3.002971948000975888e-01
-6.475556938148184782e-01
1.080780683698792322e+00
5.205140575288211835e-01
2.228249416712553277e-01
4.928818322221441284e-02
8.240499245781846005e-01
-8.096137796472842318e-02
1.911398668956087454e-01
1.234211640794088405e+00
1.696108575071668234e+00
2.709293904193224578e-01
2.295180452740563926e-02
1.028688440581163821e+00
-1.380288813713560214e-01
-3.717590219600131474e-01
-1.057313057288231661e-01
2.013564325908472619e-01
2.708754544390627461e-01
4.875976630681223556e-01
-4.614486211894665568e-01
1.004045374434370391e-01
-3.555774997813703764e-01
-3.763353199977800267e-01
-2.215794286856739848e-01
-3.066608486104717146e-01
-4.694331549948215776e-01
-9.712540986026718670e-02
1.565339188289858741e-01
-2.185047673751201458e-01
3.087197210141453541e-01
4.957220216516765587e-01
-6.259403626218100480e-02
-3.153990032251628994e-01
1.258942040227581050e+00
-2.196709620392905266e-02
6.929940990513364096e-02
3.793562820024111715e-01
6.655558723626442408e-01
3.018866310409016873e-01
-2.422588683661992814e-01
8.157945290723528364e-02
-3.363934191191377820e-01
-1.432258694493032003e+00
-9.142165063556684235e-01
-1.225314331900173581e+00
-2.972063308980009144e-01
2.049552155430203748e-02
1.152765515673011137e-01
-4.342231491415893263e-01
-7.986534581371601549e-01
3.909541978933688822e-01
-4.601770333302256377e-01
4.983516381972739051e-01
4.817983582098623874e-01
1.517819656779724746e-01
-6.030153875240676364e-02
2.327248414399010756e-01
-1.634149105780281497e-01
2.003099347987281204e-02
-1.613825413236898848e-02
-1.154487691342934497e+00
-1.152939163000696210e+00
5.631226739519488989e-02
-5.416280549638861908e-02
-1.325464079590167044e-01
-6.856601596474088955e-01
3.891824804313506747e-02
-6.275457544669738041e-02
-6.394479559560750648e-02
4.949418177416563258e-02
-4.972416050967286560e-01
1.973739224625452593e-01
-1.125529276271376548e-02
-3.630741362485895990e-02
-1.282083410344699193e+00
4.663683208380899337e-01
2.762086797676890654e-03
7.437363603600008477e-02
1.501321918173261105e+00
-2.747014573330117115e-01
-1.089683862765698924e-01
-6.982342084904531454e-01
-2.208749118271491618e-01
-2.929975199324563739e-01
-1.661086757142504533e+00
-2.770938882112420343e-01
-5.881471005291060150e-01
2.762144918427510420e-01
-3.338694206557857869e-01
-1.948931577465755349e-01
5.485066894034086316e-01
3.102083077986231840e-01
8.328090834119507291e-02
8.933173717506688316e-01
-1.031247739168158067e-01
-2.322207384056419743e-01
-8.499287715608847549e-01
1.918704790303812080e-01
-4.647269997563811816e-02
4.301136842383860848e-01
9.122421724934274279e-01
1.369445294307959290e-02
2.650118984223677754e-01
5.016297402754943402e-01
-1.889011966659725691e-03
-8.354918390831193864e-02
1.443113428941470988e-01
-1.739738017749027643e-01
2.178504015967779317e-01
3.968266494898768371e-01
4.858007989211170219e-02
-5.092736215561085578e-01
1.066284904184342242e-01
8.439071706809662121e-01
9.095621792681479398e-03
6.768555383586589702e-01
4.370420229412923518e-01
-6.134404242704633026e-01
-7.232240764319605164e-01
3.583214410098194136e-02
-7.722409916454918699e-01
-9.056719113291308298e-01
-8.430331469020161395e-01
6.611628883099625043e-01
-1.614966106567128079e-01
-2.859337124988333145e-01
-7.423063906851096183e-01
7.832944032646291244e-02
3.495429562424771097e-01
4.379999412391298586e-02
1.779306404774632644e-01
-4.344334230660492069e-01
3.429624251551124589e-03
-1.412917671748997739e-01
-2.870052619560565788e-01
-6.147685215874834630e-02
2.261058348943432716e-01
8.564177934869822151e-01
-4.141413464420288237e-01
-7.332701994313647331e-01
-4.650307889154445262e-01
-1.444352245175601346e-01
-5.160870255208424018e-01
-2.107063257339822082e-01
5.202082623219865809e-01
1.123916581853512536e-01
3.869152805041027876e-01
-2.622015146988810885e-01
-1.754309159443064314e-01
6.411659817080823665e-01
5.828568263285375389e-02
6.216693068687090262e-01
3.322890258523831797e-01
3.096603667970369567e-01
-1.993240593769372848e-01
7.659093421074655295e-01
-3.143002130618376411e-01
-3.652704131312624058e-01
-8.065898978593296631e-01
-2.823689837144434112e-01
6.718186991173815681e-01
1.088641319302092958e+00
8.246121540656402571e-01
-6.175026011871086462e-01
-3.051223643380095996e-01
1.187546577224530608e+00
-3.454158795343795774e-01
-2.781064317222604054e-01
2.447032412503907794e-03
8.312028306176111325e-02
9.861879025716006886e-02
-3.518833438303821393e-02
8.924047738201301705e-01
-4.061841007256145053e-01
-4.081329022056705974e-02
3.137147591728728369e-01
3.803286486583999926e-01
7.351921329714021791e-01
8.919227697924266840e-01
7.765157635305570266e-03
2.448962209586681427e-01
2.199504284778997509e-01
3.321567675236528627e-01
-4.895287367117729938e-01
-6.697928014566514321e-01
-5.531901365985474328e-01
-1.243591168673887082e-01
-1.430017621708310760e-01
-2.590363386494489162e-01
1.479949441944433230e+00
-2.092123509234868617e-01
-3.101247371002150977e-01
-1.235762434920247982e-01
-8.072751181892680317e-02
-1.437063015233581043e+00
6.644679656786226518e-01
-3.678438568247692220e-01
-2.372653206304591311e-01
7.978985765601380731e-01
3.422463511885837084e-01
1.782743906707945636e-01
4.537446660222832495e-01
-3.696290363564986303e-01
1.472442795727043618e+00
-3.573734294794250754e-01
-2.047824084792210578e-02
8.912869012362869547e-01
-8.974985833075067587e-01
-5.533399786653794283e-01
-5.197489677934533647e-01
2.607053139523841240e-02
-1.098718629415765119e-01
-4.909136002066010751e-01
-3.493905198156430775e-02
-3.754356989522972810e-01
4.955128345503407861e-01
3.052430031235444652e-01
-9.325907231656990204e-01
-4.053418634394541642e-01
-9.618716710442648532e-02
-1.355227863672553157e-01
2.246902641159833069e-01
-3.401854478727782682e-01
-4.388329345313138896e-01
2.852955225136400430e-01
-2.141225188915843736e-01
-4.115436648980017043e-02
-4.831875560819314797e-01
-2.335758504798357560e-01
8.167569608128845138e-01
7.941569711654532238e-02
2.005473136515739663e-01
3.083037153089333016e-01
-1.531144412458131793e-02
-6.347561722770016512e-01
-4.708271741156073303e-02
2.741131706801606671e-01
1.082377697328376298e+00
-1.100094576763475662e-01
4.248666073550874667e-01
-6.343677725710343551e-02
-3.250396990794867658e-01
3.655180569787815359e-01
9.124651284358317183e-01
-1.227798760630375074e+00
5.425024502586907049e-01
1.013388878381496633e-01
-1.783417140681029078e+00
-1.759782528350564423e-01
-7.082949512596592445e-02
2.348441842947814051e-01
2.382640452243333096e-01
-2.368801909209757306e-01
-1.227083574645415481e-01
-8.498489562628523675e-02
4.594881838631922344e-01
1.847758116326056355e+00
-3.316752515062808548e-01
-7.639043495131799810e-01
2.371470394098766366e-01
2.063319795809277490e-01
