-3.944927674538193929e-01
-2.810032579437174993e-01
5.878601703795012234e-01
2.588853866394720191e-02
1.230793747136510019e+00
-2.554804435519206773e-01
2.191125054487400026e-01
-6.583936558611250267e-02
-1.400124921815984746e-01
-1.407469502957285068e-01
-9.277588719605643630e-02
-3.983278554493109302e-01
4.190857201202805027e-01
1.441274935758480313e-01
-1.867163084691729480e-01
-8.175218134269228720e-01
2.774120852428659245e-01
1.258947932111757761e-01
-2.463527055714574143e-01
3.090719975400576733e-02
1.097123334540289069e-01
4.615126596767604172e-01
-3.074690315659340256e-01
6.434751721627550713e-01
3.685490082499554010e-02
5.713987990503012204e-01
-1.095643138602140798e+00
2.585650172195804730e-01
-1.248763738789564898e-01
2.318527054982301994e-01
-1.090662494536295490e+00
-2.161683617971684179e-01
-7.519890285433933341e-01
-3.423942320221297630e-01
-5.267671888237661637e-01
-3.179064509946366024e-01
8.097327045765422282e-01
-1.418492263691117916e-01
-1.197797284466311618e+00
-2.410463922721847035e-02
-4.265567355384531495e-02
1.973940962441982916e-01
2.796925558210505147e-01
1.214697271675037049e+00
-1.888102764089254204e-01
-6.031520066491374843e-01
5.099039975551843407e-01
-2.078798022405622947e-01
-3.833977813730722883e-01
7.353221287873671352e-01
-3.250010703746724627e-01
-2.413286087052702311e-01
4.584104439638411743e-01
6.764731692310067823e-02
-6.550531403079450365e-01
-4.862363707721054640e-01
2.241144573209712110e-01
-6.318779928005032742e-01
-4.537300543653032814e-01
5.632022411959838326e-01
1.099249195574268256e+00
-3.452649543659217640e-02
3.285408493951096076e-02
-3.437153604756911646e-02
4.246360532312150604e-01
-3.312913414668934298e-01
2.346854447917786080e-01
4.199463157777137967e-01
-2.244392826052872270e-01
1.159988981934303720e-01
-4.178507786358689469e-01
1.208159437697807759e+00
1.667489274700120760e-01
7.313120432318024333e-01
4.227453007900759396e-01
4.199411320525899272e-01
4.886707788772043370e-01
-9.689885968046274556e-02
-1.851727712528637992e-01
-4.086691791227283765e-01
-2.793196868984125156e-02
-2.303601772542654136e-01
6.518746879450180165e-01
-1.059249961181998323e+00
-2.718998601408990079e-01
1.078930859781730284e-01
3.487268714388797736e-02
1.914443949790602464e-02
4.664155498031060110e-01
3.763092025904558047e-01
-4.592419630251823870e-01
2.323269911610333430e-02
1.636923919940320438e-01
-3.011848779727152592e-01
-1.473331630665600522e-01
1.069588146402754153e-01
1.097350181561198845e-01
3.519003079735716355e-01
7.003723505997737631e-01
5.124840537506934746e-02
-7.607531687093729844e-02
3.212952938092804023e-01
-8.480005385239325344e-01
-2.327931548076679624e-01
-2.713701786824085013e-02
-1.660492766861413061e-01
2.734939306122005642e-01
2.759872499345846220e-01
1.415617838729263944e-01
-8.825366010076583778e-02
3.086866860161608384e-01
1.311381108595243594e+00
-4.874277471287062902e-01
1.748489988968290887e-01
-1.291474960805226169e-01
-4.860794334570920361e-01
2.300699396501825755e-01
8.786066061233183122e-02
4.142203214784000997e-01
-9.033230840477505241e-01
1.963796865114193213e-01
-3.055385167597561291e-01
2.904978098084579075e-01
3.197107506346157924e-01
-3.570031260437795950e-01
4.795570371550041955e-01
-5.521053963523568919e-01
7.657884254963792658e-01
1.936083858735610230e-01
-1.777693288571396968e-01
-4.365089479136465000e-02
2.957096120390136362e-01
-1.281373120973048341e-01
-2.173676601756498739e-01
-2.073384719182212732e-01
-4.825864111356469033e-02
7.691588647029781178e-01
2.445134042151124731e-01
-7.495029880702387404e-01
1.690320577374941971e-02
1.406636142186479532e-01
-3.859525412605810391e-01
-1.484901057824698500e-01
7.808072147265217033e-01
-4.578235136840614894e-01
1.951995631853385010e-02
3.758448153887009036e-01
-1.896258633452565789e-01
1.816823073261132349e-01
-1.036707850538763215e-01
-2.730712359596823569e-01
3.836651244932275939e-01
-8.971819197478611563e-02
-1.319813796882698398e-01
-2.505021225774006419e-02
5.536613463344443042e-01
3.103714629572077999e-01
-4.547986262029623528e-01
2.473834749889928797e-01
4.093178008067991369e-01
1.434814206722846153e-01
-6.736955737595154980e-01
-6.597271383285833179e-01
-3.670553544140583435e-01
-5.210915861905703883e-01
-3.969452463794886365e-01
-1.839469384268963351e-02
-4.086259688449478955e-01
-2.248312616526084995e-01
-7.357505967661090440e-02
1.226152378805695359e-01
-1.323158960069004825e-02
6.363327626105930168e-01
-9.245070332722000739e-01
3.822094777656968589e-01
-7.914935042451956004e-01
-6.904276274174618588e-02
-2.943888844441885921e-01
-1.116435627299630640e-01
-6.471661925644725533e-02
-2.993819771605601976e-02
9.339068407663090321e-01
3.490726644235878640e-01
1.497980374921479250e-02
5.125139607684791043e-01
6.334106486707856698e-01
2.310570523086243888e-01
-2.763401579007542797e-01
-3.197154196814041005e-01
-3.756585729839082566e-01
-5.546249001743832480e-02
4.959318876361963890e-01
6.671413035183997309e-01
-2.190249856656508176e-01
2.045627234895227436e-02
-3.615764824823962664e-01
-8.111078526421124923e-01
2.457619583284321174e-01
7.030973268047107094e-01
7.390941589366627484e-01
3.178257150592818103e-01
3.735670849514431402e-01
-6.559333746082030014e-01
-4.028057105545082561e-02
1.734984339867869096e-01
-1.520885797357421021e+00
6.573703491705870094e-01
-9.014742426569252176e-01
2.399846040784656409e-01
-4.531482592078467930e-01
1.450630725996090997e-01
6.797760626088094060e-01
-4.253492470267675185e-01
-4.267213777632830607e-01
6.444550103462576285e-01
1.097382923530776155e+00
-2.966278778628847132e-02
2.820413612703571715e-01
4.992838150399683816e-02
-5.543523205463426473e-01
5.259205796659782717e-01
3.249976770792561420e-01
9.375974160989981876e-02
-2.254489574234521676e-01
1.487765583823236204e-01
-2.447314011715335039e-02
-3.415131830523170792e-02
5.075273187173644576e-03
-8.674862360683919249e-01
-4.520198960851687375e-01
-7.130654548199362175e-01
5.382377717325043109e-01
1.194276693765994768e+00
3.836707977327047936e-01
7.850964004511006289e-01
-5.330884977927443646e-01
1.002650732389449850e-01
-7.346928822640061973e-01
6.198667955041790856e-02
-1.671139411353071424e-01
4.128408962985272157e-01
4.172374696342603384e-01
1.245531595892225979e-01
-8.620492844788320008e-01
-4.843921942640698197e-01
3.272710605772492509e-01
-7.469462928898296106e-01
-5.898551010612033130e-01
-1.081400722163736033e-01
1.063651047957975271e-01
1.196970855390838556e-01
-1.530818174957552236e-01
3.026487515281798824e-01
6.623535524890922233e-02
5.969767587449866797e-01
-5.056880022733920566e-01
3.446008931923978391e-01
9.169300513451564827e-01
7.100584005348753447e-01
1.360481277786214971e+00
5.540726206541510823e-01
5.869973454009097535e-01
-1.102490928170295342e-01
1.476714200400992549e-01
2.050860159063704405e-02
-9.255072583835932676e-01
-3.658964603450436948e-01
2.280785468658666215e-01
1.634434575472214560e-02
-4.394600131352998651e-01
9.673192879431973257e-01
-3.314913640096587844e-01
2.496567656162313187e-01
-1.616252349393608179e-01
4.479841884783361539e-01
-3.572415719083523178e-01
8.001051565769218277e-01
-2.262152673026990302e-01
1.574722785734788133e-01
6.505002202982286263e-01
1.905925911216206359e-01
-8.500341392767493676e-02
-3.120566167099406152e-01
1.933286298262879843e-01
1.564039907137031005e+00
-2.305748742684796404e-01
-1.034733045416693503e-01
-5.104794989454950471e-01
5.227795345581458530e-01
-7.656401902626118749e-01
-7.925799598826072101e-01
1.797548663493644672e-01
1.119878614313428278e+00
3.774396055334996308e-03
2.436276659787923182e-01
5.074691497583609934e-01
-1.066260434280740022e+00
-3.579127396897405222e-02
-3.475780679257046285e-02
-1.850411353896132260e-01
-2.546178289309833365e-01
-7.457479892956042633e-01
-5.708274519047723539e-01
6.297429328164821927e-01
-1.821047459220212217e-01
-1.817106839107443528e-01
-3.612591834832044602e-01
-1.850090261296873928e-01
-1.072498111944547805e+00
1.695014660127186767e-01
2.683670473557057123e-01
1.920558652862121851e-01
2.888717331128548560e-01
-3.642411943248181072e-01
-8.294398309978967543e-02
1.136136530987948701e-01
2.680539426585892282e-01
5.062776310943125635e-01
3.654011258672643092e-01
1.831439212177974618e-01
1.025811490137616744e+00
-5.005696944931224968e-01
-3.685767289092704568e-01
-3.243085028231683653e-01
-8.480347136935043606e-01
-3.890598632318756356e-01
4.216617341763870958e-02
-9.507685617563770286e-01
-5.074344839651074857e-01
9.326929102915626490e-02
2.040427454842341504e-01
-6.864488800953393310e-01
-9.284916006455952442e-02
7.301276969075013445e-01
7.865337767268107960e-01
7.251357143308173603e-01
2.272062132509193033e-01
-1.256996144893474554e+00
-6.913635162282269486e-02
-4.346748964591090059e-01
-1.687107990980713790e-01
-6.324242488287434849e-01
8.409609247718194958e-01
5.586047046900551871e-01
-1.379984494477863866e-01
5.250668571448538491e-02
-7.345474561665452651e-01
2.226708512568852452e-02
-1.032996686375914130e+00
4.040535239760520425e-01
3.478300330074846070e-02
-7.546505749871079693e-02
-2.682579252391724747e-02
1.756966133249491082e-03
2.554004758314416534e-01
9.722197333638668906e-04
1.372244228060941484e-01
3.673420696617247794e-01
-2.931342295332195480e-01
3.224169784911002923e-01
2.915876487044861132e-01
-3.920824070268587036e-01
1.525016443176945014e-01
-4.449570767918867298e-01
-5.666080264749026041e-01
-3.108462494472770676e-01
5.291956254154530637e-01
7.821091799063614181e-01
-1.369062179076382295e-03
1.970207774202660869e-02
-3.311181557410802223e-01
1.515379477191239332e-01
-9.078617224517623319e-01
2.534592636855168002e-01
-2.648680619927593627e-01
-2.350612699915980153e-01
8.918316797848516164e-02
5.339212434192843609e-02
3.699587558396326137e-01
-6.531083762363827372e-01
2.367195586079533787e-01
1.682015420974866116e+00
-8.008651600070263443e-01
1.092975653035421352e-01
3.409799892452407555e-01
-1.455581670827688967e+00
-5.444648628702061094e-02
8.189232725490056541e-01
5.009960285288732607e-01
6.888793531628836786e-02
-7.305142912854188930e-01
3.075408340856101708e-01
-3.418197083290798743e-01
-6.706735739894684190e-02
2.995562438242940217e-01
7.831215145488766849e-01
-6.741144116561767485e-02
1.864824029185045418e-01
-1.796494331732874095e-01
-3.382787457542524995e-02
-4.894995336300346223e-01
-1.135490475606888983e-01
-6.824617810151788200e-02
-4.844864250659524502e-02
-5.004709535516734809e-01
1.905913505321479018e-01
-1.998434744923287820e-01
3.650331132459423977e-01
-1.751345674540577546e-01
-9.111591368431697091e-02
8.203575597280410303e-01
-3.199716713069339358e-01
-6.120473241199673176e-01
1.057046921333066214e+00
5.629582087786715316e-01
1.246286816845995488e-01
5.542432908512141126e-02
8.252341768674295031e-01
1.336873317722461207e-01
1.757088193179960900e-01
1.300852916109443536e+00
1.707377351795381859e+00
2.319663932403472351e-01
2.099934730903137842e-03
1.076227980618188695e+00
-1.612511460897446680e-01
-3.517565573655161426e-01
-1.061083377142277850e-01
1.692524378077752967e-01
2.824314174306123415e-01
4.730887577890480200e-01
-4.722484993342934145e-01
1.237239773532504694e-01
-3.436329009443759852e-01
-3.789754975796633119e-01
-2.080376694938780857e-01
-3.180243634386869522e-01
-4.648818826772325163e-01
-1.647073801127368342e-01
1.758703969463548400e-01
-1.671845037020599223e-01
3.197171445588410932e-01
4.896505763158206515e-01
-8.925571678215223070e-02
-4.106013091936930315e-01
1.243817577729136925e+00
-3.687979823411027119e-02
1.022162411990158309e-01
3.402146227585675087e-01
6.862427172152432142e-01
3.417897746317633545e-01
-2.276232424795218146e-01
5.899319056196760530e-02
-3.229886419920481866e-01
-1.596859657095559104e+00
-9.256096885084312831e-01
-1.091067434625840216e+00
-2.944564725544816519e-01
9.319971883506925417e-03
1.466113841674275553e-01
-4.409796751077582067e-01
-8.454173732080392245e-01
3.050316973367572793e-01
-4.348700130866069435e-01
4.915416770685780423e-01
4.598504330853052657e-01
1.882054847354047156e-01
-5.684980087113768871e-02
2.618347337677828790e-01
-1.671846334305284176e-01
3.554721840639922525e-02
-9.483900439791264139e-03
-1.197098161282702300e+00
-1.271450195100700453e+00
7.326426609038724780e-02
-5.803396726763255381e-02
-8.788413138398359914e-02
-7.463322981854082494e-01
4.913457344374830282e-02
-7.451187726143301826e-02
-6.816899829668102151e-02
5.343928355803048702e-02
-5.768819734159011947e-01
1.755836255827001868e-01
2.504870976455702940e-03
-1.028769583089172122e-02
-1.266515953887600521e+00
4.845327571852321991e-01
-2.010509976661664991e-02
1.098248847276881990e-01
1.487164352794780431e+00
-2.860855565677694057e-01
-8.282918275376789652e-02
-7.390120503618394787e-01
-1.523272698656530644e-01
-2.875894865690823976e-01
-1.726338357328187190e+00
-3.158604679593321474e-01
-5.876492944683860964e-01
2.722710092075733002e-01
-3.336826627751652286e-01
-2.373305030610822763e-01
5.729363337785106092e-01
3.871339146275659115e-01
9.249752280608153354e-02
9.089526898052598947e-01
-1.305704251508800762e-01
-2.223481858108406484e-01
-7.989356250061360187e-01
1.973055002154795734e-01
-3.562495646718956410e-02
4.596993335255317725e-01
8.275481156813845329e-01
1.524751650573030314e-03
2.909701886471355858e-01
5.193531475366882644e-01
-3.069960119060037920e-03
-8.261259885942230652e-02
1.021762540118297258e-01
-1.439936993146406496e-01
2.354488181060206131e-01
4.178042228294985838e-01
3.916306141295750748e-02
-4.958748122542344094e-01
1.511709116512049422e-01
9.034914137342183738e-01
2.089504663071661827e-02
6.780100224915110996e-01
4.860080236547527077e-01
-6.420991540857993174e-01
-8.059604392557501162e-01
-1.997837470174182103e-02
-6.396714204995509467e-01
-8.961862174326838959e-01
-8.992497527775890065e-01
6.715266582124677086e-01
-1.166018205818392800e-01
-2.722888680836817454e-01
-7.951307011110767542e-01
1.030386586916889474e-01
3.298431313821627575e-01
-2.751969404004939515e-02
1.511171170620554394e-01
-4.611560823668631737e-01
5.715744516255553964e-02
-1.985762658052533103e-01
-2.537186250365840445e-01
-5.910438598432218860e-02
2.849702486991151362e-01
8.372555500017835328e-01
-4.599945153638750339e-01
-6.977212661191292131e-01
-5.215363272310338250e-01
-9.872172623423774995e-02
-5.162360577124086580e-01
-1.236503567641567408e-01
6.694863832881395860e-01
1.407941867963184712e-01
4.013697978521588716e-01
-2.526470889546763576e-01
-2.046389601788847490e-01
6.819891643167272921e-01
5.720336597044689553e-02
6.307955342292286272e-01
3.770491187179841330e-01
2.027246974775478439e-01
-2.250830028031490515e-01
7.203363567004149592e-01
-2.913139431332220641e-01
-4.053822898976087719e-01
-8.268328821892134695e-01
-2.582233819348354609e-01
7.185552876680449952e-01
1.074669944755957340e+00
9.301137574610024439e-01
-6.857869320563207971e-01
-3.119293709055064312e-01
1.165068709551306370e+00
-3.552339564611426970e-01
-1.830235713315748192e-01
-6.191433485241301660e-03
8.261309353473561545e-02
8.726951103966108791e-02
-5.674718803969967806e-02
8.650295595094124046e-01
-4.274478308336229215e-01
-3.787789814290511842e-02
3.863172528887884871e-01
3.282212870543881333e-01
7.100336561102025268e-01
9.219316364563590049e-01
1.949793904867968067e-02
3.182619749548390997e-01
2.221699275031638610e-01
2.528562219735288052e-01
-5.283052561507874945e-01
-6.911804100870041490e-01
-5.026400986076995370e-01
-1.275603221846216273e-01
-1.813659472701129871e-01
-2.583903055871791254e-01
1.524027216557453102e+00
-2.307678393949540718e-01
-3.800000873346458530e-01
-1.766711156817595552e-01
-5.548918217664458585e-02
-1.486978663515524213e+00
6.212331741393694040e-01
-4.084414871365202870e-01
-2.244373902905315021e-01
8.437948196797860900e-01
2.976175056228934634e-01
1.337939945700281907e-01
4.018669681810604910e-01
-3.416329869372732309e-01
1.563746323894814383e+00
-3.361705694268086186e-01
-2.797454943246470080e-02
1.053018281553169233e+00
-1.107540902742413902e+00
-5.508705403287926794e-01
-5.301176607110408279e-01
6.140233486757917802e-02
-8.849422834063411236e-02
-4.837757011466548573e-01
-7.516007728654894304e-02
-3.896561606125210631e-01
5.480213160202732636e-01
3.156275788744157262e-01
-1.031552860395971827e+00
-4.398701796576436340e-01
-1.146649063230881505e-01
-1.736339488466265013e-01
2.074994772457263437e-01
-2.509889083593446757e-01
-4.415247864479929230e-01
3.211860139836271721e-01
-2.355697208201976978e-01
-5.231808448028298086e-02
-5.008152643565647599e-01
-2.154501684033274245e-01
8.043848055618557646e-01
1.045596458735328499e-01
2.087575982200650937e-01
2.873502640899526228e-01
-3.536597998627707268e-02
-6.273867158176579251e-01
-2.514521522998476935e-02
3.090050826243913584e-01
1.102219134679816692e+00
-1.066866613430653143e-01
4.251118784730305022e-01
-9.896164476384847197e-02
-3.512913783904135778e-01
3.780950098379092239e-01
9.814298138226449364e-01
-1.272322454092118971e+00
6.103217394514904859e-01
9.929203213075495082e-02
-1.886119835752997798e+00
-1.961259110569286424e-01
-1.052643163551522376e-01
2.244463481128168014e-01
2.512698194479651703e-01
-2.515681517114976007e-01
-1.776011367765470972e-01
-1.020752712691871539e-01
4.992143390214661136e-01
1.979821390327312081e+00
-3.661731527884792836e-01
-8.124750605149566596e-01
2.482382243660440080e-01
3.175169572430324161e-01
