-3.456485524820561150e-01
-2.825394736226775616e-01
5.753783085338113334e-01
3.176199310887873467e-02
1.164726984010592048e+00
-2.817931780256225927e-01
2.279038535466083593e-01
-1.356520761147467780e-01
-1.121532372278438855e-01
-1.250199344864122430e-01
-7.304241255286798851e-02
-3.544878993487039498e-01
4.210275937929218171e-01
9.232344294165008292e-02
-1.263282365849712485e-01
-7.203945670253861788e-01
2.883229557840769619e-01
1.247398446099873826e-01
-1.475891968389023423e-01
2.075256325094466253e-02
1.184545144285158863e-02
4.314084331063299249e-01
-3.112052038677065591e-01
6.106044998252649902e-01
3.890562089564839759e-02
5.584208067951179633e-01
-1.105582992390908181e+00
2.336391595117006115e-01
-1.757347285243911761e-01
2.247460010559514110e-01
-1.088518344453614839e+00
-1.782999310224566702e-01
-6.674215303997672599e-01
-3.343575900234577736e-01
-5.440321128435332554e-01
-3.719241168475523329e-01
8.516956972704650131e-01
-9.840774831764496910e-02
-1.017155307558801125e+00
-1.437268965346658739e-02
-3.123461251659765889e-02
1.865176168671241197e-01
2.950750092310407413e-01
1.203406610010311351e+00
-2.046326962033502284e-01
-5.561319681730353404e-01
5.563516359219194962e-01
-1.967841985406163507e-01
-4.276600841074048032e-01
6.871143939241427523e-01
-3.664333853868889102e-01
-1.949118423930366606e-01
4.784901030859693982e-01
5.438776931677538617e-02
-6.965347206406838909e-01
-3.739403032703305652e-01
2.243221863771183155e-01
-6.066277281123347853e-01
-4.707874816205111501e-01
4.009812706502705604e-01
9.741624573345013527e-01
-5.249240006617288123e-02
4.577957457045209178e-02
4.145595867734514633e-03
4.375557944275993982e-01
-3.246857034557674160e-01
2.503654412948128072e-01
4.014357368254109493e-01
-1.899482637338846536e-01
4.684321030526669705e-02
-3.343109146703466261e-01
1.151969544155433400e+00
1.143679954919370328e-01
5.963112004663984056e-01
3.891747428028073386e-01
3.723705842717368042e-01
4.670733677935465789e-01
-7.837206004964930584e-02
-1.609904853385735191e-01
-3.631150946824496795e-01
-3.061914299679985643e-02
-1.206423404497750235e-01
5.863816773863633758e-01
-1.035795929329231813e+00
-2.739977236617093248e-01
1.101993365168570521e-01
3.905648204778735394e-02
-2.468176496775213377e-02
4.899913264090806075e-01
3.984403055658128912e-01
-4.374832663748732808e-01
1.107599702091883673e-03
2.147336206975315465e-01
-3.177407445445635803e-01
-1.539001529329372120e-01
1.208730740866594128e-01
1.023906673058438965e-01
3.219259993118684382e-01
5.235976899939199791e-01
-4.660730238921944810e-03
-8.532381576038251814e-02
3.318357331459214632e-01
-8.554284289221179005e-01
-2.462898404001716279e-01
-1.188884135608030829e-02
-1.907797961118218588e-01
2.868916335405590767e-01
2.261343464085977528e-01
7.878733023301227878e-02
-4.718624655651755539e-02
2.070451946656119979e-01
1.215917832866872716e+00
-3.928364069950174842e-01
2.162808016001791234e-01
2.638732072555601688e-03
-4.548089038541993645e-01
2.046686626489869765e-01
1.312910071296118086e-01
3.850816785196550796e-01
-8.147541413033411173e-01
1.476110955069113162e-01
-2.581507667258165495e-01
3.036863814287115160e-01
1.124306777603279739e-01
-3.307691355682197409e-01
4.690193106742714946e-01
-4.659186299082459515e-01
7.359829149019618821e-01
2.230367815448502100e-01
-1.581613754733820487e-01
5.463420820138994299e-02
2.796425249232162846e-01
-1.085701481833449972e-01
-1.750881701200708296e-01
-1.899645856433634927e-01
3.610098618087787502e-03
7.257425042775536017e-01
1.859716183772296139e-01
-6.344764524822812390e-01
-1.878380630869060444e-02
3.197323637095738635e-01
-4.372051920426130445e-01
-1.916694380662773423e-01
7.603547261577018324e-01
-3.952872860582254400e-01
-3.296791852862904909e-02
2.556151210549588160e-01
-1.792087061238489543e-01
1.801691556523312421e-01
-1.480164410895279115e-01
-1.638951812674975528e-01
3.424727636936112929e-01
-8.428229720323543450e-02
-1.310634563532442343e-01
-2.706364394354899422e-02
5.480590710467785343e-01
6.953083701559906182e-02
-4.090133927616170784e-01
1.944702245513754701e-01
4.099775634879937458e-01
1.068283712901049731e-01
-5.662828209465449181e-01
-5.900191149859114192e-01
-3.469645679299603325e-01
-5.209770201543705292e-01
-3.876552032227972844e-01
-3.374274523375792034e-02
-4.574591893459700742e-01
-3.185387026158493229e-01
-5.444609743965431181e-02
1.073445757993100602e-01
-3.418864085795755674e-04
6.349968591389082428e-01
-8.923732463852036556e-01
4.045851105762166555e-01
-7.975533681075227532e-01
2.830130759535186280e-02
-1.509321744055542036e-01
-6.555288533097843040e-02
-5.392197750810497070e-02
-6.812753222656517393e-02
8.013870421910538333e-01
3.342752385214134980e-01
7.344498321938624716e-03
4.229047872281593290e-01
6.240821983738348289e-01
1.981378669363006439e-01
-3.627376638897785721e-01
-3.278592041183426287e-01
-3.756395003051676285e-01
-5.004009888685028579e-02
4.907555659583299756e-01
6.959419786293803423e-01
-2.129617521176785100e-01
1.577958142181665538e-02
-2.645778504549330390e-01
-7.619735779937208964e-01
2.615129100001424844e-01
5.790779167280349915e-01
6.238887425292313216e-01
2.951350529392031685e-01
3.888707613526044549e-01
-5.861981855998111834e-01
-5.000745679201130250e-02
1.714925218957308040e-01
-1.127667587506447466e+00
6.183701654835467298e-01
-1.237742864324273162e+00
2.187581848094236614e-01
-3.036841127164242038e-01
9.368539188046447197e-02
6.971322535196506909e-01
-3.807826573662808634e-01
-3.954415388135765208e-01
7.242143175533198862e-01
1.080463144663188491e+00
6.229447962577809930e-03
2.358060243951050905e-01
1.041935502030315180e-01
-5.110878449849559635e-01
4.888285239682520489e-01
3.060910435488286563e-01
-3.128092675325445590e-04
-1.200067087335314336e-01
1.945308343432179676e-01
-3.013706346528073621e-02
-2.237197795540236999e-04
3.345273067982720838e-02
-7.469577668144152804e-01
-4.575978448879832183e-01
-8.017755026342270330e-01
4.019132187463453354e-01
1.055817280688116977e+00
4.011701372376387242e-01
7.567517721833808553e-01
-5.272873623688361100e-01
6.018004909101590943e-02
-6.026290720813598512e-01
6.144866415256677872e-02
-1.701755896307632632e-01
3.833138645556940505e-01
4.004921627312439947e-01
-1.399294195973083133e-02
-8.113501385000115862e-01
-5.164410743346311561e-01
2.503410604324770583e-01
-6.973179327114413795e-01
-7.012381863454769659e-01
-1.023326561246850203e-01
1.465448468351775446e-01
9.591554345885416888e-02
-1.701199254188765775e-01
2.968869376882830036e-01
1.401560049723974133e-01
4.801942989444499266e-01
-4.381670476958843263e-01
1.830184565787655593e-01
7.172426941372023190e-01
5.658663474084764111e-01
1.257653111231378462e+00
5.643516433982999070e-01
4.207581798356341274e-01
-1.605422128332035514e-01
2.228537464359773290e-01
1.067546421090013881e-01
-8.129086444324712390e-01
-3.181528121201367409e-01
3.031032004013953784e-01
8.312599379375763819e-03
-4.884000609989569974e-01
8.728723043950599170e-01
-3.178042488840338020e-01
2.539427053804320655e-01
-2.245774134418740686e-01
4.539225959361541940e-01
-3.050882214883652854e-01
7.190830744842623412e-01
-2.029336458081316130e-01
1.789181472318465971e-01
6.153944729284148707e-01
2.476052655404588632e-01
-5.349256868827163142e-02
-3.905456593188763592e-01
1.528925116451250732e-01
1.382744531425625922e+00
-2.153776760422907721e-01
-5.143093264371344925e-02
-4.582912768387264468e-01
4.550783605149788524e-01
-8.036950482710003563e-01
-6.305980467861397321e-01
1.120466606020381894e-01
1.090906591094580991e+00
1.560748479916623625e-03
2.935262000976530672e-01
4.211691672639731321e-01
-9.282300364866233888e-01
-4.861052994789698267e-02
-7.822792722983325231e-02
-1.800195762475952921e-01
-2.497988202278874359e-01
-7.298708963314279874e-01
-4.519984364960529244e-01
6.060905368360938184e-01
-1.597787117677960389e-01
-1.982667116732997059e-01
-3.512656996163484036e-01
-1.048477161647280304e-01
-1.021475783725481978e+00
1.910638421900637540e-01
2.325099566459896405e-01
1.417984250093620446e-01
1.712380622435210331e-01
-2.985605609069068578e-01
-1.298435608090716537e-02
1.284729743250369871e-01
3.332220556156698099e-01
4.389472062086661741e-01
3.576770881593784868e-01
1.523546452889490699e-01
7.573995093693014491e-01
-4.540487612267832263e-01
-1.872733022671650704e-01
-2.972455298521197165e-01
-7.717577328798267411e-01
-9.714004921170522888e-02
3.353894836530925405e-02
-9.382686491342762114e-01
-4.781450556104125393e-01
-1.875152865615220196e-02
1.934155157224756727e-01
-6.622862613733918602e-01
-3.904020865720418676e-02
7.394786792414630439e-01
7.289280023710177359e-01
7.060644139393568164e-01
2.090447416210173825e-01
-1.101256480456361153e+00
-9.008343699745996469e-02
-5.077577758014254483e-01
-1.725061088751443095e-01
-5.836030255285419299e-01
7.917956859917969492e-01
5.158734028601663635e-01
-1.159680810962521874e-01
2.846451755974612960e-02
-7.074023388982858540e-01
4.137470720578764749e-02
-8.117600723935054496e-01
3.965719791480935008e-01
8.843919510650458116e-02
-9.982359644844907010e-02
-2.528199312469806698e-02
-3.167424739019313040e-02
1.972331725945763448e-01
2.342463677934610283e-03
1.033572369499800581e-01
3.543568252299084120e-01
-2.699549374787258982e-01
2.721800443270170344e-01
2.319358927006511251e-01
-4.412254939720742786e-01
1.740533078663104305e-01
-3.768805721418408416e-01
-6.173009122258339421e-01
-2.998464790286403114e-01
4.919517461635974920e-01
6.272967168469465449e-01
-4.611446385967832989e-02
3.623571304387461500e-02
-3.058146139707708655e-01
1.111229818387197699e-01
-7.841315863376634443e-01
2.476155859134673010e-01
-2.876820957027914627e-01
-2.805653286560258475e-01
4.642428439136671303e-02
2.581585514320326041e-02
3.039867950861548374e-01
-6.119018557411379788e-01
1.323713031990185196e-01
1.566422955509707116e+00
-8.178813582907600299e-01
9.951885926263906446e-02
3.003658489421856537e-01
-1.373698959741199266e+00
-6.055904196833473280e-02
7.731920133395949746e-01
4.417953055893453773e-01
1.818631218058319038e-02
-5.176707190691455240e-01
1.889257464658391505e-01
-3.087006480115276896e-01
-1.167121428966320096e-01
2.260588702970907915e-01
7.221260452140584318e-01
-1.186489700929360680e-01
2.212871481483242309e-01
-1.764249124734927621e-01
-3.582921796984676888e-02
-4.475345669050015407e-01
-1.096672145898213019e-01
-4.802778354059395599e-02
-3.719572442274206303e-02
-4.614594255579252402e-01
1.853728079490699621e-01
2.276850356129070385e-02
3.536411779334124317e-01
-1.114187346815177782e-01
-1.516103546498063226e-01
7.643171754044556510e-01
-3.078597299975112667e-01
-6.428287948458010215e-01
1.088133628309505996e+00
4.807298108974730755e-01
2.098193816279136370e-01
5.377022055868015127e-02
7.855553224463602824e-01
-2.716599880649702148e-01
2.214856509400306428e-01
1.187003195174904269e+00
1.653266968431720274e+00
2.920760445486330070e-01
5.038244656236961355e-02
1.003177346594223751e+00
-1.237618099932769750e-01
-3.899596671055196029e-01
-9.396304026681649713e-02
2.015561871827419305e-01
2.769058696359286698e-01
4.852377510103804692e-01
-4.443188378361658808e-01
8.471390865073565035e-02
-3.669138367512420063e-01
-3.359046376943647938e-01
-2.320214078733898455e-01
-3.061526904313039976e-01
-4.571504441754149495e-01
-5.942682326627621303e-02
1.427612347775668866e-01
-2.452346322486247399e-01
3.201408845972142925e-01
5.088265825462751080e-01
-3.147382386322004899e-02
-3.386793306938947201e-01
1.288438033677758554e+00
-2.274159763995965700e-02
4.696108082654175397e-02
4.323816175549535235e-01
6.510759868286772889e-01
2.759740228454465871e-01
-2.335628530448626006e-01
9.616055768237999346e-02
-3.595872874015583753e-01
-1.252395116609965386e+00
-8.633273460693079437e-01
-1.058808967132377932e+00
-3.056587499899252602e-01
4.820022820323907609e-02
1.291619406554479210e-01
-4.064037531986608442e-01
-7.255660231466987131e-01
4.454612344330355356e-01
-4.712961028388277795e-01
4.885543914577816227e-01
4.924783051297664249e-01
1.276860207746962905e-01
-7.413332848315160040e-02
2.282773511736890526e-01
-1.539658149223886718e-01
3.000732232949326374e-03
-4.389807948770718150e-03
-1.110506251267632472e+00
-1.060269983801138904e+00
4.037416163634044430e-02
-4.851364624081696414e-02
-1.650712166222168820e-01
-6.119162807004567828e-01
1.205686333520310585e-02
-9.656408882851429121e-02
-6.698509977892405653e-02
4.965318073383379049e-02
-4.339214521153428317e-01
2.142105166240770020e-01
-1.662060376860310246e-02
-1.141603079643605106e-01
-1.308014468983061951e+00
4.558591868724690133e-01
1.315152712033822689e-02
5.371788665546511216e-02
1.507636440654270604e+00
-2.657782591896135638e-01
-1.284167292196068677e-01
-7.112048505168617751e-01
-2.180156148963451335e-01
-3.021303965214501286e-01
-1.612388361723669172e+00
-2.542176366850401048e-01
-5.875569461564212892e-01
2.805917855738180311e-01
-3.734025707705794783e-01
-1.677718075845539836e-01
5.346969518823739831e-01
2.604357499603243697e-01
7.734065960868555245e-02
8.804320714091692368e-01
-6.509984281312677923e-02
-2.308468432317991037e-01
-8.770444687127076921e-01
1.835451861927581974e-01
-5.748018533689197573e-02
4.148241459582375223e-01
9.793399056878386855e-01
2.001566837791812076e-02
2.510876762804249429e-01
4.832774512182309024e-01
-1.768956425174251362e-02
-6.583605189233503185e-02
1.626799521692929296e-01
-1.985611658310754424e-01
2.067747879760463703e-01
3.813452574023096786e-01
5.531713058406596828e-02
-5.286142014197495742e-01
8.746329841179330267e-02
7.830198416858785704e-01
1.159693018800990114e-03
6.622385867994580178e-01
4.124277360123316805e-01
-6.000759285993741976e-01
-7.103568897126560922e-01
8.631613365600125654e-02
-8.455842994869140483e-01
-9.053921971645203515e-01
-8.194169089534343309e-01
5.726147846635283312e-01
-1.904959258104301223e-01
-2.985288620947392779e-01
-6.967123684695708530e-01
4.891446939053673004e-02
3.592414497985776944e-01
7.696717612398819297e-02
1.988727600108696203e-01
-4.229160124946393928e-01
-3.596495094484554456e-02
-9.591158719286266288e-02
-8.980135351072955630e-02
-5.801937146955717106e-02
2.021991376329069778e-01
8.659118974884496556e-01
-3.770101030788335916e-01
-7.520795427226655283e-01
-4.442507515105876825e-01
-1.396159990259021322e-01
-5.057747595018637909e-01
-2.777481805193702802e-01
4.679369099310578539e-01
8.487243620834586388e-02
3.733616025760893020e-01
-2.641069345337949126e-01
-1.728359752907318581e-01
6.199733269599603247e-01
6.196364043127405852e-02
6.200997557213703271e-01
3.290951343134938534e-01
3.305421306926900060e-01
-1.777211669339531230e-01
7.820519614840545364e-01
-3.263328622829653747e-01
-3.530036928784040517e-01
-7.906564107653228923e-01
-2.925438201447796427e-01
6.531297951045557104e-01
1.016655455279217302e+00
7.882678051650996442e-01
-5.852520554405391540e-01
-2.895861281969816514e-01
1.143564143366395225e+00
-3.444804043473201349e-01
-2.836889907565791624e-01
4.116158609381460193e-06
7.737109085781701534e-02
1.028519810193171263e-01
-5.791192282277467934e-02
8.670547623431674733e-01
-4.013277215900404871e-01
-2.980313301829857348e-02
2.710147877201333766e-01
3.514667558863799890e-01
7.170479718502095201e-01
8.674941137511734679e-01
-1.212856459947398748e-02
1.875353101767568975e-01
2.157992593093797096e-01
3.898052473720047817e-01
-4.615275914437383387e-01
-6.597592027945691218e-01
-5.395717499449910193e-01
-1.192524163223690481e-01
-1.175664217571445042e-01
-2.735390703357546416e-01
1.374858897969004623e+00
-1.998818385255885788e-01
-2.640039909990677947e-01
-1.030708716132874292e-01
-9.582642652757772384e-02
-1.406757582948960472e+00
6.108472500231950653e-01
-3.178414296403886397e-01
-2.382146557496044870e-01
7.691224471161557386e-01
2.974559075698356980e-01
2.100168117106645804e-01
4.477476505995229283e-01
-3.674910593152811988e-01
1.430794262730501476e+00
-3.778720120363180945e-01
1.978120897947808696e-02
8.408998133041354350e-01
-7.564379032874408715e-01
-5.516482427293812885e-01
-5.211005622181563712e-01
6.029973504215803762e-03
-1.299328677244019348e-01
-4.988715219273265333e-01
-4.207081460095564614e-03
-3.671302655675374171e-01
4.633704514077330305e-01
2.931505489611692661e-01
-8.536014213026235087e-01
-3.871211091478467536e-01
-8.139885987534195566e-02
-1.140324822210527500e-01
2.311418236473134491e-01
-3.616993017304012681e-01
-4.472922925843489939e-01
2.554283593485885406e-01
-2.006436926050749192e-01
-2.258474315751059919e-02
-4.647841115383530286e-01
-2.238951828064130456e-01
8.255766116492739837e-01
4.837134476727853599e-02
2.032920461076264951e-01
3.192204781671585390e-01
-1.259184506965018921e-02
-6.496907551838744244e-01
-8.203459873141850933e-02
2.468880040678788634e-01
1.109410421679726921e+00
-1.067426703906442648e-01
4.309408121054680851e-01
-5.157241582325544638e-02
-3.007687112799652951e-01
3.151359759104129243e-01
7.931239667574352392e-01
-1.217669124771990408e+00
5.110589109048461198e-01
1.020100492041640522e-01
-1.657697803989609531e+00
-2.237464367370210483e-01
-5.538594948324580131e-02
3.395088296396542860e-01
2.596405491363290019e-01
-2.306410255926303887e-01
-8.208594173779107384e-02
-6.731300453477689905e-02
4.539103845699862805e-01
1.775818161032519438e+00
-3.056251301955386079e-01
-7.527540761321885876e-01
2.335198206239756102e-01
-1.488033661948574837e-02
