-3.572717997692830827e-01
-2.785788997813334888e-01
5.755875569348470888e-01
2.862985724267145399e-02
1.185744452635738355e+00
-2.652361149198307899e-01
2.203516490634374048e-01
-1.194995074041123317e-01
-1.184730801678042095e-01
-1.243744962131135279e-01
-7.390142997695478555e-02
-3.652448750027657010e-01
4.180726052513309421e-01
1.514063423297333233e-01
-1.420389496251576456e-01
-7.245785880589165062e-01
2.828395842276149041e-01
1.248884343651210926e-01
-1.970541234809596309e-01
1.830927481018181091e-02
3.935621786168028852e-02
4.361740511364589623e-01
-3.123617843218710055e-01
6.377956891403450124e-01
4.720724382994050811e-02
5.596071244607437878e-01
-1.118392415017061214e+00
2.341975727505859473e-01
-1.643306628866546548e-01
2.310330626329703263e-01
-1.134164965079730081e+00
-1.930577247976086319e-01
-6.846117885288660609e-01
-3.370752832119188191e-01
-5.346057471323459875e-01
-3.556300975513497220e-01
8.566042232669149881e-01
-1.098176373002425210e-01
-1.073477857038018346e+00
-1.832004604914535401e-02
-2.993291776166177864e-02
1.806250131704988382e-01
2.974733913776752559e-01
1.222944230579738223e+00
-2.030092751913643578e-01
-5.780889960888996315e-01
5.114060438499473671e-01
-2.115473779836821167e-01
-4.184935078430319089e-01
6.711005664863887166e-01
-3.498521531073620627e-01
-2.046066603586446375e-01
4.933630263431129648e-01
6.012348955548307838e-02
-6.829334118280651067e-01
-4.188785753661431466e-01
2.291353596889860178e-01
-6.108462019242927310e-01
-4.464292043343193739e-01
4.325631209902631724e-01
9.930651944079011972e-01
-5.607590107732935564e-02
4.897644043006293968e-02
-5.393456713033992558e-03
4.165740856590460783e-01
-3.215789142854295624e-01
2.494565186882485019e-01
3.971287720439044544e-01
-1.979156557827803919e-01
5.614093299141884735e-02
-3.562002199942033154e-01
1.170612716364815897e+00
1.271482951247928372e-01
6.101744041495991144e-01
3.990415746659791707e-01
3.914342838978147054e-01
4.723417549587798914e-01
-8.845042736211181089e-02
-1.790237797187732571e-01
-3.850471049347676811e-01
-2.892419258793564596e-02
-1.017076782631024245e-01
6.037038129757278382e-01
-1.073749974721787348e+00
-2.570621392130764682e-01
6.981174438085741007e-02
3.332484173182741205e-02
-8.505489827962538565e-03
4.860736526113673128e-01
3.921968086467666481e-01
-4.430041916874033481e-01
-3.961616786320970411e-04
2.041549138720051004e-01
-3.116851994589632802e-01
-1.421113768944259337e-01
1.104364113780665763e-01
1.005382418464546290e-01
3.213914958618170892e-01
5.627923764812855500e-01
7.139228314038554776e-03
-8.404227511509604343e-02
3.229333693472788980e-01
-8.627088670465382636e-01
-2.483875396480263731e-01
-1.220205266077042071e-02
-1.814059401830094287e-01
2.856832215036941847e-01
2.395845857752826324e-01
9.202149531283024264e-02
-5.458983302003702492e-02
2.249441933666199156e-01
1.248889210615759415e+00
-4.143237495544220272e-01
2.121500948580060109e-01
-3.445200279225249518e-02
-4.625881637255259693e-01
2.168922675738802486e-01
1.286873074282389451e-01
4.102662656993031898e-01
-8.301911753506810987e-01
1.628562142968193183e-01
-2.700123509914033049e-01
3.028698570980868365e-01
2.335834800099487463e-01
-3.282498788690259017e-01
4.640769384641875717e-01
-4.909076115985360200e-01
7.524172430802189560e-01
2.143164470739679361e-01
-1.865518246932671986e-01
3.579785850774523659e-02
2.997402951291950335e-01
-1.140699978788076302e-01
-1.893305515176972043e-01
-1.976640308874129393e-01
-7.472416630130728800e-03
7.368561284077017604e-01
2.044095947661113133e-01
-6.916581295541027741e-01
-5.218330057469758310e-03
2.626162997618081141e-01
-3.801274742376156701e-01
-1.680407908583496368e-01
7.622784133316709010e-01
-4.067208060627833244e-01
-4.352600284655673557e-02
2.843982071826157143e-01
-1.786497579439308148e-01
1.759466513015387479e-01
-1.102139165689531575e-01
-1.911196184300999745e-01
3.460590098820457983e-01
-8.522060548122391277e-02
-1.449538991388690523e-01
-2.717951514693916007e-02
5.362501680182284458e-01
1.452819063421311452e-01
-4.413275659835099174e-01
2.094772720938340993e-01
4.083559787064289237e-01
1.066772368077900102e-01
-6.220809060330331208e-01
-6.148837762922390038e-01
-3.470265160882253230e-01
-5.727467178328572439e-01
-3.901607259771593950e-01
-2.859056031646660737e-02
-4.563278669454481351e-01
-2.973842352387168209e-01
-5.497270286574918591e-02
1.078075224785010611e-01
-2.358658266787893882e-03
6.037485835741098761e-01
-8.941622359803937936e-01
3.408605367439451195e-01
-8.099574983505295478e-01
9.306532634691968425e-03
-1.844411874261338846e-01
-8.251267758362222648e-02
-6.338088059618661452e-02
-5.917324308614481387e-02
8.180726375906907100e-01
3.387807335643839290e-01
1.027148089951201472e-02
4.513352012661071000e-01
6.343224372395944721e-01
2.118624422226838833e-01
-3.518855225530657660e-01
-3.260698684122846358e-01
-3.783501801342197268e-01
-4.856046499666266669e-02
4.959175806054582081e-01
7.095082190502158825e-01
-2.210358878703765906e-01
1.457053451252879328e-02
-2.909778249911070813e-01
-7.715633361875192664e-01
2.586007017896949645e-01
5.969884557788055490e-01
6.788493574453966506e-01
3.088054986448005579e-01
3.914925195723276130e-01
-5.788631359866551751e-01
-6.018294958826140434e-02
1.726313380917417206e-01
-1.382480666294902960e+00
6.303334735699297475e-01
-1.173404608129154258e+00
2.268352452232501593e-01
-3.338207331621540486e-01
1.181392232134274578e-01
6.498463090596067193e-01
-3.919383240776142530e-01
-4.045044245155267060e-01
7.566864347158916981e-01
1.077598273890509661e+00
1.316375290807957413e-02
2.442622613389233421e-01
1.086253180789106543e-01
-5.235349756523157705e-01
4.995218770634342054e-01
3.145223903394556153e-01
1.565652336094304140e-02
-5.595052853570162132e-02
1.296222765347156414e-01
-3.279978663232333697e-02
-1.215205208488789358e-02
3.051040244096704310e-02
-8.546294772148755881e-01
-4.622289086950794323e-01
-6.811766527584716124e-01
4.117003452424352061e-01
1.074479832455594419e+00
3.934948997840086449e-01
7.782418079266315569e-01
-5.253595574353322473e-01
7.904863148021155916e-02
-5.623585205246831586e-01
5.992151491801304963e-02
-1.688017073832182302e-01
3.768774488449042059e-01
4.119683178011868674e-01
1.580773027321439803e-02
-8.339061046043205749e-01
-5.134898959780116456e-01
2.901649303580760564e-01
-7.108427018770332451e-01
-6.641811783789905999e-01
-1.024054446426702070e-01
1.310506134361104635e-01
7.808807896273319005e-02
-1.646424518649668711e-01
3.248474241818800623e-01
1.226559957912987942e-01
5.211831977659736603e-01
-4.537532282867304256e-01
2.212792229385391884e-01
7.825830528521015017e-01
5.969348765729312056e-01
1.288552637121371358e+00
5.637704253255180209e-01
4.735859679716638015e-01
-1.453586160470541344e-01
1.507639495467971436e-01
3.503866572181853212e-02
-8.562838192776806023e-01
-3.283741684027141061e-01
2.792642094454720891e-01
1.247347353855620539e-02
-4.870639997169749491e-01
8.951505820217832143e-01
-3.232730730346364267e-01
2.557424642386437741e-01
-2.099632233212747334e-01
4.742530783819171036e-01
-3.213380532062580230e-01
7.366057971203454624e-01
-2.091993236786273413e-01
1.696312666795545543e-01
6.244405608872183322e-01
2.357396833605397701e-01
-6.290032386583538360e-02
-4.076711604163054670e-01
1.653818066042281043e-01
1.445266432630024411e+00
-2.126900147635965022e-01
-6.553235511795604817e-02
-4.726225011333899384e-01
4.915545221484423077e-01
-7.941950888955057186e-01
-6.641776109026619190e-01
1.283514937996282079e-01
1.106070447607105045e+00
8.122340508597478397e-04
2.870010045288094447e-01
4.496692682110793315e-01
-9.649944591234794755e-01
-4.070125120794813173e-02
-5.488857721068958473e-02
-1.852590931087774451e-01
-2.408386058625046899e-01
-7.342979315564057696e-01
-4.868289093716569038e-01
6.113399864424099439e-01
-1.752066957132900615e-01
-2.062653097087219223e-01
-3.498019112120918095e-01
-1.224928382504541502e-01
-1.018821208623942542e+00
1.903269921991604940e-01
2.395827040357200177e-01
1.524612014193649501e-01
1.743089517888374296e-01
-3.219284770977122734e-01
-1.659372826784651783e-02
1.252459618358219839e-01
3.136332762773855198e-01
4.525351846146196677e-01
3.635046828557516041e-01
1.603541704703709825e-01
6.893360268539147073e-01
-4.832567367872135367e-01
-2.809564212491088564e-01
-3.048700740899535910e-01
-7.927913333865759249e-01
-1.771626553408343629e-01
3.591913696206631978e-02
-8.936988597788222410e-01
-4.828535145250440475e-01
8.614999734239041015e-03
1.826765731434326356e-01
-6.674918665798676987e-01
-4.965647845931196736e-02
7.296170847775091950e-01
7.481847850701776048e-01
7.354401807807017244e-01
2.116108899985314484e-01
-1.121943082780239687e+00
-8.789331029455227373e-02
-4.892746406043945173e-01
-1.646733230475298237e-01
-5.918961286917227005e-01
8.195717434280785918e-01
5.258412068191871125e-01
-1.267864090451823467e-01
2.508386203787947924e-02
-7.208809190678433509e-01
5.427545473102774604e-02
-8.633684560594276913e-01
4.075246242837842758e-01
6.559200636998575862e-02
-9.534388561839207687e-02
-2.080498760809641051e-02
-2.550712208718930105e-02
2.281713303110576296e-01
-1.885245665184723945e-03
1.103298901420328576e-01
3.640103188931165246e-01
-2.749970994775914335e-01
2.854738810777189273e-01
2.562073814670798311e-01
-4.444187877506004525e-01
1.700639789694929349e-01
-3.820595083811552661e-01
-6.004687869387005383e-01
-3.100914927157181200e-01
4.933718857830034499e-01
6.580769085978236399e-01
-4.467084899871032189e-02
3.374144038317752892e-02
-3.170353972856382874e-01
1.524851093735861973e-01
-8.544834109824686053e-01
2.472814540464858546e-01
-2.834627446823827501e-01
-2.665304593043671955e-01
5.207698621818952767e-02
4.130008505748513498e-02
3.261118759300212222e-01
-5.923246519438530866e-01
1.580041277799228705e-01
1.611925720556837804e+00
-8.099661206957845527e-01
1.074018565305631945e-01
3.168161683936107087e-01
-1.403959290397081894e+00
-6.388272667519627468e-02
7.840167725660897036e-01
4.968175892292896467e-01
1.956423742774995866e-02
-5.672422907454406360e-01
2.158150316343099562e-01
-2.238232816600701780e-01
-1.001749617679835308e-01
2.497620875566742560e-01
7.333716249649535612e-01
-1.001196575616034451e-01
2.108035725916690695e-01
-2.218395967561653526e-01
-3.268791434143183960e-02
-4.563686443241931623e-01
-1.087545313245165401e-01
-6.016777045484018871e-02
-4.289170112262489371e-02
-4.725437609125341942e-01
1.793868093429372979e-01
-6.027930829650084144e-02
3.411664681409475319e-01
-2.205901813950942314e-01
-1.407993832371028653e-01
7.125252610743549875e-01
-2.994320093417169315e-01
-6.428061810360939932e-01
1.076250909941202982e+00
5.250962947258935865e-01
1.988716669652512981e-01
5.832285080674926014e-02
8.157717989955829418e-01
-1.509521129429434727e-01
1.867433786361713255e-01
1.227543798933601993e+00
1.677487872222955811e+00
2.780309560954463688e-01
3.127606240297205881e-02
1.011045373258082414e+00
-1.334632406216617606e-01
-3.735482416751815249e-01
-9.522487760357427333e-02
2.000119064731731289e-01
2.693360675747260014e-01
4.826110608481431474e-01
-4.561092032484292957e-01
9.366898885926334961e-02
-3.609700061631381796e-01
-3.591291147335714529e-01
-2.278123797431006181e-01
-3.021286373047383234e-01
-4.699672319780738294e-01
-8.918427929283627431e-02
1.555823472805358543e-01
-2.333389792308014077e-01
3.050898784003100439e-01
4.973767152439190764e-01
-5.701517985391703347e-02
-2.978372046042646604e-01
1.297933937421055228e+00
-8.687006597670743346e-03
6.043075580882174835e-02
3.868310033350826904e-01
6.557180348024048699e-01
2.924532927954114347e-01
-2.465569038519981881e-01
8.701066558050042643e-02
-3.458138773350407646e-01
-1.481039005125853958e+00
-9.172639551543438907e-01
-1.151085603062503626e+00
-2.960841560487572077e-01
3.826884728397354773e-02
1.439281399667743933e-01
-4.230090351016175809e-01
-7.704749498636420668e-01
4.093314532818908003e-01
-4.624508493425605882e-01
4.985926771704543015e-01
4.884772183230953746e-01
1.423830621914990713e-01
-5.253381738252677069e-02
2.209497848574556444e-01
-1.579942647794952137e-01
1.267447350466603673e-02
-9.820354988699146748e-03
-1.164057786798144756e+00
-1.117481579824923577e+00
4.992557454394182248e-02
-5.276814311348208830e-02
-1.410765826088108132e-01
-6.577351880874210410e-01
1.873469207341407067e-02
-4.115042945103111055e-02
-6.799641208424257732e-02
5.244106978329196589e-02
-4.708572282910239437e-01
2.039658592991362984e-01
-1.205742983014018721e-02
-8.022406171167309474e-02
-1.309691596523321788e+00
4.617520221083556975e-01
6.280175567100373425e-03
6.911311154790615585e-02
1.504397417321312158e+00
-2.731341740221698844e-01
-1.159275331959666588e-01
-7.241352361629453949e-01
-2.422458814083023326e-01
-3.000410344703289267e-01
-1.637124947547713205e+00
-2.651596859479306567e-01
-5.864624487486727045e-01
2.757148989611842849e-01
-3.344363628785355647e-01
-1.841578731410981606e-01
5.407341757773967972e-01
2.942841037659042480e-01
8.114756784810490953e-02
8.849556793599374638e-01
-9.069847441119728571e-02
-2.314949469814023830e-01
-8.504140229320237276e-01
1.897287716039034455e-01
-6.056778761377105968e-02
4.199147325793958774e-01
9.251874068290659725e-01
2.406568486611483995e-02
2.581719376818017997e-01
5.042406376365018428e-01
7.581039252091293507e-03
-7.685152475207604472e-02
1.445702112496281277e-01
-2.060258751679556188e-01
2.178831158203812512e-01
4.037272274317229570e-01
4.955821842503503605e-02
-5.285007651228496028e-01
9.608119119288602294e-02
8.203526772770778352e-01
3.456353156840835574e-03
6.675194525512883059e-01
4.270813085454325808e-01
-6.092295968326137956e-01
-7.457975841098263281e-01
5.108292310630294097e-02
-7.142871108588093598e-01
-9.076143914774524868e-01
-8.346034349714053224e-01
6.119639945277813853e-01
-1.735192528251396915e-01
-2.869814505644953107e-01
-7.257216927499589021e-01
6.261886929884935560e-02
3.491132930508125121e-01
5.891894701080412772e-02
1.908955680777473241e-01
-4.425709944921664141e-01
-3.197059168643456850e-02
-1.237574127724674622e-01
-1.851015784710685064e-01
-6.226894594661915028e-02
2.171797184728554708e-01
8.599881520481862385e-01
-4.011194332874692403e-01
-7.337625184069013207e-01
-4.500409582147736898e-01
-1.511595114551947117e-01
-5.159791904304955601e-01
-2.400778909570142339e-01
4.699754253629916945e-01
1.084162439303448383e-01
3.823582895725112230e-01
-2.559575658441084478e-01
-1.880038452425849549e-01
6.299394407514418148e-01
6.021523201239897122e-02
6.214889937985191848e-01
3.470397314218840457e-01
2.942403294580681616e-01
-1.926392077697609007e-01
7.745160149157365170e-01
-3.232013311712990666e-01
-3.669094096769310864e-01
-8.041759087032963604e-01
-2.778222681623223611e-01
6.618984956179875256e-01
1.099081186798259946e+00
8.269364343052132416e-01
-6.072064357764626052e-01
-3.034075721109939505e-01
1.122726676800424706e+00
-3.415676048207428317e-01
-2.573299677800974239e-01
-8.643469368662301186e-03
8.301546115075930654e-02
1.059659035098580032e-01
1.620493675800645933e-02
8.621838611347002468e-01
-4.044078846199752331e-01
-4.268772801760351704e-02
2.884816108824274083e-01
3.601940454204052289e-01
7.330543338755143301e-01
8.816311051680947308e-01
1.697974501191235053e-02
2.089636787670779983e-01
2.181051317068045947e-01
3.555303851840789786e-01
-4.776536396161180642e-01
-6.476183032352800240e-01
-5.966682943707193321e-01
-1.191182161122181088e-01
-1.355874963283463519e-01
-2.652347951504004375e-01
1.465290718843334394e+00
-1.970149161123523340e-01
-2.906440457579397840e-01
-1.248197918612228702e-01
-7.930316723031068105e-02
-1.423492939042015903e+00
6.192548693787156555e-01
-3.646411888203066054e-01
-2.372460393722118366e-01
7.905558975429879398e-01
3.317215752922813010e-01
1.898414595336358479e-01
4.362913685186385337e-01
-3.723255783658560580e-01
1.451969983036981660e+00
-3.599573691960630262e-01
-1.309136665657742969e-02
9.031060662536826156e-01
-8.505026849758220431e-01
-5.519751306869616903e-01
-5.192076422044291650e-01
1.856390062665912513e-02
-1.113178995023094975e-01
-4.943658820612436000e-01
-2.063480112913183839e-02
-3.724277385338532476e-01
4.823024145209405811e-01
3.025555726224640751e-01
-9.185647245864110300e-01
-4.083927981875983826e-01
-8.685877904966211871e-02
-1.286306974435075523e-01
2.372817338782505781e-01
-2.976358029286633178e-01
-4.283468782383287876e-01
2.821115340976794728e-01
-2.077030057801520502e-01
-4.381657720926634275e-02
-4.666154566869818998e-01
-2.307698561606826848e-01
8.183218841348125494e-01
6.073183653939480398e-02
2.015328226370383669e-01
3.160911881165667792e-01
-8.457170089365665874e-03
-6.393030941576465231e-01
-7.724468880824734984e-02
2.706762410625779824e-01
1.092736409527543140e+00
-1.084480904608729063e-01
4.324450194008848114e-01
-7.040532813784422528e-02
-3.130410674186954734e-01
3.660844219764476382e-01
8.993529933390791431e-01
-1.240013206194782835e+00
5.286537614851730682e-01
1.015376830280055459e-01
-1.713774636237990201e+00
-1.938879065638373644e-01
-7.319454250693564756e-02
3.305293881306644033e-01
2.201743566960338849e-01
-2.281792172553448184e-01
-1.119100220020032427e-01
-7.926117748216232606e-02
4.692672160980733698e-01
1.820734385926946031e+00
-3.278692005718027436e-01
-7.503036662717439409e-01
2.386262356120880945e-01
6.325727083320958899e-02
