-3.761659604634425835e-01
-2.770847728522320419e-01
5.831277608630005549e-01
2.656850075319945603e-02
1.208690187347305045e+00
-2.638083076608768729e-01
2.205084215856152052e-01
-9.268721952740373304e-02
-1.298629328767877122e-01
-1.308521244508379366e-01
-8.499817383029618922e-02
-3.812411670449781242e-01
4.183895781477758868e-01
1.541645127559013728e-01
-1.649652451169184020e-01
-7.723939533564844195e-01
2.812530747727085556e-01
1.271805320106082771e-01
-2.262060113735027966e-01
2.627169732578676573e-02
7.774856517602689310e-02
4.452133166373665740e-01
-3.081555214242859830e-01
6.382988891319939517e-01
4.621360686333687851e-02
5.661086283401977060e-01
-1.105440202809890415e+00
2.434152008646366105e-01
-1.453802023524372322e-01
2.307727061269694568e-01
-1.109053085364247071e+00
-2.053021306070942908e-01
-7.155221886013137800e-01
-3.398642329209558555e-01
-5.311905965934482499e-01
-3.404364168266364454e-01
8.262263032224119730e-01
-1.277358659083643044e-01
-1.069103527302850409e+00
-2.112392613117336851e-02
-3.618175743151243184e-02
1.900146916126035090e-01
2.888348614568546080e-01
1.224652800696737653e+00
-1.959725250453317469e-01
-5.902659131456060582e-01
4.964903070813916353e-01
-2.024752994824251806e-01
-4.032634580660932055e-01
6.963506675791911738e-01
-3.366647495814298341e-01
-2.214962168204181181e-01
4.626767489914990761e-01
6.126457565644326253e-02
-6.762772932466932785e-01
-4.518455696760747542e-01
2.216848892698031481e-01
-6.172489178003919275e-01
-4.341522998578745129e-01
4.984006077553329583e-01
1.043055817690659914e+00
-4.921388859620514505e-02
4.029405400131697707e-02
-1.983925597660025214e-02
4.188496510173193021e-01
-3.234881095119951921e-01
2.442182724469080246e-01
4.112985823813574138e-01
-2.117876599774106416e-01
8.458369877226604161e-02
-3.878573557593959498e-01
1.186535867290782864e+00
1.581423613625919378e-01
6.641950582739577502e-01
4.108018546881636035e-01
4.039083805896240276e-01
4.762942210459345516e-01
-9.342508230269987168e-02
-1.762529953926035009e-01
-3.951940522794770705e-01
-2.939939303723883984e-02
-1.702942207586448375e-01
6.276747536450608678e-01
-1.066483247343104068e+00
-2.636982973254722307e-01
8.778859724913461171e-02
3.517744726004144035e-02
5.911403140555934049e-03
4.770976446682565486e-01
3.858559327605710632e-01
-4.512426509300733191e-01
1.143551401775078254e-02
1.844370790098561752e-01
-3.070406168784231560e-01
-1.467835080955534888e-01
1.138860696640199011e-01
1.052746511400221574e-01
3.405640701973118856e-01
6.096962342959399983e-01
2.979629835309170749e-02
-7.913325851110596110e-02
3.235681804295542641e-01
-8.452692764558146221e-01
-2.412715592895983419e-01
-2.047761531481223987e-02
-1.748098309835278696e-01
2.785333285788647029e-01
2.573517608377571264e-01
1.160285263398171118e-01
-7.089432315589103140e-02
2.547788396624808827e-01
1.286986241643202078e+00
-4.463975255432371392e-01
1.936248555010510186e-01
-8.031650070920524909e-02
-4.765068187593179405e-01
2.217186645328787786e-01
1.076810945854258517e-01
4.131862474498055882e-01
-8.670169950983110940e-01
1.802739451279400662e-01
-2.861753615577742327e-01
2.951227721642322166e-01
2.583875896848100151e-01
-3.382609529704584395e-01
4.679004101653724823e-01
-5.208301578651857167e-01
7.719335662127551068e-01
2.046624094030964069e-01
-1.805813274253752765e-01
-1.454847691412311690e-02
2.996781419738944741e-01
-1.218045647116319796e-01
-2.029556210624096912e-01
-2.037469869573482750e-01
-2.619706673951695611e-02
7.492576627692492108e-01
2.235216780957670624e-01
-7.190375076997940207e-01
6.497741083515261133e-03
1.996106133935446336e-01
-3.840332858818038542e-01
-1.581867121420426625e-01
7.660279604601361036e-01
-4.330612456739015848e-01
-1.727956667319767090e-02
3.265160144505229733e-01
-1.838135247366062264e-01
1.840189282454579300e-01
-1.134378610763535217e-01
-2.334536618269937858e-01
3.638953203225592792e-01
-9.015814729995717813e-02
-1.392409160438915217e-01
-1.692144910790047835e-02
5.530477085499350132e-01
2.245475732274493652e-01
-4.434903277180529679e-01
2.338956160899627879e-01
4.099220652565169210e-01
1.304275781199457918e-01
-6.508768127872689435e-01
-6.348315559720740797e-01
-3.604699968370466134e-01
-5.395073163410671890e-01
-3.923345559065930521e-01
-2.356526328162234646e-02
-4.307221514143764196e-01
-2.667611440373831022e-01
-6.522127094824964333e-02
1.148245429844302196e-01
-6.419279260868818691e-03
6.221999816723366994e-01
-9.052394655779079091e-01
3.530004253533934322e-01
-8.037609010218991212e-01
-2.399847705712009061e-02
-2.402474211226637846e-01
-9.625507314738092346e-02
-7.186942434003386337e-02
-4.445760581174511977e-02
8.731909634169179313e-01
3.455883363174957479e-01
1.300136553014578748e-02
4.825683135225184439e-01
6.370387689046831392e-01
2.216561233898056982e-01
-3.166054936851088186e-01
-3.245795193236448717e-01
-3.769407860951782263e-01
-5.311957327917409682e-02
4.963150063315681093e-01
6.893227744936141210e-01
-2.159225145040502558e-01
1.680251969540472873e-02
-3.251146231063080649e-01
-7.915795839168715542e-01
2.507089701531836079e-01
6.537155782051560227e-01
7.077059291785273709e-01
3.137513992727539724e-01
3.819888977489331872e-01
-6.186066021298246564e-01
-5.062962164839450441e-02
1.728836767259562535e-01
-1.475438178029936598e+00
6.444053646136651547e-01
-9.994485004704387610e-01
2.335357211051390935e-01
-3.957906237943397687e-01
1.264379041922802649e-01
6.557471561799317339e-01
-4.082902043684691340e-01
-4.152878370612999581e-01
6.944387263263500643e-01
1.085424956257337259e+00
-1.022373333193492273e-02
2.628313082199724149e-01
6.961503729420298603e-02
-5.372192702690843369e-01
5.122541762399063225e-01
3.188541201754940269e-01
5.061469182656185006e-02
-1.180602976696697726e-01
1.526421548404596484e-01
-2.925000151824237726e-02
-2.094481927757380763e-02
1.784981163011762142e-02
-8.772465074311414091e-01
-4.593637711081701158e-01
-7.071479450220765628e-01
4.844226681076217456e-01
1.130652216930036813e+00
3.776357272307711566e-01
7.693624403798127176e-01
-5.249693163850950306e-01
9.450262472812795411e-02
-6.702478999638923352e-01
6.080359196555375906e-02
-1.657242054419093835e-01
3.934015500493224793e-01
4.080307753338932586e-01
6.896444790303023209e-02
-8.486142050529302816e-01
-5.009517064256189256e-01
3.151368166989133024e-01
-7.394606225408354438e-01
-6.240827762284955060e-01
-1.047465926662234925e-01
1.185191838795112834e-01
1.041807672269262630e-01
-1.595851891737283257e-01
3.048000457043175682e-01
9.413309155076007850e-02
5.586391860777673024e-01
-4.864123452166227990e-01
2.828586648783157353e-01
8.502793716325203199e-01
6.451192093021551610e-01
1.322067035695903447e+00
5.625452977540871258e-01
5.330166562456072343e-01
-1.308873707863536795e-01
1.407816245758300167e-01
9.090473336895399381e-02
-8.929531958700483996e-01
-3.460200188109612829e-01
2.550336099470233986e-01
1.559264798026838671e-02
-4.636006571685721833e-01
9.247534465380774504e-01
-3.284008267370293055e-01
2.511095351726074787e-01
-1.851847085434315532e-01
4.623968728654528348e-01
-3.382469904941386440e-01
7.670974563374768351e-01
-2.179754712512330939e-01
1.658820737873354101e-01
6.308357031465278153e-01
2.134315717326486506e-01
-6.692854025677152929e-02
-3.647686645599867994e-01
1.792015084130876568e-01
1.482073793362858716e+00
-2.202901167557841378e-01
-8.392131725099513662e-02
-4.917853543277035944e-01
5.104122855530500713e-01
-7.785020891152717448e-01
-7.294412710813299450e-01
1.545358531432702021e-01
1.118853432663925229e+00
2.288987602610175875e-03
2.642393646865469625e-01
4.726644001562306796e-01
-1.016193739202582380e+00
-3.519248515753362061e-02
-5.100525161330634466e-02
-1.773640130693617811e-01
-2.501713641335464589e-01
-7.381280709139270702e-01
-5.301098041659987326e-01
6.209604977996983077e-01
-1.791753725692926125e-01
-1.932037239298780018e-01
-3.543664540401621488e-01
-1.539808524673927093e-01
-1.049415781825937311e+00
1.767538158497969081e-01
2.543869629389832188e-01
1.743493727665748616e-01
2.473272956467384709e-01
-3.433181843008479284e-01
-5.499820309704029492e-02
1.206594614081319544e-01
2.865124252213316347e-01
4.810965762467296902e-01
3.577975076060720960e-01
1.712079720825079865e-01
8.851675763979429679e-01
-4.899318344061637798e-01
-3.570803921925672642e-01
-3.080460090920885130e-01
-8.204443672321977132e-01
-2.829849265079347198e-01
3.738302859976738723e-02
-9.265105905847699219e-01
-4.904157691575974920e-01
5.304806811708064757e-02
1.917627811472613075e-01
-6.783235479539079238e-01
-7.018723136884864877e-02
7.355714380178649536e-01
7.674959831288821199e-01
7.219398612324972042e-01
2.218273927936080803e-01
-1.190662623371283813e+00
-7.288029772028305209e-02
-4.605442543894771035e-01
-1.671074066470419894e-01
-6.113174410876152098e-01
8.414182095568270014e-01
5.420556553538607991e-01
-1.335855865279875765e-01
4.101033187411912140e-02
-7.278080034933390730e-01
3.711883787544031227e-02
-9.536533952039458750e-01
4.032120465321498148e-01
4.616590333249472045e-02
-8.590091309753820903e-02
-2.407249781043055772e-02
-1.364645017752369981e-02
2.415709326400327928e-01
-2.035083948537962616e-03
1.231915747171182102e-01
3.650993082589200633e-01
-2.833469335518740695e-01
3.073351662632856640e-01
2.775089325659858552e-01
-4.215174639508465493e-01
1.605298781869906599e-01
-4.099597782007053381e-01
-5.925894736304684329e-01
-3.105403517623661069e-01
5.181262484702754412e-01
7.198220100644258101e-01
-1.985474471154669365e-02
2.599510089935013271e-02
-3.232480823281580484e-01
1.385076774508129660e-01
-8.841551732214854020e-01
2.512407236037367264e-01
-2.753164158450060461e-01
-2.496199808785731222e-01
6.508774113415785600e-02
3.639203567824329105e-02
3.505521745523207944e-01
-6.121323309118890110e-01
1.992972602010082417e-01
1.642906883143816943e+00
-8.016735852632695947e-01
1.061081431445335260e-01
3.394147971436448086e-01
-1.430402535715676438e+00
-5.981633139056755089e-02
8.002317772423546138e-01
4.895942795267634873e-01
4.312145178543683177e-02
-6.444003351985275740e-01
2.652265929232740516e-01
-2.774499369867670096e-01
-8.335445678976995121e-02
2.751069742509267835e-01
7.552873341767442072e-01
-8.339256244865955736e-02
1.983081248705996780e-01
-2.037638240895964792e-01
-3.581716871995618140e-02
-4.760868381182469244e-01
-1.120240482799887277e-01
-6.165129614406924391e-02
-4.536289187652730454e-02
-4.816072273223639399e-01
1.859446297239124302e-01
-1.019240348952316494e-01
3.436775477109557109e-01
-1.958159300191799346e-01
-1.140093001039237247e-01
7.678555095430399380e-01
-3.112822736372930499e-01
-6.270225862173542941e-01
1.075159863096298185e+00
5.463848703548429553e-01
1.528224775223597232e-01
6.200093099691511567e-02
8.238796483537501603e-01
6.020227229054314969e-03
1.862000698719524228e-01
1.262526273060609272e+00
1.689839673685483712e+00
2.554275128485162805e-01
1.939221067251497080e-02
1.048609638989246307e+00
-1.470604581090041996e-01
-3.628764259149485638e-01
-9.831028019144014141e-02
1.853336879416428717e-01
2.747874588297400389e-01
4.772074950814505501e-01
-4.642440443907382419e-01
1.087650003421519601e-01
-3.515375112760488752e-01
-3.733296032074060466e-01
-2.198271667788888328e-01
-3.141800417976691184e-01
-4.801910582454186893e-01
-1.283118840538219896e-01
1.669658094395407577e-01
-1.982900373753257728e-01
3.105175380851896150e-01
4.949150260815460278e-01
-7.766024963555114013e-02
-3.537600798263719759e-01
1.261672076279727328e+00
-2.214531578380531107e-02
8.113107546568999739e-02
3.629551466763601408e-01
6.716983636261264490e-01
3.174834466476376682e-01
-2.336658770205677915e-01
7.121367409117290714e-02
-3.369727593620523431e-01
-1.527410653844549326e+00
-9.120244971428650427e-01
-1.134610279445214864e+00
-2.938869137955207878e-01
3.328027725397821046e-02
1.433305379075242580e-01
-4.310467186488931568e-01
-8.132422792091297259e-01
3.588447673056412990e-01
-4.494952808798097221e-01
5.074169085309588878e-01
4.765155252382066720e-01
1.651622802075750351e-01
-5.515010020793327528e-02
2.417525657253017934e-01
-1.664542748299498720e-01
2.430530167098566771e-02
-8.907552931759368450e-03
-1.173365796348375456e+00
-1.192738324236367831e+00
6.220398689938450715e-02
-5.597012288968794547e-02
-1.227072571179083083e-01
-6.935097285891275165e-01
3.663688008110385641e-02
-5.436719536006278525e-02
-6.739560944192089786e-02
5.259756754396617551e-02
-5.239122738134589508e-01
1.906215098705243971e-01
-4.924027145757885887e-03
-3.483543966081532189e-02
-1.286510085280302418e+00
4.730400583257645120e-01
-1.288384901448927713e-03
8.967966038680237617e-02
1.496830462937796202e+00
-2.790909204525527376e-01
-1.004047739753476248e-01
-7.332355683868723162e-01
-1.899912075826123981e-01
-2.988925816017071746e-01
-1.683678999352010486e+00
-2.906698973024264832e-01
-5.868247249998835846e-01
2.776845745181800162e-01
-3.303139495198719189e-01
-2.130238712210967278e-01
5.570352892118437538e-01
3.393123162855839481e-01
8.684099227518511654e-02
8.971240016894350688e-01
-1.075646280738482424e-01
-2.263716877377889292e-01
-8.267768849248318119e-01
1.927459077382501496e-01
-4.732910783151803025e-02
4.337452240322715036e-01
8.712613296057198919e-01
2.033291035959412796e-02
2.744900116496757914e-01
5.149361498406583859e-01
-1.821361417785778702e-03
-7.932163328663727198e-02
1.284865982887174740e-01
-1.663945542641629693e-01
2.279819232765227799e-01
4.038021852967350056e-01
4.460236324222718179e-02
-5.138854385527672486e-01
1.222665527197977636e-01
8.622921642851509860e-01
1.091698143282359389e-02
6.764800208056950259e-01
4.562424175502307055e-01
-6.246287632384134314e-01
-7.785318472604239037e-01
1.534897277050875815e-02
-6.922555767680834693e-01
-8.977822421050267732e-01
-8.654557677794357806e-01
6.461634874540762574e-01
-1.451798516649438486e-01
-2.808792946817734171e-01
-7.591874284961598329e-01
7.641704068221100155e-02
3.400101800551393882e-01
1.663254433213690042e-02
1.726364623987833025e-01
-4.469408639832294083e-01
4.766342546375271216e-02
-1.608626324267275476e-01
-2.396012626830229808e-01
-6.510302946121976353e-02
2.553527357557724975e-01
8.500757732441610592e-01
-4.286508513629719852e-01
-7.176708439928782823e-01
-4.828954150262567691e-01
-1.240608131316206647e-01
-5.164235111408610468e-01
-1.779742019166185574e-01
5.877238512755729172e-01
1.262968744070274985e-01
3.906195656795494187e-01
-2.528640660914534544e-01
-2.000451406954301681e-01
6.594378428060648778e-01
5.817797151371593978e-02
6.160673102195557416e-01
3.648769003656903154e-01
2.518517942489651440e-01
-2.084638297979552468e-01
7.579555954215724256e-01
-3.074085747486257625e-01
-3.800716394576229007e-01
-8.142259024857341210e-01
-2.797793282475173893e-01
6.935694539152085225e-01
1.086240259028767419e+00
8.619002641265360865e-01
-6.467190726542130230e-01
-3.081190081107255119e-01
1.159972789558497697e+00
-3.482478028898588485e-01
-2.074834644944971163e-01
-1.060334288826830611e-02
8.075526808969731019e-02
1.076184641601063141e-01
-9.311742139572011523e-03
8.583223370248106443e-01
-4.158172031832382820e-01
-4.049095125116498883e-02
3.326821357334825424e-01
3.588053299376972038e-01
6.999242893931519882e-01
9.026221085504393393e-01
1.748180847411513403e-02
2.678085479805087932e-01
2.207203341834351740e-01
3.022597774302486218e-01
-5.032240331834331171e-01
-6.787428582152531531e-01
-5.607753278420429810e-01
-1.235873296952025441e-01
-1.607412208309946799e-01
-2.613307866838867066e-01
1.490831249891520827e+00
-2.168410176935266775e-01
-3.416132315442835798e-01
-1.517637860692067631e-01
-5.711474064334050305e-02
-1.454138548287325472e+00
6.233651310708731019e-01
-3.712846103642801765e-01
-2.329351452708526837e-01
8.172962683017664931e-01
3.177190958755891637e-01
1.616356080693698571e-01
4.180265624768523813e-01
-3.587076936416614403e-01
1.502259685018652036e+00
-3.542676317907370587e-01
-2.905687513003570033e-02
9.767759447557781138e-01
-9.651946489276793661e-01
-5.529015049058525477e-01
-5.275441506096409938e-01
4.037264781543133813e-02
-9.420473687914113214e-02
-4.886084219729198153e-01
-4.763327788383123207e-02
-3.812029369069886431e-01
5.164243876510551390e-01
3.208480997727438111e-01
-9.722522154945322237e-01
-4.242226858600746664e-01
-9.875093871188628247e-02
-1.516242578048817846e-01
2.215000925413193045e-01
-3.117373655914885688e-01
-4.364124112484809581e-01
2.997443688471531642e-01
-2.244003167753017836e-01
-5.440287153510586782e-02
-4.826197400338813615e-01
-2.262027776682707381e-01
8.111880175797970827e-01
8.044999641815793467e-02
2.048893953756209529e-01
2.981647808754439022e-01
-2.062664183135635293e-02
-6.325566772319128894e-01
-5.077133045860433153e-02
2.853122443416518106e-01
1.069115242311542646e+00
-1.093030267948656292e-01
4.266361680685642477e-01
-8.083314420785206456e-02
-3.326115537491636243e-01
3.630768487726230287e-01
9.525037922282546532e-01
-1.264624609802851296e+00
5.836908326100603839e-01
1.002959639238496653e-01
-1.801731176503974297e+00
-2.101777929604110029e-01
-7.896204407371892886e-02
2.792037656995250972e-01
2.588998506096448216e-01
-2.406852360808542091e-01
-1.438111326411111446e-01
-9.252055063945871516e-02
4.836342443874968589e-01
1.901510241136162849e+00
-3.454380704576486272e-01
-7.733335959307996443e-01
2.424364805740157613e-01
1.790808141361642236e-01
