-3.600053041480239524e-01
-3.075165160027070743e-01
6.001214456694475841e-01
1.352563820597143911e-02
1.211710815966837496e+00
-3.951605911297631502e-01
2.219826126738367322e-01
-1.011234691906403860e-01
-1.365377893318170111e-01
-1.198788729996137781e-01
-7.650033941276943028e-02
-3.732474932370924980e-01
4.256167363693674210e-01
1.069712112485918798e-01
-1.776236339095887962e-01
-7.914306086433029463e-01
2.844667129764024693e-01
1.334155793849615690e-01
-1.739566869419237882e-01
-5.490118536690367923e-04
9.287877392515822561e-02
4.852102647399373359e-01
-3.116663590384141092e-01
6.274302475495810993e-01
3.119256250880491493e-02
6.016385438396011365e-01
-1.204611907480475086e+00
2.458136311547829689e-01
-1.558636747618152019e-01
2.304411593055809837e-01
-1.172869657925372566e+00
-2.102307728589106472e-01
-7.412059167516593661e-01
-3.440001683646191633e-01
-5.434090548449098668e-01
-3.493062653028644604e-01
7.382407671321806752e-01
-8.927795376356199852e-02
-1.148811134228873820e+00
-1.648396418706458630e-02
-3.679892829584590491e-02
1.416614398083613779e-01
2.890787970850255406e-01
1.236914029424664996e+00
-1.841713311416604271e-01
-5.792537088749597496e-01
6.540571816112330517e-01
-2.236231140166344833e-01
-3.627891732373420552e-01
6.877383760427253634e-01
-3.374558885169676725e-01
-2.170204914245871808e-01
4.162493183518332640e-01
5.821026762744430094e-02
-6.738248363789978157e-01
-2.612613061817266602e-01
2.102712988809879446e-01
-5.947502668897196587e-01
-4.197495127152257033e-01
6.603899800765029582e-01
1.013805297919950554e+00
-1.071471312986378432e-01
4.667729909372774627e-02
-1.013948463723364328e-02
4.201035823239539502e-01
-3.225013643822878806e-01
2.499971475330905746e-01
4.305516164739732199e-01
-1.754450083207463318e-01
1.281828348697886810e-01
-3.857932090163911920e-01
1.254480984644135599e+00
1.292424638506542989e-01
7.513750793743515510e-01
4.054227540009771036e-01
3.884962023450601043e-01
5.441033827953704050e-01
-6.899819536345606907e-02
-1.479531633943073354e-01
-4.095029646878782237e-01
-2.815226407907949965e-02
-1.155552182032245911e-01
6.131023960053132438e-01
-1.085285387051309502e+00
-3.122491813973147234e-01
4.410548208231150624e-02
4.995623811804461578e-02
1.437212937693645165e-02
4.140693755316822711e-01
3.746835755375547694e-01
-4.521265728732894451e-01
1.451395077739260631e-02
1.890889648986114890e-01
-3.105110696538661563e-01
-1.109256232388516616e-01
6.345600261964018385e-02
9.026444945421524535e-02
3.340138034201421413e-01
4.426066478100367241e-01
2.162109552651894986e-02
-8.683382813324957983e-02
3.185203814469040884e-01
-8.458742678112306512e-01
-2.544971130389119263e-01
-2.092820791816222409e-02
-1.942188451328827337e-01
2.798390362656985597e-01
2.846085456511864287e-01
1.111400327220272849e-01
-6.636307083254618100e-02
2.652791034291422934e-01
1.251918274496536920e+00
-4.435546334000579072e-01
1.903831452939549751e-01
-5.810043399419913962e-02
-4.464439768821472643e-01
2.144982618785230555e-01
9.243485212140331586e-02
2.885695883031745290e-01
-8.560584831299699049e-01
1.787395199654800704e-01
-2.212631546682278239e-01
2.961729993984994480e-01
4.068101967084892800e-01
-3.076748785097456751e-01
4.904905784589880802e-01
-5.046242484128978800e-01
6.945681446561411398e-01
2.054171749588384333e-01
-1.513159380443888091e-01
7.047405694887343142e-02
4.052630949688624806e-01
-1.174491036010900380e-01
-2.098769759374164712e-01
-2.082146689218985769e-01
-2.136020665302633750e-02
7.658084410697050259e-01
2.001651055892008091e-01
-6.142996165893596094e-01
6.582912809519857189e-04
1.812330620461523600e-01
-4.194542885250632791e-01
-1.602583681607233912e-01
7.683351195250650578e-01
-4.305998045539361496e-01
-1.231182930453916108e-02
3.157275154195658962e-01
-1.874132154025211772e-01
2.416913324053606704e-01
-1.818502881748069178e-01
-2.256989468668421650e-01
3.805191388198033153e-01
-8.675454475991686842e-02
-1.703759004762824825e-01
-3.937669118123342943e-02
5.433493380893407165e-01
4.603495018649936266e-01
-4.686906101787893242e-01
2.051153886768031787e-01
4.461948870292979930e-01
1.348561224230953592e-01
-6.315840386182459687e-01
-5.454422032643863050e-01
-3.656737701784132377e-01
-5.346743045904870373e-01
-3.892735040865896168e-01
-4.478685799994423788e-02
-4.285377904346326372e-01
-2.756633780083721508e-01
-7.665117815529275125e-02
1.061573426907855833e-01
6.787428679302549839e-04
6.107739229549481452e-01
-8.995080432412497773e-01
3.809333740697073978e-01
-7.292934507323612925e-01
-8.635760175459389343e-03
-1.490523601246193652e-01
-8.230179965345069126e-02
-5.179459916027660121e-02
-4.030712928469076112e-02
8.718103454022366749e-01
3.420658276703637535e-01
2.548384148944987312e-02
4.421196589377194841e-01
5.137189450554909831e-01
2.180300099349360698e-01
-3.127141069741364854e-01
-3.268794638043410195e-01
-3.758320953621422933e-01
-7.909193403043687787e-02
5.051878577381475610e-01
6.697752383316075697e-01
-2.256315337905686613e-01
1.813310094362799094e-02
-3.015590006720267335e-01
-7.699537655142403292e-01
2.444481833526208625e-01
7.517551998362623777e-01
7.471610974188213072e-01
2.910173206942087698e-01
3.702006040243138174e-01
-7.724084150066906629e-01
-4.591461948896630868e-02
1.646865140937801009e-01
-1.575758578719951286e+00
5.620906630549032945e-01
-1.137769104918506358e+00
2.375851002159146963e-01
-3.118674411310919936e-01
1.232357774299305819e-01
7.200212859749026695e-01
-4.024605066967145706e-01
-4.114568517927830738e-01
6.850693554361034776e-01
1.066927196461484817e+00
1.419621877820079897e-02
2.550269879789410776e-01
1.146993441067025166e-01
-5.310566050466122290e-01
5.087685935348000843e-01
3.097068901911339545e-01
5.347406739341766663e-02
-1.120963983086305515e-01
1.473494331594488171e-01
-1.787501325145451903e-02
-4.333875567143440771e-03
1.737426091575427350e-02
-6.151286948486541784e-01
-4.454614144390705022e-01
-6.052462740403344865e-01
3.977665567217675280e-01
1.080946374764000240e+00
4.354644701818375929e-01
8.088890378458072350e-01
-4.709824694967311709e-01
-8.337585797338314952e-03
-5.928522690924838967e-01
7.526721564101093720e-02
-1.767301089589515817e-01
4.280473999131815810e-01
3.954106245930680830e-01
7.685474283191701117e-02
-8.621079971945039278e-01
-4.941050182844735628e-01
3.610705931710990191e-01
-7.992642481464724558e-01
-6.078655871681645229e-01
-1.025094692546030251e-01
1.132904889963391865e-01
1.193484912166532519e-01
-1.600124869201411393e-01
3.810918253327307270e-01
9.660868069522741963e-02
6.133988014162266023e-01
-4.749253962976393018e-01
2.747969742797170545e-01
8.128119134989917338e-01
6.376713028429095154e-01
1.319816421393658956e+00
5.521173585845485787e-01
5.045980270644735421e-01
-1.181226168620714972e-01
2.428504155434489387e-01
5.156567427049241203e-02
-8.793574110845335801e-01
-3.441319232639585834e-01
2.425118362084292545e-01
2.259919922281395516e-02
-4.500596532285213724e-01
9.005800020557717112e-01
-3.241276578925604279e-01
2.562964059925348370e-01
-2.019329858183631365e-01
4.305240608425470739e-01
-3.294663743571842329e-01
7.189306588714700075e-01
-2.123012254026323264e-01
1.596258571472917720e-01
6.340384000122971653e-01
2.279446819555215054e-01
-6.510488984162202120e-02
-5.818439709887719413e-01
1.713851283301170980e-01
1.297948155855590091e+00
-2.485131346246190476e-01
-8.233113571307741629e-02
-5.716654654932895596e-01
5.082079552536259426e-01
-7.839865839126357594e-01
-6.896402059236165227e-01
1.255496862564133009e-01
1.114126760487296419e+00
1.874048656456847942e-02
2.530533698861966441e-01
4.630998174299272852e-01
-9.511432021700402251e-01
-4.641384502597366984e-02
-2.109086673327646988e-01
-2.589888240188382151e-01
-2.343703536720026237e-01
-7.456962586662377879e-01
-5.160944685750356031e-01
6.197815472679748527e-01
-1.452736675278089029e-01
-1.817336561461511402e-01
-3.358964319738257931e-01
-1.598005128095580374e-01
-1.036116724769548858e+00
1.753875341218751049e-01
2.582742022435360330e-01
1.057064932623820175e-01
1.986560214364572474e-01
-3.370969096316496771e-01
-6.686010076958677495e-02
1.085415065142783103e-01
3.136951310432368745e-01
4.660409866679532942e-01
3.552773058102779435e-01
1.704187775524454440e-01
1.467640124404553603e+00
-5.003043557458158874e-01
-2.820780937094358731e-01
-3.373481875222992254e-01
-8.184029603560128985e-01
-5.512395406158345779e-01
3.991002327897292395e-02
-9.765198482906417565e-01
-5.080042707646733602e-01
5.162697290881064494e-02
1.955746960638245768e-01
-6.794554458603487834e-01
-5.295442449205278040e-02
8.026742449691485204e-01
7.595749044162743990e-01
7.513296597706912161e-01
2.218385147027174542e-01
-1.176822584164942231e+00
-6.603431311158239336e-02
-4.666568848903935307e-01
-1.661774358506161176e-01
-6.339934046274452450e-01
1.286885108166162528e+00
5.296846722646399996e-01
-1.081390283671363334e-01
5.294667833891659320e-02
-7.185995235261256608e-01
2.565696004178490836e-02
-7.836124849658421265e-01
4.044245362171972613e-01
3.684140386560821878e-02
-1.175924290147666446e-01
-1.101482701165343650e-02
-1.518490294666246035e-02
4.161518438542822773e-01
-6.263470152318094918e-03
5.738522346615081149e-02
3.588693246967548656e-01
-2.806811170548199619e-01
3.732632994068862953e-01
2.986411932405477754e-01
-3.703811442362855977e-01
1.434294493409973281e-01
-3.974815881405425189e-01
-5.364945489255810163e-01
-3.503676327049881634e-01
5.157980417759718827e-01
6.770537655455737269e-01
-1.454478353362099498e-02
2.768134617843458906e-03
-3.384293507425237824e-01
1.840239999470347221e-02
-7.280377782244922269e-01
2.517970051281498423e-01
-2.698840488985525532e-01
-2.453627058376477155e-01
5.872627620350855809e-02
-9.204144527575877643e-02
3.284655139073220931e-01
-6.799660978329553629e-01
2.013940733424373908e-01
1.635581660701612483e+00
-7.992769139865569805e-01
1.068120332221479674e-01
3.129399600589178321e-01
-1.395520018844947918e+00
-6.996337915329250978e-02
8.013774456517632760e-01
5.624993332419596648e-01
4.132971900284048566e-02
-6.917396645476170391e-01
2.722389604857745615e-01
-3.133362121889795016e-01
-9.066157310899244925e-02
2.550857275055340434e-01
7.510158607379471274e-01
-6.456125452318613178e-02
1.997151665596929304e-01
-1.820992619241112997e-01
-3.491151429049808158e-02
-4.786418508093385205e-01
-5.810525930577038756e-02
-9.028026163926052006e-02
-4.093462997406297627e-02
-4.745189503485848226e-01
1.879862963700731915e-01
-8.351290056313018240e-02
2.307404043527576387e-01
-2.152890932763168175e-01
-1.160194495055404951e-01
7.451318849511111564e-01
-2.685066105231119771e-01
-6.679422095557073780e-01
1.078253790288669967e+00
4.941470086044609245e-01
3.118634345608700675e-01
4.710453555137752990e-02
8.274659976530988059e-01
-3.575212795123345472e-02
1.980230382566433300e-01
1.212149434509303569e+00
1.740432893800855085e+00
2.620103071100571279e-01
1.709188448551712119e-02
1.048247394942930066e+00
-1.413053876412793119e-01
-3.596786891951172516e-01
-1.346128123970520285e-01
2.151952395584725009e-01
2.702177244238145315e-01
5.175505063323857513e-01
-4.787070689275754742e-01
1.013394470063943287e-01
-3.490300764215652496e-01
-4.045143899844436119e-01
-2.115969649836256239e-01
-3.197259596304418139e-01
-4.734929904942636325e-01
-8.382771529031882163e-02
1.533020032165259006e-01
-2.135052612692296681e-01
3.133228212976909566e-01
4.945268835586602019e-01
-5.498009761202660856e-02
-3.181723686556482411e-01
1.206368579701560861e+00
-5.124043582378654677e-02
7.528009829887088999e-02
3.801057077088431657e-01
6.709749258785591142e-01
3.038349131762076438e-01
-2.405189602817950356e-01
7.996628683296459761e-02
-3.124245549041798076e-01
-1.296012751016260012e+00
-9.114849352847913533e-01
-1.583570102725387230e+00
-3.034873340614481219e-01
-3.930700486107113756e-02
3.772290152935559027e-02
-4.564201617594627614e-01
-8.189321288787940745e-01
3.884377295677430286e-01
-4.695221104528002898e-01
4.872608518608670392e-01
4.702791377742259749e-01
1.568559385942195350e-01
-7.671348456236717905e-02
2.485125839799207925e-01
-1.679749416231834380e-01
2.859786575577946688e-02
-4.738593554358185717e-02
-1.128098574231105378e+00
-1.176484583634448633e+00
6.185498370439261595e-02
-5.520216675602482304e-02
-9.559193003349347739e-02
-7.194764075312299889e-01
7.656783169793181243e-02
-1.054408828165149525e-01
-5.451667876023476994e-02
3.702278654521694301e-02
-5.228924050043155525e-01
1.835764176248488866e-01
-1.569769156145042754e-02
2.736849866121128516e-02
-1.222170134565766286e+00
4.689161900277835637e-01
-3.503295369039194189e-03
7.563401474476173780e-02
1.500798985398464014e+00
-2.741126356124891639e-01
-1.069314327449332885e-01
-6.923908375744508570e-01
-1.732250242213110580e-01
-2.747866953691727732e-01
-1.682982680524769181e+00
-2.855017703831683185e-01
-5.916297406273506310e-01
2.751986421381102943e-01
-3.340309876396787558e-01
-2.002972428473098476e-01
5.581821334133099111e-01
3.104196990582983040e-01
8.380372848724633450e-02
9.078350509481427633e-01
-1.165660451491483257e-01
-2.391611828391354833e-01
-8.722349111586771286e-01
1.926090096232702942e-01
4.601537286151778650e-03
4.572905756578989900e-01
9.474574255222496522e-01
-9.666083419061914303e-03
2.725746496121367324e-01
4.914405934429734168e-01
-2.062652271142334862e-02
-1.056560013538975495e-01
1.675431455612771403e-01
-1.398147052192382223e-01
2.092232843939786646e-01
3.816126089482340666e-01
4.670824785303921006e-02
-4.733628475831183624e-01
1.140189249764114593e-01
8.702039215606556244e-01
1.261547260192747398e-02
6.879527124396859206e-01
4.395479543770536290e-01
-6.055602303175507961e-01
-6.127620900392951597e-01
2.654896285718528690e-02
-9.369732317788884712e-01
-9.009017667602661206e-01
-8.492888946877796830e-01
7.700278142586416408e-01
-1.531232086173154594e-01
-2.904162061196130518e-01
-7.604649525949712663e-01
1.185869243302603848e-01
3.646906022617286691e-01
4.658893221017926939e-02
1.606381952360385890e-01
-4.082181486449647512e-01
2.549440580510291265e-02
-1.578508495802788680e-01
-5.071671896613607622e-01
-5.643683297077570216e-02
2.427042350680369831e-01
8.570837494330229012e-01
-4.247347570499490632e-01
-7.500070437932927492e-01
-4.827036627043717054e-01
-1.137837265164684947e-01
-5.177637773319166969e-01
-1.935546794540868587e-01
5.733596775406328838e-01
1.033155790254843831e-01
3.940024802685748173e-01
-2.851000209893338466e-01
-1.299756552179663072e-01
6.542501841287421405e-01
5.308043087744537120e-02
6.335370773071837824e-01
2.761360956582668003e-01
3.776341769347602018e-01
-2.038177082578407351e-01
7.722298664607571972e-01
-3.040156212016877357e-01
-3.633346438273949985e-01
-8.021148271572549060e-01
-3.022870540495252167e-01
6.673341350284249796e-01
1.093615105085672612e+00
8.269466389708749476e-01
-6.086508402054205957e-01
-3.081055584963191540e-01
1.332278131937538079e+00
-3.493934901947355898e-01
-4.131770744318672417e-01
3.915560613013181757e-02
7.994153633258434255e-02
8.472624640747891678e-02
-1.568453088581437394e-01
1.003237706073813573e+00
-4.009284896024645772e-01
-3.201248835548645144e-02
3.428676926335053055e-01
4.569380337371446998e-01
7.835951439017007081e-01
9.016371914415166611e-01
-1.500185106242298352e-02
3.099031338550059522e-01
2.201942080496866183e-01
3.177063077723537576e-01
-4.947610299211950280e-01
-6.935670767260240233e-01
-5.075257491950325717e-01
-1.379447303582400641e-01
-1.221943296273486218e-01
-2.508999009675376146e-01
1.476061021635498571e+00
-2.087979487208833362e-01
-3.591719276442250086e-01
-9.653753387584086687e-02
-1.382287163887918613e-01
-1.444060346649593374e+00
7.693983269808644110e-01
-3.807910991430360492e-01
-2.377553187761416442e-01
7.945005915620045878e-01
3.444688612289481533e-01
1.713346843639016182e-01
5.285414441980559319e-01
-3.666197765868874914e-01
1.483717470887691459e+00
-3.534006625785897637e-01
-5.654278255583804202e-02
7.834174604685264498e-01
-9.145258277124901358e-01
-5.568387462241901620e-01
-5.150755119002063953e-01
2.731185650057482359e-02
-1.085366910673689206e-01
-4.885313548180426069e-01
-5.092577284987602482e-02
-3.747285503457750688e-01
5.020573937757161209e-01
3.018455470410795205e-01
-9.217008822257979350e-01
-3.787646994326719363e-01
-1.123039093987290016e-01
-1.332238451088814668e-01
1.908716966862658571e-01
-4.689449607667769970e-01
-4.502427512796206566e-01
2.803253727245797466e-01
-2.170215859863822705e-01
-3.211683568686450607e-02
-5.133380053704728052e-01
-2.403017298435684013e-01
8.135822728175691188e-01
1.235745824950325589e-01
1.937028584296598965e-01
2.974156270980994332e-01
-3.286408863607230557e-02
-6.354364417978510815e-01
9.680016315313816344e-03
2.672683585557963371e-01
1.070948924487851395e+00
-1.173421209247735852e-01
4.125721604706790724e-01
-2.370758663220780271e-02
-3.437960636773477741e-01
3.866150364644067583e-01
9.003020735951698938e-01
-1.177294711002452976e+00
5.443046845739446526e-01
1.024584743691551725e-01
-1.905016052868634402e+00
-1.188852205881858887e-01
-4.387940083012580039e-02
6.446788133601857873e-02
3.729992731076669510e-01
-2.508809055437865587e-01
-1.243468893389141072e-01
-1.007703668947560749e-01
4.307200648109719698e-01
1.856231036486483799e+00
-3.259651994447876344e-01
-7.718423327251983102e-01
2.307286290044762711e-01
5.323205728804341064e-01
