-3.527691146973281899e-01
-2.789670927122805955e-01
5.738136619157329088e-01
3.207929288059060274e-02
1.173218069535255870e+00
-2.623675131847827968e-01
2.244402910642834259e-01
-1.263422106425649560e-01
-1.138391151758175457e-01
-1.254952821492863468e-01
-7.086567349496104840e-02
-3.596870837949827648e-01
4.206444334299832000e-01
1.193734073880636654e-01
-1.312649069018353432e-01
-7.407840981142671533e-01
2.849254678004104480e-01
1.332865263871690353e-01
-1.900205379242880521e-01
1.915311692941780788e-02
3.031329694029427646e-02
4.302323691137975303e-01
-3.156687839738673840e-01
6.278397965391249169e-01
5.159258496224240070e-02
5.594646936211971067e-01
-1.072439899067673119e+00
2.394823319349866642e-01
-1.648416122952695573e-01
2.276869697978946561e-01
-1.104130423143660611e+00
-1.925930840279208300e-01
-6.742307843097329334e-01
-3.343190007424746701e-01
-5.372815022405061924e-01
-3.626086350419996940e-01
8.392455738702019330e-01
-1.045195295554790932e-01
-1.121581991279718027e+00
-1.593857081487958308e-02
-3.651365945900650334e-02
1.797496686683639211e-01
2.957892644476167177e-01
1.225451957130891278e+00
-2.008025208112435567e-01
-5.674125167031160988e-01
5.434085999031018632e-01
-2.119556470851511609e-01
-4.055241272590802692e-01
6.853807020742346268e-01
-3.499838994312164941e-01
-1.974894040836913944e-01
4.963289241749981318e-01
5.586838062172153063e-02
-6.843254099106279575e-01
-3.987807487977213516e-01
2.258174634018141336e-01
-6.082024450829954798e-01
-4.522636944563725447e-01
4.430732326332828541e-01
9.930126058865851313e-01
-5.432032475046244535e-02
4.473660186545068418e-02
-1.735302911403860241e-04
4.145920951982164926e-01
-3.238629300132629951e-01
2.511697456128335060e-01
3.807847047476562996e-01
-2.071199541976777858e-01
5.720738828757111066e-02
-3.400701060910545914e-01
1.175431138461902059e+00
1.245708264448151387e-01
6.431228177160955850e-01
3.960276518084726027e-01
3.867361242153929402e-01
4.659203559957120211e-01
-8.203764221080128705e-02
-1.692113786363939332e-01
-3.726217423705587284e-01
-2.349525750837503507e-02
-1.361879652867288570e-01
5.968260030006149464e-01
-1.058827896442675165e+00
-2.705150611154589768e-01
8.606248281780425058e-02
3.885091417569491723e-02
-2.206036780085993826e-02
4.700646927423141608e-01
3.995771445536054345e-01
-4.401911770407218039e-01
-2.749263520717744151e-03
2.043545188449396033e-01
-3.161762065080940265e-01
-1.451954789944854551e-01
1.174832425322338142e-01
9.569298611180752923e-02
3.212653548482568011e-01
5.622707056080336052e-01
7.129043943130968126e-03
-7.659632406291809470e-02
3.203870815044904119e-01
-8.578427197378191149e-01
-2.471871775304981533e-01
-9.266245854729000461e-03
-1.907129255389580225e-01
2.895242012350354166e-01
2.369052669912286857e-01
8.434043680806314891e-02
-5.393833832610010759e-02
2.234026455460410565e-01
1.216307550161927598e+00
-4.060989585130173052e-01
2.177668663990006970e-01
-2.835670797621527711e-02
-4.639513247584965416e-01
2.110949047786818411e-01
1.252790429724988386e-01
4.110793642829804195e-01
-8.280040285290989344e-01
1.546758637338171982e-01
-2.588578859830747425e-01
3.093919311057387045e-01
1.668790181652021476e-01
-3.319837751294204553e-01
4.435848769120278035e-01
-4.790148534476620368e-01
7.575372331041191343e-01
2.198282162509234972e-01
-1.724913252624860893e-01
3.752444153856799441e-02
2.875212462433575089e-01
-1.122205290238308117e-01
-1.796582085610668456e-01
-1.907628133988226726e-01
-1.892189880383115868e-03
7.364036650311112098e-01
2.013520319920120982e-01
-6.845035328829953691e-01
-1.285526522665365358e-02
2.750584085689107838e-01
-4.059849254202200775e-01
-1.767733668340618902e-01
7.677679368527133841e-01
-4.036545662130692214e-01
-3.958973905632841295e-02
2.789038715576964700e-01
-1.596123163135540479e-01
1.791738781873124242e-01
-1.122588364777870329e-01
-2.020389130577842363e-01
3.496607042255769349e-01
-8.118578892860743579e-02
-1.393862459812641175e-01
-2.709183422723259252e-02
5.439169373999412915e-01
9.904166299245723004e-02
-4.184606601306423146e-01
2.170503641538978623e-01
4.125265310948826869e-01
1.111393286500330785e-01
-6.049455767564517750e-01
-6.261604997265354244e-01
-3.455248209840140472e-01
-5.393256400893801095e-01
-3.889284009396326569e-01
-2.748857533412516277e-02
-4.655696641913978362e-01
-2.986758093865890529e-01
-5.348439184359716353e-02
1.134318080258588241e-01
4.056415924564809976e-03
6.032196934337465954e-01
-8.892961758277253548e-01
3.686184392447727776e-01
-8.127347899002640430e-01
-7.895836240911731363e-03
-1.792869468900586960e-01
-7.470209566571278659e-02
-6.772295491554423952e-02
-5.703890964381687356e-02
8.100220434993270491e-01
3.374107672503072752e-01
5.509048461767938887e-03
4.546499393575924031e-01
6.152055364758893807e-01
2.111768801806975515e-01
-3.562623597601117242e-01
-3.234100141225814684e-01
-3.779991223384290278e-01
-5.109422132085796042e-02
4.920770565024216170e-01
7.073497611660146678e-01
-2.110948771119803002e-01
1.482539659156925822e-02
-2.732935318719789120e-01
-7.632280438624182706e-01
2.624737112717975274e-01
6.195222825904332931e-01
6.387496992596064516e-01
3.004989595421834747e-01
3.901130174862769140e-01
-5.675079585138895766e-01
-5.733377130452691622e-02
1.725086745710311953e-01
-1.346078804669808004e+00
6.254989646785827917e-01
-1.156662909311355625e+00
2.200439445065130728e-01
-3.184129058221373820e-01
1.011011948448247988e-01
6.236444651497332625e-01
-3.871127043594459471e-01
-4.002766653660652096e-01
7.369056639809159481e-01
1.082582585198517577e+00
2.607741399097176366e-02
2.419675126916943919e-01
1.303678853972402574e-01
-5.195251295910348066e-01
4.951022457965068568e-01
3.087967465314832571e-01
3.315428606920819629e-03
-1.157297362558637743e-01
1.389861498244617799e-01
-2.762604963682098458e-02
-1.176517700466286377e-02
3.241503541353182860e-02
-8.300058631106439488e-01
-4.554705042929261261e-01
-6.762540457204835320e-01
3.990072774610975981e-01
1.061410657792471790e+00
3.862334052328584844e-01
7.582539182188413607e-01
-5.375989858565550783e-01
8.381601099150032264e-02
-5.937142467985617733e-01
6.177052410240189279e-02
-1.701351833054167983e-01
3.762592395297962300e-01
4.084976663046247514e-01
-1.763703912620698559e-03
-8.152635094573206231e-01
-5.129017062683991490e-01
2.799531167692171918e-01
-7.055899339800137948e-01
-6.653556509765934379e-01
-1.070877824051822136e-01
1.274494739170335122e-01
1.020610707567100733e-01
-1.650415869841226624e-01
3.113638708143976475e-01
1.355817681488069582e-01
5.259489901964119474e-01
-4.439969739603054077e-01
1.978802502026475729e-01
7.623952232893438374e-01
5.846933727184991936e-01
1.277200339054707756e+00
5.599411165789988098e-01
4.639432086280836365e-01
-1.516803205067632498e-01
1.797152569381958442e-01
5.629921714944744610e-02
-8.374274155230698735e-01
-3.213308389699254808e-01
2.866416012271842395e-01
1.458837902506755768e-02
-4.885317582053445018e-01
8.839764857008298726e-01
-3.206383306863161420e-01
2.632941082270929267e-01
-2.155076195190986643e-01
4.507238147382623406e-01
-3.114390159442256834e-01
7.260746669581422674e-01
-2.058526931714136643e-01
1.779942410344833026e-01
6.173565748857740010e-01
2.401668647348803587e-01
-6.198211502394312261e-02
-3.921581674537684692e-01
1.611674663191411394e-01
1.464669809972622083e+00
-2.190420872644452954e-01
-4.837792487755333132e-02
-4.605784383464713305e-01
4.683446185960714048e-01
-8.024633640641477550e-01
-6.505320604634140524e-01
1.301805765663976988e-01
1.100480357854345614e+00
1.949488950477210264e-03
2.868801450229593319e-01
4.341099088274124052e-01
-9.625536146937325732e-01
-4.632660970072794565e-02
-4.362520929722893404e-02
-1.698042445347996421e-01
-2.408623280758664942e-01
-7.234057488314319384e-01
-4.694988399392518441e-01
6.056805224892897188e-01
-1.601387773578299700e-01
-2.064606594379183313e-01
-3.479671073563318506e-01
-1.125581968128591820e-01
-1.022046036038672057e+00
1.943290474298771386e-01
2.350328477350175360e-01
1.534783944888651885e-01
1.810369844255252103e-01
-3.133685665080062077e-01
-1.370342486468274085e-02
1.298381856658425981e-01
3.109195944047526972e-01
4.541285907173175929e-01
3.752060585270939885e-01
1.560226995415623097e-01
7.192759922900350267e-01
-4.808700414194330697e-01
-2.562875906374383339e-01
-3.050663298370657195e-01
-7.835679168035050157e-01
-1.732618071455382380e-01
3.343449062703251345e-02
-9.035467261791352289e-01
-4.773870675895311999e-01
-4.847875347534199089e-03
1.936353345208969290e-01
-6.671393971788325272e-01
-4.793495258721387764e-02
7.308772032087419435e-01
7.415109411189275690e-01
7.327216644198258910e-01
2.100216070927634349e-01
-1.104438561567976373e+00
-8.716331672353404281e-02
-4.843633848042645518e-01
-1.467850327741132554e-01
-5.920306544423087347e-01
8.024505895067541861e-01
5.241621188004963461e-01
-1.301619229560565250e-01
2.463829298810978757e-02
-7.151895777372967444e-01
5.236487666562874427e-02
-8.397887983518178556e-01
3.982468715746967369e-01
6.107931873177657039e-02
-9.569177014751430177e-02
-2.361527667893196375e-02
-2.637502248754873893e-02
2.085039903597868671e-01
4.128531747361470841e-03
1.085573857973582967e-01
3.601412343119767545e-01
-2.688430449132850897e-01
2.873305478520674083e-01
2.483005442529470363e-01
-4.211066772150605098e-01
1.729660464051955282e-01
-3.842214876234608112e-01
-6.016748261549910159e-01
-3.080036689643559367e-01
5.015928990930261788e-01
6.457244389042198218e-01
-4.358887851208504555e-02
3.726774852398086896e-02
-3.066840796888135601e-01
1.515436577677216345e-01
-8.223202021887476842e-01
2.402742812795553851e-01
-2.849979206435014345e-01
-2.720892889916764479e-01
4.417847072364397554e-02
4.276421254644014597e-02
3.154251154891875020e-01
-6.036634258048774182e-01
1.508961607204586941e-01
1.597201788669854183e+00
-8.042681044831492265e-01
1.059071033095206338e-01
2.992389989164205844e-01
-1.395964340999305442e+00
-6.623511816547035524e-02
7.803370228836409295e-01
4.743250453375689180e-01
1.591069556611107022e-02
-5.236471095477411852e-01
2.093708867767969661e-01
-2.142649669509827659e-01
-1.033704359677342643e-01
2.323113360652746262e-01
7.308462964057885758e-01
-1.067796573752591849e-01
2.193262312794365121e-01
-1.966879333127383167e-01
-4.082477998508481087e-02
-4.569690706465154295e-01
-1.145253128046795910e-01
-5.290700363723912364e-02
-4.285239158669300330e-02
-4.722591163788745772e-01
1.841179732891985721e-01
-6.102953801481555279e-02
3.471847467973617762e-01
-1.712003567840607310e-01
-1.468806464953915925e-01
7.190539025112748783e-01
-3.055728234469962112e-01
-6.354733659617207708e-01
1.075158070344635286e+00
5.383508969701831237e-01
1.853436747878597635e-01
4.514053279011778774e-02
8.108403673249897636e-01
-9.641926812860436569e-02
1.959386380247060688e-01
1.210933701021752240e+00
1.661962952255825687e+00
2.907875035497162752e-01
3.206443666762783667e-02
1.011446100631855805e+00
-1.270073719055367922e-01
-3.845985472083348067e-01
-9.389700785956296702e-02
1.966213914775808425e-01
2.652501466539292085e-01
4.888443644646042197e-01
-4.397578014944679148e-01
8.948221553740194623e-02
-3.744914267795356189e-01
-3.401110470024761301e-01
-2.303751545848970184e-01
-3.043100266259679554e-01
-4.768979550826271674e-01
-6.845949916240312572e-02
1.538112536253898599e-01
-2.540043059504804579e-01
3.163508173586088712e-01
5.005163489817343603e-01
-5.455678315320123400e-02
-3.339075468605556818e-01
1.287313181247917937e+00
-1.144932373202495364e-02
5.414156618886532824e-02
3.719040327063301010e-01
6.629143876017546955e-01
2.870454727594942135e-01
-2.384661449520191490e-01
9.437352685901204130e-02
-3.606185976000238491e-01
-1.366689071416580692e+00
-9.226323710635180309e-01
-1.085241163315860069e+00
-2.880702812746944175e-01
3.395630002639515171e-02
1.440959784983295022e-01
-4.130135329470801531e-01
-7.619991337156919453e-01
4.301737779230032643e-01
-4.690414866788993886e-01
4.939523328171320782e-01
4.803717003534725971e-01
1.348228261711079123e-01
-6.702448577609226854e-02
2.280930142441507658e-01
-1.572248303172245343e-01
4.612434186267464452e-03
-1.134072590613178708e-02
-1.154331070854197616e+00
-1.092799742721716205e+00
4.782938395340189525e-02
-5.237821893428264847e-02
-1.521974944267268093e-01
-6.299561668397537506e-01
1.145120510546729017e-02
-3.240111056701060893e-02
-6.607843256101005036e-02
4.512838671865317119e-02
-4.608673976584067300e-01
2.091239617276438312e-01
-1.351848457996979516e-02
-6.463080203024781922e-02
-1.309655232444898454e+00
4.595171603538198424e-01
1.182259493303093253e-02
5.740820343782765400e-02
1.507093091915651772e+00
-2.675580924065203980e-01
-1.218769977955405232e-01
-7.073657351556940087e-01
-2.302204025768989359e-01
-3.011351211320759669e-01
-1.610369905667678569e+00
-2.603837949457772361e-01
-5.890415198107226136e-01
2.777343827262592213e-01
-3.541307353585415041e-01
-1.780927316787456749e-01
5.354984103997675327e-01
2.793097516845712280e-01
7.914320494007071050e-02
8.838790116415189413e-01
-7.770230026319981109e-02
-2.353854525219671867e-01
-8.705193662060327631e-01
1.881349042769126234e-01
-5.536435493714694095e-02
4.108748868686293854e-01
9.213821072909658128e-01
1.845936842002132011e-02
2.522742538541291601e-01
4.956755263491382513e-01
-4.878337566407435662e-03
-8.242400148988937580e-02
1.608674300307208205e-01
-1.831513535215241462e-01
2.210515252477346371e-01
4.016545497456379121e-01
5.228799861032322471e-02
-5.377958469498517191e-01
9.390285473540097017e-02
8.024711866860418930e-01
8.437319645353472466e-03
6.648700621177594527e-01
4.186953090792306376e-01
-6.068764397410937317e-01
-7.345182732143031856e-01
6.707413866276699943e-02
-7.437270702145583057e-01
-9.019823466552656654e-01
-8.339410336449559757e-01
6.148380141601114124e-01
-1.803925947668151841e-01
-2.935629339764968537e-01
-7.128488717581665801e-01
5.086186551556326485e-02
3.426716586255116326e-01
5.620958433149439437e-02
1.969764992650957225e-01
-4.331883186446952583e-01
-3.147876455468871099e-02
-1.051282885529414429e-01
-1.556399242958385887e-01
-6.260314797806945664e-02
2.305810717685940203e-01
8.599725018257008413e-01
-4.029154884987279917e-01
-7.491958097529098914e-01
-4.525102132567501712e-01
-1.441719965560272210e-01
-5.062777668761592187e-01
-2.617365349481962644e-01
4.928411508905076732e-01
9.577865501381004065e-02
3.772500067820676040e-01
-2.611111551494874616e-01
-1.777211693621373323e-01
6.494917638069837018e-01
6.013175183124014334e-02
6.264447230240974829e-01
3.546262915096696777e-01
3.057059466407471837e-01
-1.996740752728423940e-01
7.918060377743981748e-01
-3.247269592912764291e-01
-3.623861341465768326e-01
-7.975643335290286684e-01
-2.735099853576690720e-01
6.505384498286830297e-01
1.054903990651862467e+00
8.246794455463298812e-01
-5.945807678811352304e-01
-2.981697032739430986e-01
1.112226650114197080e+00
-3.380176432358405481e-01
-2.347480916713147736e-01
-1.992322422919546969e-03
7.731089930828841106e-02
9.342807058492878791e-02
-1.195084299969364529e-02
8.643344919819148098e-01
-4.068050584690344196e-01
-4.403436797437862427e-02
2.928911323565943636e-01
3.436594263256896320e-01
7.237868634871590379e-01
8.865574079119559192e-01
-7.704269971716106585e-03
2.125166262610083956e-01
2.192387284178542173e-01
3.682680748311045194e-01
-4.605459773632863962e-01
-6.451401152593823074e-01
-5.584118216374838184e-01
-1.202060373138419402e-01
-1.246740670176180593e-01
-2.660157394692177490e-01
1.453891943315532842e+00
-2.075530782786519646e-01
-2.918162029760762444e-01
-1.138949050226055471e-01
-8.594075299318887362e-02
-1.414197867831181510e+00
6.178192862296399968e-01
-3.582745287267662948e-01
-2.272639928395888964e-01
7.936907197072347042e-01
3.065917306021127553e-01
1.996022985373673564e-01
4.395675005104312527e-01
-3.792790189141552748e-01
1.444201751783383170e+00
-3.715476547050360900e-01
-1.622613921846313353e-02
8.948625106391966399e-01
-8.422959738039684785e-01
-5.518993678824936078e-01
-5.052733566582953140e-01
1.075159902223794470e-02
-1.165613414769908762e-01
-4.895242694175644393e-01
-1.201160686843286141e-02
-3.720491688016582810e-01
4.763819544917419768e-01
2.942408442274355718e-01
-8.751638456832131485e-01
-3.853706449298134884e-01
-8.199878883293035270e-02
-1.266358010228251785e-01
2.124876423642574341e-01
-3.216044170061510554e-01
-4.299374940060056161e-01
2.570354370195550575e-01
-2.053796270246139588e-01
-4.270844892639628909e-02
-4.699793580034231089e-01
-2.252668491144631524e-01
8.234097163066537162e-01
4.806850836627877405e-02
2.071476441445336825e-01
3.168034396592599999e-01
-6.603036388062056943e-03
-6.296720664403628875e-01
-7.286521486314322116e-02
2.597857589105639908e-01
1.103453266793946286e+00
-1.087130575898652557e-01
4.292338036028294224e-01
-8.734240138827667477e-02
-3.045894248947080274e-01
3.291772588857808657e-01
8.439227475257828903e-01
-1.232366768796957057e+00
5.190964410513577709e-01
1.024608539393235263e-01
-1.696066669675142080e+00
-1.873684825381150276e-01
-7.037152319619202623e-02
3.064613523936266515e-01
2.418007507550155311e-01
-2.255371812941210641e-01
-9.913196446041909471e-02
-8.301224299934654993e-02
4.643265657527232970e-01
1.803524988661318496e+00
-3.165439889188282341e-01
-7.462800124874691132e-01
2.427222456279118645e-01
1.585546016776918088e-01
