-3.668833266410365113e-01
-2.783399171527802252e-01
5.795181948084824342e-01
2.788115327996209050e-02
1.196392459036519584e+00
-2.674305003722519669e-01
2.214618541603623481e-01
-1.054772208418126717e-01
-1.251626655732825666e-01
-1.278475814237556019e-01
-7.975770869812739972e-02
-3.732219123017536111e-01
4.179979918500456582e-01
1.521288833855043432e-01
-1.534920534987228302e-01
-7.500438237099245065e-01
2.824480746187210123e-01
1.274427579096523155e-01
-2.132315079453946105e-01
2.247726866794227951e-02
5.949124950000340278e-02
4.409387873107531997e-01
-3.099710423287522221e-01
6.376428941754175295e-01
4.616238247298173197e-02
5.624135331868527210e-01
-1.117966844803379489e+00
2.380509929699297922e-01
-1.528231896033296067e-01
2.325680799271908072e-01
-1.116417646806715958e+00
-2.005883672536716567e-01
-6.984577526551951632e-01
-3.382327351619036637e-01
-5.327877807149006273e-01
-3.458665322832374933e-01
8.413461062716005578e-01
-1.183336872304209808e-01
-1.051306236808487560e+00
-1.912270357807148435e-02
-3.191578706277615335e-02
1.856088803571270263e-01
2.931405470233893196e-01
1.222084659853811317e+00
-1.993360194485070958e-01
-5.847516025168881804e-01
4.975756282921954821e-01
-2.059044783456507044e-01
-4.113934977789117653e-01
6.822766286987587137e-01
-3.428566228754047485e-01
-2.134819836491575196e-01
4.691425994288676571e-01
6.080257514340000474e-02
-6.762689573477709271e-01
-4.316281280546629961e-01
2.251839400476503272e-01
-6.143165140830106896e-01
-4.413554676055230774e-01
4.652834936531465293e-01
1.015991841846708210e+00
-6.081187132154112357e-02
4.475007062251599305e-02
-1.262229260349958908e-02
4.186412795163700351e-01
-3.225079683414152076e-01
2.455119522168303925e-01
4.038185714044199015e-01
-2.057806730502018122e-01
7.105509665999185098e-02
-3.712545735438306793e-01
1.178292094909737742e+00
1.476059564011950598e-01
6.349894234903212809e-01
4.050282889777202522e-01
3.978200866052639673e-01
4.748786401588464545e-01
-9.185207437745943060e-02
-1.747313392542609589e-01
-3.914000364259633269e-01
-2.921777180466507071e-02
-1.375211133960844434e-01
6.156654491488772196e-01
-1.066721637673113454e+00
-2.601740422999257452e-01
8.006613540586544897e-02
3.320379263640766548e-02
2.813693696179380994e-04
4.820942799387344935e-01
3.875462385324093262e-01
-4.471410579610885505e-01
5.052194823706775834e-03
1.942886163604119754e-01
-3.093011215218251508e-01
-1.443110969613219663e-01
1.080716613475181109e-01
1.004500778641980452e-01
3.303260316108362349e-01
5.883614294314841731e-01
1.837086295273953479e-02
-8.208236787412548363e-02
3.230428147116591875e-01
-8.552857710257298907e-01
-2.434222611436224759e-01
-1.643482773750926454e-02
-1.778183852713702273e-01
2.828023949933954895e-01
2.484899535652767555e-01
1.035472459079727486e-01
-6.362384767522517859e-02
2.363443380058898868e-01
1.264874838879919139e+00
-4.301497990569299601e-01
2.032948825081758726e-01
-5.699868276629589670e-02
-4.697197736360927967e-01
2.187119103318247437e-01
1.173086554227878581e-01
4.093340263759336350e-01
-8.490468206184867972e-01
1.705324191584861038e-01
-2.775497173763979974e-01
2.981581912582439986e-01
2.415510270577635454e-01
-3.316259202320804844e-01
4.656260169292458784e-01
-5.053646813944949745e-01
7.493957156675574716e-01
2.094241351017100128e-01
-1.805755835258275044e-01
5.413155587050661778e-03
2.993037391937113378e-01
-1.179584823311368019e-01
-1.963212351919404186e-01
-2.015933188313971947e-01
-1.732542787465270184e-02
7.416792790544431968e-01
2.135203497767778347e-01
-7.036856206264202607e-01
5.925332691340996771e-06
2.286699427481067859e-01
-3.800292103315344172e-01
-1.656274147728808432e-01
7.637797056649890948e-01
-4.195681774279670373e-01
-3.262212555118906149e-02
3.049161690903131605e-01
-1.817191443925678107e-01
1.827932698326114047e-01
-1.070014688875320502e-01
-2.070914396132900459e-01
3.553250111261925248e-01
-8.699440997231248918e-02
-1.422269580579663406e-01
-2.378139643847843737e-02
5.443936915602520799e-01
1.844883645844245801e-01
-4.389865008620459919e-01
2.226389014378560849e-01
4.096219332442256333e-01
1.195177781196289091e-01
-6.395672185414381650e-01
-6.248700971290327422e-01
-3.538905719197428246e-01
-5.595688766596692565e-01
-3.909364737036230553e-01
-2.602562120276556354e-02
-4.440066110534345301e-01
-2.812916114860398720e-01
-5.887286840110699665e-02
1.103716063474336762e-01
-4.303454840263625132e-03
6.139427826925530907e-01
-9.012265301628816783e-01
3.406820976356001451e-01
-8.046644095910923111e-01
-7.523437024759966653e-03
-2.207487812338772837e-01
-8.888435889581484950e-02
-6.664928194815807061e-02
-5.164502138140445592e-02
8.467030512754959437e-01
3.409473807469569073e-01
1.076461490562042461e-02
4.695981849134744368e-01
6.369289555677224435e-01
2.162979946396715591e-01
-3.317245108024328704e-01
-3.251005763063694598e-01
-3.787489855177810782e-01
-5.119874271456076320e-02
4.958872624111473892e-01
7.001688834627989300e-01
-2.165307356134338890e-01
1.551527265667439377e-02
-3.079958718516592753e-01
-7.817095172104734369e-01
2.526918904226708729e-01
6.237864171324256635e-01
6.934597700484633753e-01
3.110982698005700375e-01
3.869748146459661697e-01
-6.072493540786543242e-01
-5.512929344599040715e-02
1.728633105347234800e-01
-1.433249729850572862e+00
6.356304100084212427e-01
-1.087829718335864726e+00
2.301444423003401185e-01
-3.658601897380103218e-01
1.254708309379697906e-01
6.550296752633142372e-01
-4.001316050914758837e-01
-4.098391461188001239e-01
7.289985548876227739e-01
1.082431999596698224e+00
1.818891962074878094e-03
2.552105752893127355e-01
8.903576999581448714e-02
-5.306243699419667115e-01
5.057683313285145088e-01
3.165762588572983982e-01
3.168201305986365762e-02
-8.954068127523280574e-02
1.376463159342100617e-01
-3.139451320052950856e-02
-1.676682187961458376e-02
2.396167911395741257e-02
-8.678261652269106952e-01
-4.611671618520168381e-01
-6.980668805524697929e-01
4.502122979774212941e-01
1.103012068359530362e+00
3.856336194640721526e-01
7.720021708596188637e-01
-5.157102796634165376e-01
8.546948630299426586e-02
-6.286227985013884689e-01
5.920914983944375320e-02
-1.678289526628020945e-01
3.837440149419441004e-01
4.090549204240220837e-01
4.268692541439526866e-02
-8.407887657111947632e-01
-5.071162425976137866e-01
3.035940096334616145e-01
-7.267414226288707590e-01
-6.468651965584134578e-01
-1.038484135823578847e-01
1.251330156560301887e-01
9.554571913214064682e-02
-1.636381410664613789e-01
3.147310666476159091e-01
1.079921964532463002e-01
5.383897232350488560e-01
-4.710862255222448836e-01
2.526604406652503410e-01
8.179816713272594075e-01
6.204903567645128071e-01
1.304277931752390929e+00
5.639150204965667212e-01
5.008127748481441266e-01
-1.387418249982812768e-01
1.488456475744210084e-01
7.968404700215125924e-02
-8.732320568672296002e-01
-3.345331966152648162e-01
2.679072212505521078e-01
1.438724376539627856e-02
-4.758180953053547935e-01
9.097590031332812854e-01
-3.256428508888175588e-01
2.551784979068368875e-01
-1.976286832286132666e-01
4.683229914729408194e-01
-3.295500996117631254e-01
7.491681616047960457e-01
-2.136315101337207534e-01
1.665904405971519731e-01
6.175824635356537140e-01
2.231102097343817536e-01
-6.749950041718567884e-02
-3.907949768638033228e-01
1.725674234075328661e-01
1.476159310371076172e+00
-2.146518808387626320e-01
-7.563965575033300415e-02
-4.817583208188322419e-01
5.004298871928087866e-01
-7.857722899344613543e-01
-6.973348006220037032e-01
1.438435222909013045e-01
1.114092397061684725e+00
2.666173153347719919e-03
2.751063827660362171e-01
4.539439677784292138e-01
-9.935385602676534145e-01
-3.589438807815952676e-02
-5.808238244342354972e-02
-1.806963298802260753e-01
-2.402820550974113789e-01
-7.363917240345563275e-01
-5.065514402783672931e-01
6.161609143905284469e-01
-1.858992685390342958e-01
-1.999949180472434251e-01
-3.516992677035842840e-01
-1.388353477820368775e-01
-1.035891159661681993e+00
1.834797629638697525e-01
2.466796917021221447e-01
1.655920628139749551e-01
2.098138280684324897e-01
-3.334952943098415390e-01
-3.307528475407735952e-02
1.236776370846073281e-01
2.996846142468030383e-01
4.672957624508308205e-01
3.601986083766933744e-01
1.657405454003998968e-01
7.812465970007853588e-01
-4.857742926716674958e-01
-3.598515335838472495e-01
-3.072438748391065899e-01
-8.046592668902007306e-01
-2.293977778249403354e-01
3.720513398561968443e-02
-9.186515585057224431e-01
-4.830692562832998860e-01
3.113933501152360561e-02
1.862120195855731519e-01
-6.724902488008314139e-01
-5.965365228207387266e-02
7.238639543263587495e-01
7.577168866287395943e-01
7.302659677106210223e-01
2.165856736646786518e-01
-1.156257620876857795e+00
-7.922662519704946893e-02
-4.711090448961965937e-01
-1.654490685227049673e-01
-6.026220980714620534e-01
8.215380231477792394e-01
5.337421655096383777e-01
-1.301126032270515376e-01
3.464317368755294446e-02
-7.249766678909504991e-01
4.969076030267014638e-02
-9.080077049701383851e-01
4.089594031642431737e-01
5.227187130994160463e-02
-9.106173289521614367e-02
-2.228111350153412148e-02
-1.776027457920101305e-02
2.335885967166819732e-01
-1.071987582240353960e-03
1.145843741508518893e-01
3.654450356509489906e-01
-2.737573342296200640e-01
2.949534542345076393e-01
2.666035659103827005e-01
-4.339285232123908376e-01
1.648855832145877665e-01
-4.059133350747075597e-01
-5.969285261327600400e-01
-3.089381373336376746e-01
5.081777569672425443e-01
6.849490430345727132e-01
-3.189031287639144258e-02
3.079030230048130853e-02
-3.195781291757764930e-01
1.476817990361158905e-01
-8.725467601482503888e-01
2.484743870958126544e-01
-2.799502638174596880e-01
-2.611841871517793789e-01
4.220090933259137977e-02
3.853714867236705116e-02
3.406019057106540182e-01
-6.045783335669261405e-01
1.818204736901915253e-01
1.627140243633230954e+00
-8.041073362356303544e-01
1.057175962097511024e-01
3.312941801384237661e-01
-1.417831758314187507e+00
-6.139967950479770231e-02
7.947117830911513137e-01
4.945007206010862966e-01
3.090062214277788238e-02
-6.072741095340352668e-01
2.418153873237008089e-01
-2.503289643594518998e-01
-9.213545344381206259e-02
2.614024758510507529e-01
7.466712258954593118e-01
-9.143179574019506817e-02
2.049103547060423525e-01
-2.133224690809712720e-01
-3.457912080528365018e-02
-4.672924060364758714e-01
-1.107172885966156012e-01
-6.090792978326307894e-02
-4.387827412528556847e-02
-4.763948766172901306e-01
1.809083990812059561e-01
-7.698048746028172962e-02
3.427136839898631826e-01
-1.996727367108256102e-01
-1.287613517425482135e-01
7.410410467986213723e-01
-3.068047416221069690e-01
-6.362414643596658870e-01
1.078078395358528674e+00
5.355949856551041055e-01
1.734146901331032331e-01
6.052375204565162148e-02
8.213298313129057115e-01
-6.750225779008198201e-02
1.868683000066331812e-01
1.245415034109255803e+00
1.684691885694497904e+00
2.678061723275691475e-01
2.758917363352391891e-02
1.027914298008639093e+00
-1.398167679106821770e-01
-3.696467312978560793e-01
-9.649908719432653825e-02
1.950244531686382843e-01
2.718710634903409029e-01
4.797570349955275204e-01
-4.593117624503659790e-01
1.015725159991427012e-01
-3.585365536049288093e-01
-3.637708357981819796e-01
-2.230053058209513495e-01
-3.083871205646182556e-01
-4.686684313817526260e-01
-1.099417057943155029e-01
1.613550684452552120e-01
-2.170880243750648031e-01
3.077477003918520637e-01
4.960572071481756384e-01
-6.651741382802571489e-02
-3.246484316231260658e-01
1.277775591023807111e+00
-1.576103891674934115e-02
7.076980312145919605e-02
3.772672851685311413e-01
6.633428740583929839e-01
3.052101259048863313e-01
-2.397294812425642963e-01
7.973587119746884666e-02
-3.418856838193146119e-01
-1.475763322135614564e+00
-9.150405815342917970e-01
-1.135611611523364539e+00
-2.945628215883738243e-01
2.668975352562725362e-02
1.416328084764480466e-01
-4.276179004885570234e-01
-7.923151857298684764e-01
3.838349649627634808e-01
-4.554370686998862050e-01
5.026516262727697137e-01
4.818780165521049930e-01
1.540300051185067298e-01
-5.363172823499776781e-02
2.312499817482009667e-01
-1.637029794934687921e-01
1.877533618556343278e-02
-8.421157817569078705e-03
-1.165170117053244692e+00
-1.153723976533676421e+00
5.647045394376113553e-02
-5.474266811824263224e-02
-1.323334776948552616e-01
-6.752311554114296399e-01
2.769259004242587835e-02
-4.301827497179977478e-02
-6.755932620524095211e-02
5.312512289099704382e-02
-4.992666610668869409e-01
1.980606406299594557e-01
-8.540343780769206819e-03
-6.110590545618197617e-02
-1.298628072073951145e+00
4.668105678088281252e-01
3.809233905579574413e-03
7.877045675148150461e-02
1.501358589570230162e+00
-2.761447175299500123e-01
-1.085914320457472410e-01
-7.300883265017862334e-01
-2.174761245976408741e-01
-2.991626221763400983e-01
-1.661942121090114410e+00
-2.779273441816820234e-01
-5.877677254279708441e-01
2.760415999729659564e-01
-3.343911160306712316e-01
-1.985531655099294912e-01
5.484946538954531547e-01
3.169141032010796000e-01
8.396789819181722792e-02
8.899841900507794445e-01
-9.802008799715319909e-02
-2.287140277703151869e-01
-8.388975811131886839e-01
1.918904853727150250e-01
-5.903267658125706252e-02
4.266157664539996786e-01
8.968773238292360173e-01
2.104774807395802180e-02
2.660917945955044717e-01
5.080090052254833122e-01
4.007776767321937113e-03
-8.036791555869804426e-02
1.342077485473949783e-01
-1.821437359508424059e-01
2.228287370559168534e-01
4.051383690781671376e-01
4.743347177449765140e-02
-5.231973946219696803e-01
1.080421424925312457e-01
8.413616106010384232e-01
5.863500081053352186e-03
6.732650380634533915e-01
4.407376031018914175e-01
-6.178065271571288042e-01
-7.590965324041202278e-01
3.280672863505167819e-02
-6.821667838364923186e-01
-9.022356930459956015e-01
-8.511350726738071693e-01
6.260478344618300994e-01
-1.595311331919861964e-01
-2.841332687964772119e-01
-7.422062343248251315e-01
6.837687174997915396e-02
3.459144636501736425e-01
3.625887552718835838e-02
1.816722953018388154e-01
-4.451244727258907852e-01
1.464022275596009795e-02
-1.416535724892602488e-01
-2.008829854101491508e-01
-6.450294456149975597e-02
2.245605039235582800e-01
8.553690966293806541e-01
-4.167133689051420453e-01
-7.270240047058529331e-01
-4.655096243227352382e-01
-1.385272275485436300e-01
-5.158987382548403389e-01
-2.070809523773599059e-01
5.296641632916603282e-01
1.182105374084904542e-01
3.860700970320816716e-01
-2.542836656031028375e-01
-1.948594639563889508e-01
6.466720916802155550e-01
5.881288875262428995e-02
6.194761716334128421e-01
3.528955729270870645e-01
2.725599949735419969e-01
-2.006071575257545314e-01
7.589034867310860966e-01
-3.152517817946560164e-01
-3.720068054119103906e-01
-8.106188539819761951e-01
-2.691842327905807908e-01
6.778205549737494895e-01
1.088120454853975128e+00
8.433632835442465003e-01
-6.282365626949510951e-01
-3.061716628810781105e-01
1.150307005862855725e+00
-3.453950050719403198e-01
-2.319137099747944630e-01
-9.078764605719359670e-03
8.409243538304596310e-02
1.018353446549007946e-01
-1.854917831503676007e-03
8.594944573317166991e-01
-4.101039545359219662e-01
-4.154225501373937784e-02
3.172158094227294223e-01
3.575801304220754817e-01
7.201272598202278497e-01
8.892380593239361808e-01
1.830237907863746516e-02
2.395709303496624254e-01
2.187779980361473919e-01
3.288160478728288094e-01
-4.902391638236885396e-01
-6.665926875649657024e-01
-5.593614042843700895e-01
-1.209714533898797323e-01
-1.465967410431786022e-01
-2.633271002012679829e-01
1.475685363028918839e+00
-2.073222359162772699e-01
-3.153046049774667070e-01
-1.391693112612643612e-01
-6.193034142893390215e-02
-1.438688444648561271e+00
6.215905094229298156e-01
-3.596847161921766789e-01
-2.333871312060963599e-01
8.042775451086662253e-01
3.265994187271166194e-01
1.757319329397616925e-01
4.257133899175571390e-01
-3.665677519526542305e-01
1.476703514484284385e+00
-3.563094149893342166e-01
-2.632854987149906012e-02
9.403862231845615538e-01
-9.068991787467034493e-01
-5.523469936179958850e-01
-5.230273910583171926e-01
2.881748937531697710e-02
-1.020453006435743104e-01
-4.909029079651280325e-01
-3.411565756367995750e-02
-3.768238565104781723e-01
5.008635182118117424e-01
3.134229127777724000e-01
-9.435878722995780787e-01
-4.169515960657586562e-01
-9.304045054347991062e-02
-1.403083562426813424e-01
2.301975752690067767e-01
-3.034468337803989391e-01
-4.326515559540243805e-01
2.920239416224919560e-01
-2.140645869431823667e-01
-4.665047424953779054e-02
-4.736690815335773408e-01
-2.288432737714349019e-01
8.147076735525162761e-01
6.672059312105113604e-02
2.029357229506837945e-01
3.074654499233325788e-01
-1.332052101530292049e-02
-6.355278253224064811e-01
-6.126693014355798217e-02
2.752120372920689451e-01
1.081227186841661414e+00
-1.085965481513864322e-01
4.276870212376928104e-01
-7.312425837070914147e-02
-3.221849123263300085e-01
3.483584317914124040e-01
9.271577311219849626e-01
-1.248484070881734853e+00
5.618170687014306663e-01
1.012372614486045930e-01
-1.755361168015394657e+00
-2.022644377996444809e-01
-7.621164584039426260e-02
2.979493787369654756e-01
1.835947598677695469e-01
-2.347268280119854944e-01
-1.266741415022379080e-01
-8.473556075119706432e-02
4.736822959373361841e-01
1.861139016543955860e+00
-3.361399895336273369e-01
-7.644234738032413823e-01
2.411617243628739193e-01
1.227159423110790459e-01
