3.400423222511024524e-02
-3.078018071328923744e-02
8.469549512353083953e-01
4.325197211022500654e-01
-9.263248124072899492e-02
-1.944265029259493405e+00
8.570400481118938263e-01
-4.536199190122675029e-01
3.835377675196653680e-02
-5.160693354511385333e-01
2.603482914414644300e-01
3.681468006267846205e-02
-2.496979652527435423e-01
1.313172964247951713e+00
-7.299388693398535244e-01
-3.957326201180779157e-01
6.238783922198328780e-01
-2.877904941021168783e-01
5.469599297951325267e-01
1.399712636748653982e-01
1.129500116407969657e+00
1.576715905084119518e-01
-3.830461260217885577e-01
2.572838325956140482e-01
-2.427937915290585003e-01
-3.030335804091919716e+00
1.306270704938493399e+00
-1.173302559670662548e+00
-1.312197340139540813e+00
2.370979495968247086e+00
-2.744088656434964246e-01
-1.142913024821839291e-02
1.407544859249579616e+00
-2.254692237486131123e+00
5.400360137933495064e-02
2.194278207175344719e-01
-1.202888364369891327e+00
-7.645348287199017490e-01
-2.473674176364365762e-01
1.949262974217183253e-01
-4.148880132444607294e-02
-4.553587304306535577e-01
2.786684280944978220e-01
2.527822328071589464e+00
5.719322065760639173e-01
-1.675771913831512805e+00
-3.195839521567858110e-01
6.611079070225966969e-02
-1.731103837723221517e+00
9.114258960801935316e-01
-4.427770633125359012e+00
3.753477134039559515e-01
-8.350236856943177299e-01
2.634747471918561512e+00
-1.802687528739789435e+00
3.865072698897005776e-01
2.783873714161763102e-01
-2.216511988873199612e-01
-1.552223612205479997e+00
-1.053493481225306061e-01
1.159710101546866712e+00
-3.973055258902875586e-01
1.329521458250622290e+00
-2.470569422369240931e-01
-4.361355733372236365e-01
1.221769467049434732e-01
-1.250912638897616169e+00
-8.046837112113325308e-01
-1.330510378309698760e+00
-1.129613353327048875e-01
8.944524027397442456e-01
-1.438353234856651897e-01
9.742352976668946507e-01
-1.224103019958174166e+00
-1.166257404073298282e-01
-7.947762404638998301e-01
-1.190367785834093750e+00
2.357824834940393244e-01
-2.912908813604885849e-01
-4.102275415986156304e-02
-1.100493724148161823e+00
-1.032591513328083188e+00
-1.551434079157377188e-01
-5.997156666585595763e-01
-1.641164787605017716e+00
5.623645348038959213e-01
9.787084728622272856e-01
-1.934927612145905529e-01
-1.452926535145924625e+00
9.615805715887281169e-01
-2.687484311976555684e+00
7.373429546217815655e-01
-1.728546885205178629e+00
1.494927920246145459e-01
-1.294503685143415739e+00
9.457917765531856924e-01
-3.407124435682453267e+00
1.248813352554622863e-01
2.601527899519520681e-02
2.581148367037892077e-01
1.372295320022008103e-01
-5.720040123389812381e-01
-1.267871418958947727e+00
1.920595083505608480e-01
8.539027297838180930e-01
8.837804692119238803e-02
1.746231556548442976e+00
-3.042705709449313733e-01
5.253132314237370926e-01
9.125300203570337054e-02
5.195872792269323748e-02
2.096887861404308051e+00
1.810655833949905480e+00
-1.965108181672873267e+00
5.179320576885519944e-01
-2.098221825506367266e-01
2.766790150366021245e-02
-8.358808035794980384e-02
3.025878031795227185e-01
-6.958302328440550966e-01
1.416619825204045724e-01
-1.227715317719249299e-01
-2.723434028784907888e-03
-1.566890139382658975e-01
-9.933039033236308324e-01
1.301273557851228002e+00
1.161393029507380714e-01
3.890440054961971650e-01
3.411213551971558067e-01
2.430741772168370840e+00
8.647126519193543137e-01
-1.052467493402340082e-01
3.524996261832297195e-02
3.690408980500290426e-01
2.270904922475338594e+00
-5.674988052651147585e-01
4.064000534521921421e-02
-7.989891401550059946e-01
3.922198823059875661e+00
-1.417544521713448580e-01
1.366610128602926966e-02
-1.504270043002205737e-01
-3.530840352084695377e-01
6.774634297615629297e-01
-1.739602691071702179e+00
7.017621428123116623e+00
-9.376706053902041926e-01
-1.461642868393605021e-01
-5.446567596912789133e-01
-9.273864063654180256e-01
7.515310828831117673e-01
-1.737651409478424280e-01
-3.600911332435351442e-01
-1.127404331490253986e+00
-4.243356132892388555e-01
-9.127622461173816315e-03
-1.576873010220969096e-01
-6.995691697440137302e-02
1.042562462440598248e+00
3.235381504526882335e+00
3.895245293233841610e-01
-6.643295725364621873e-01
-6.445046189989583896e-02
-5.820501108815264724e-01
5.017292376182445057e-01
8.323772672163729514e-01
-1.268624529139972035e+00
-3.485450045543661557e-01
-3.105952536345514825e-01
1.277706738026211264e+00
2.609061163095635072e-01
1.801190161580457916e-01
1.660728678902894939e-01
8.321303504650149341e-01
2.543017429356276171e+00
-5.533135346317211711e-01
6.069796288321578359e-01
-5.039716068378005120e-01
9.620598230452994670e-01
-4.786335739118909860e-01
-9.450871993189451370e-01
-4.455310671729519889e+00
-5.426917241030031480e-01
6.839139368028755994e-01
-1.358686898930491216e-01
-3.131755195547716308e-01
5.007345526638318223e-01
-4.558332721216483141e-01
6.004881115047533413e-01
-1.494175933673104473e-01
1.347977858643095161e-01
1.441219741558970868e-01
-9.573633263401314375e-01
-1.105155482626368479e-01
-5.519657321287119167e-01
-5.888558128087003629e-01
-4.915668300987501849e-01
-3.299134830375591854e+00
-8.909434912795068939e-01
-4.370048596296303711e-01
3.072483175829818780e-01
-1.723043094491713889e+00
2.873697553441368902e-01
-1.362764400453978508e+00
-9.435763997171693340e-01
7.260379041376181508e-01
-3.818858758313062318e-01
-3.304643321236570563e-01
-5.039995469194834543e-01
-1.845313588725478793e+00
8.209172034801677231e-01
-1.280444002397128189e+00
-1.204888062453639330e+00
-1.342925274693901105e+00
-1.609088973834138792e-01
1.275233537294890418e+00
5.069113043166201260e-01
8.166867816365601662e-01
-6.323841253108899441e-01
-1.710243726068913395e+00
-4.167838066258680030e-01
1.971097835316772962e-01
-8.782003155364549452e-01
1.107629074756522336e-01
-2.684318213646215701e-01
-1.892868440045689937e-01
2.581399528464795701e+00
4.293450843313837972e-01
1.268262266634876179e+00
3.324986337359348454e+00
-8.520444319471024430e-01
2.467055661470509698e-01
-1.322420475172255028e+00
4.857835674467902987e-01
-1.263428627593374820e+00
-1.828283421950850085e-01
1.260917092547166884e+00
-5.940305493680368976e+00
-5.520593502814044040e-01
-3.206471561237385082e-01
6.845477860292619177e-01
-7.138261877804881195e-01
-1.643569815950085111e+00
-6.992164014110877623e-01
2.827486826792579566e-01
1.304612054828816481e+00
1.087199766205320106e+00
-2.387002684055939544e-02
7.052889924750460615e-01
6.047503311375560520e-01
-2.221678057271772033e-01
1.436134794203502985e-01
8.063676383414691839e-02
-1.185614188205515784e+00
-1.480533599439596060e+00
-2.027789852228361056e+00
-1.928646156225746755e-01
-4.834584744276626544e-01
-6.178558676429871110e-02
4.400267880031887846e-01
-4.794740649069934579e-01
-4.239433696501007653e-02
7.729557147366632464e-01
-2.120082013048997460e+00
-8.569862427993690801e-01
9.436913841516819668e-02
-7.632230732143338026e-01
3.695991128883617249e-01
4.042291904915859213e+00
4.641305290842897557e-01
5.760876759163514604e-01
1.259010411256912487e+00
-2.071145205763435637e+00
-6.770126265800258114e-03
-3.832622937244239969e-01
2.516706592450612678e-01
3.650460959242178283e-01
4.196153453434504910e-02
-7.097022365426385315e-01
-2.381427585725087948e+00
2.599003782835573872e+00
1.946740876247321783e-01
-7.634757989867099193e-01
-7.326905113583976892e-01
-4.134604907481443936e-01
-1.492742507048117506e+00
-1.249767654112197146e-01
1.959673067318856488e+00
1.344387748591141074e+00
-7.389827488167961637e-03
3.456724306467800822e+00
-1.193667331270915621e+00
-2.423228652449973541e-01
2.866431730746973883e-01
-2.381100514377874622e-01
-5.855602088286614437e-01
9.485166534888006540e-01
6.166726027011200095e-01
-3.290898071210179299e-01
-8.938132260275343244e-01
1.964898370391777727e-01
-5.871574725194214084e-01
5.436250061044780146e+00
-5.906464994581642536e+00
-3.639990753918623811e-01
1.105166696766896717e+00
9.649584831861612866e-02
3.929069960843155629e-01
-3.292051659483957726e-03
4.266283610452803465e-01
2.871832136752713871e-02
9.044002028377863267e-01
5.095943468982480073e-01
1.822851937368821229e+00
4.742676239116371817e-01
1.221812385164735115e+00
6.679567560522139402e-01
2.183159382261399273e-01
2.944132293008665524e+00
5.017575728438590232e-01
-2.888574730862768503e-01
-1.220699308197016886e-01
2.314062268647648912e-01
-6.141592851184836110e-01
-1.398114453882402408e+00
-8.482876835747208411e-01
-1.069017432126817990e+00
1.709342122067765979e-01
4.794433356552298409e-01
1.090979174073211322e+00
-4.263451951373619653e-01
1.436169128848501231e-01
-1.097036080448625883e+00
-3.304320855249169298e-01
1.449258488855675431e+00
3.176804352572839552e-01
1.382851897664780338e+00
4.413633900094768858e-01
3.085071294383682217e-01
-7.067998058508856429e-01
-1.013115844992633185e+00
6.426865050437181592e-01
5.072077386014225420e-01
3.697766146968132217e-01
-4.410419196309384726e-01
-2.343491847438822884e+00
-9.600686266683213788e-01
-3.963893504822377345e+00
-1.788151795480324713e-01
5.892738277127868018e-01
-6.477021340953382778e-01
6.365818060781932575e-01
2.333501062844240970e+00
-6.148094014564708942e-01
-9.762141749554822390e-01
6.565033955770983587e-01
3.664072451304978273e-01
-6.583019208838129188e+00
-4.337571023268506076e-01
8.354067122513322285e-01
-1.282364064289478689e+00
7.120155322543925136e-02
6.275423827806045907e-01
-4.724875001919362494e-01
-8.432742102756037861e-01
-6.731834382085403190e-01
9.990401123407438577e-01
-1.078788779295304145e+00
3.029205556700594326e-01
-7.711755876163986501e-02
-6.197074086433957962e-01
-7.903419569663937549e-01
2.392843638296832776e+00
4.429256509596414260e-01
2.690981013001314537e-01
7.505039283010092044e-01
-7.621692567625055759e-01
1.097292924051480878e-01
-4.349661997260027668e+00
1.967956641679684981e+00
1.295833046558720003e+00
-1.842777107680064475e-01
1.841085987174150729e+00
6.870978374097140851e+00
2.494218095850361805e-02
5.451366386074659731e-01
-4.108352398611844869e+00
-9.727896906856807746e-01
-1.357816462248832845e-01
1.158510785113721298e+00
-4.998738800984815489e-01
5.402720330856738862e+00
2.303941852293800718e-01
3.160836889261435800e-01
2.577413200150202241e-02
-1.969906988296077355e+00
-7.667080467868494509e-01
-1.380921697183540520e+00
6.598595615647456780e-01
-1.935118326808692724e-01
3.652688659888829292e+00
-5.643410882060627687e-01
-3.084259718147850937e-01
-2.773275300406668475e-01
3.526444601202013973e-02
-4.208630355010975488e-01
-2.884097289938014064e-01
-1.697532120528626454e+00
1.045349867900939866e+00
1.949803861996415866e-01
1.390548939163028241e-01
-1.836985708469359158e-01
2.523074128098678481e-01
-5.360707226864656061e-01
-1.832389937951979464e+00
1.101416616544186544e+00
-3.558494258136589150e-01
1.411821195867898560e+00
2.826986825488817523e-01
2.742311258573999044e+00
-3.487288347103262076e+00
2.046309365208253961e-01
2.808125263675778083e-01
5.994398194320763595e-01
1.072973741224837185e-01
4.666076423364412529e-01
-1.167010731688399305e+00
-8.184171857710088593e-01
-2.349222314690706082e+00
9.008841349047728153e-01
-2.168878433348590651e+00
-5.844080923024180807e-01
6.443481928663119529e-01
-6.300368915992343721e-02
4.219287352497707033e-01
7.416596795638844553e-01
-1.318248662191445209e-01
-8.416671619685253125e-01
-5.802549060189989838e-01
1.281723234569021042e+00
1.246300090653452708e+00
-1.493711567375320071e+00
-9.328563853918205862e-01
2.199958176041092173e-01
-4.886665715228388773e-03
-1.358301251528572173e+00
4.426414783126123575e-01
2.538127599211035701e+00
-1.025184489219424511e-01
8.983557511866382406e-01
-1.280203748104982164e+00
-8.061154941050516221e-02
-7.839759595878725840e-01
-1.281801753766385277e+00
6.177983227014263168e-01
4.070123210614508547e-01
-1.411348719952791875e-01
2.879736790913126621e-01
-3.848040673436851078e-01
6.966129397715051796e-01
-2.633593674683467056e-01
2.051844425410921158e+00
-7.141350281478373585e-01
-2.420901082482995292e+00
-3.491759089688685758e-01
-1.458469095062245424e+00
3.225958970377282298e-01
-3.041379593833721737e-02
-5.405546124949341946e-01
-1.078793588377509050e+00
2.295676581978499942e-01
8.511152622275748314e-01
-1.892893777299575753e-01
-6.139701971437514505e-01
1.077792977052456802e+00
1.058850373039388115e+00
-7.529492974754039558e-01
2.669585916979191897e-01
-7.559813662604388806e-01
-1.478439900159460363e+00
5.862579093204921959e-02
-2.896178446936358841e-01
-1.001082895731697286e+00
-2.539198279904885114e-01
2.345256577372974993e-01
-2.028159170779554321e-01
-1.616972623862845126e-01
-1.201320326532113292e+00
-9.009701619940926887e-02
-6.486222523594631362e-01
2.678439908287668647e-01
-3.981170197359787277e+00
-1.836848026472741313e-01
-6.687387289874316409e-02
8.200380807472943401e-01
5.667291659973880957e-01
-2.175849803050939002e+00
3.152029693852446801e+00
9.154887486705895472e-02
1.475452398599445547e-01
-3.217705409706369313e+00
-6.278606155296041491e-01
-3.496292114446322152e-01
1.941706811091428397e+00
-1.368991011407477476e+00
-2.927819368462350802e+00
-2.430175441251243296e-01
2.049122191400738480e+00
-3.195146371553633902e+00
-4.373060446973900950e-01
-2.557640459041297998e+00
-1.566637879952509138e+00
8.614796808104137060e-01
5.016034920593004376e-01
2.135244543592494104e-01
-6.835339846394307417e-02
-2.626895169791226836e-01
1.771950693046193681e+00
8.716640114420720620e-01
-2.206281277635839533e-01
-5.759512422993888492e-02
1.449023674972403919e-01
2.519331692527346234e-02
5.320368201163875321e-01
1.992004759801864422e+00
1.174853037169089554e+01
-1.318084970431728564e+00
1.760024071289705061e+00
-7.000831955730089096e-01
-3.843701370835934661e-01
4.381634901223680628e-02
-4.683815199938161200e+00
-2.126704125608613327e-01
-4.903411130335276202e-01
-2.965723193457980411e+00
-5.506842009274172112e-01
5.678999586872526817e-02
1.197603223698753272e+00
6.539907411288178318e-01
-1.134608248294792565e+00
-2.027532616827617817e-01
4.330929387207146375e-01
-5.999369252771634686e-01
-1.371304913522759794e-01
5.912271771370804924e-02
-5.001301090958363282e-01
3.419729107482276653e-01
1.638541341614762725e+00
-3.329427357821009015e-02
6.195688986216000282e-01
-2.704646659904615724e+00
3.041805795733876772e-01
3.835663822799956213e-01
1.601330165704496711e+00
1.752533022585309297e+00
-3.669197475160999589e-01
9.508813491240438731e-01
1.208222213986793081e+00
3.638791680083641178e-01
-1.906265180210639509e-01
4.629982122823861346e-01
-1.987019499452069793e+00
1.993382580159055673e+00
6.832814431919511655e-01
4.320072848709773372e-01
-1.524387309647314559e-01
-1.477410707910465359e-01
8.356473549894611885e-01
2.696658963148116150e+00
-3.171045303815028249e-01
-2.296425543976935435e-01
-3.408068000312947793e-02
-1.350154967305190246e+00
2.090001308695320414e+00
7.004062054141226845e-01
6.822561449736633810e-01
-5.138138676815082184e-02
7.071356772988202088e-01
-4.233358257947454628e-03
1.261221896533167186e+00
1.039558314740555600e+00
-2.440265019095136656e-01
-1.726698268571839612e-01
-3.669868832094926869e-01
-4.277013321298042126e-01
1.315166190500837162e+00
6.306038088311968215e-01
7.690247335246942484e-01
4.455185549028726766e-01
3.098670436360777547e-01
-1.217852079428896728e+00
-2.422288587280260197e-01
3.179381805003008155e-01
-3.854630760201009476e+00
3.370745140099006054e+00
4.153755698281499376e-01
-4.545734044227161541e-01
-3.950190505292625609e-01
4.234483848669664541e-01
-2.581635172924676147e-01
5.218863051683995113e-01
-1.134724193412460114e+00
1.750587747103076630e+00
9.771675638861722357e-02
-7.486261892256333983e-01
-3.629126795544783401e-02
-2.873412133567091464e-01
6.426965317840958036e-01
-2.459517927684626848e-01
-2.092542759801905738e+00
-2.745782520203510213e-01
-1.025958582521313112e+00
-1.129604537428901656e+00
6.084025280457838747e-01
1.027962009494080703e-01
-2.043791404988836991e-01
3.773720879911496295e-01
8.396275817802578700e-01
1.073409642569868483e+00
-1.496813095606761346e+00
8.728696993424712725e-01
5.083694351452275884e-01
1.473235190704090813e+00
-1.731952234489225750e-01
-3.069192525086082424e-01
7.908256625271312679e-01
5.920395961866216084e-01
-3.241988915327149723e-01
7.804401213603167076e-01
-7.668605313313175964e-01
-9.469919215681579239e-01
-4.327196888307497602e+00
-1.684348589884377412e-01
1.264551251752726868e+00
-3.787008802130515939e-01
2.827962522135772372e-01
-5.399960443111728736e-01
-3.815883886526872937e-01
8.987844853807861467e-01
3.936959451927997122e-01
2.123566115230535178e+00
-9.243100583898208877e-02
-6.263205323407575742e-01
9.792230065390131188e-02
8.289606474078691223e-01
-2.545684809546092109e-01
3.440645492440255193e-01
8.637686803348268438e-02
1.240284085359995292e-01
-5.288177306518216936e-01
-3.660177114393439735e-01
4.956117291128757651e-01
-8.057814454627619527e-02
-1.026446591594278868e-01
1.875716997502895333e-01
1.624850485603999972e-01
-1.172941159977299197e+00
-6.847520891867782122e-01
1.827225837979216116e+00
7.159582531208932149e-03
-1.345447950867827425e-01
7.848129216928020901e-02
1.440325537155181967e+00
-2.451233901295467588e-01
4.502178665100606825e-01
-2.278971589494088956e+00
-7.136798265712162026e-01
2.070983126849534894e-01
-9.768010360441303774e-01
-9.074877380676603655e-01
2.165453447792177466e-02
7.614107377984806746e-01
2.934697104450401550e+00
