1.670245482431807482e-01
-1.146845265130238822e-01
1.166251903019552394e+00
3.812483413077604189e-01
-2.765442398559640469e-01
-1.868280977788256747e+00
7.253703168672126500e-01
-2.744862260438606927e-01
-6.013755643298789727e-02
-5.323938616792852629e-01
3.171138769495147613e-01
1.620801980860681335e-01
-1.766712841353916819e-01
1.408223692981945385e+00
-6.300032560159082307e-01
-3.355639944457755042e-01
5.138005929181417297e-01
-3.395876518424440493e-01
5.257098667773667522e-01
1.898521844991152285e-01
1.060453747763767884e+00
1.527785950653069991e-01
-4.186606542369539219e-01
2.106862830082761595e-01
-1.827476100538668324e-01
-2.779588823163459121e+00
1.137537251287346285e+00
-8.167116214036960198e-01
-1.011719693475971127e+00
2.552246621136683657e+00
-2.872351989536105488e-01
-1.364929741746187530e-02
1.355146162220810302e+00
-1.837823942566411795e+00
1.431534775740896104e-01
1.565467137111081763e-01
-1.059313605803353653e+00
-3.736386657588512961e-01
-2.724269702671385240e-01
1.438768208173105689e-01
-3.288219312572108199e-01
-3.309759429072506309e-01
3.627712170964404459e-01
2.290660300711160335e+00
3.925497723299312680e-01
-1.610335601516829307e+00
-3.975775410029881995e-01
-1.772017613541617131e-01
-1.758342376437790788e+00
1.023080555349579646e+00
-4.412869472237936463e+00
2.512929244163294995e-01
-7.897132218069585763e-01
2.303767149897614885e+00
-1.698474526549927255e+00
2.808507617338371065e-01
3.364227144841234751e-01
-1.796522622524322488e-01
-1.362630600052170182e+00
-5.319553028502966435e-02
7.919290669198398858e-01
-3.433358366618414759e-01
1.299507160502834768e+00
-2.394190622400017010e-01
-5.811392920971996112e-01
-3.737439795346129967e-02
-1.473713241398594942e+00
-7.908244011449405697e-01
-1.366379537354274865e+00
-5.582610220508778254e-02
8.174858734591119447e-01
1.493515310499131943e-01
1.037534428663523300e+00
-1.418462272686221270e+00
-1.115176288097374513e-01
-9.780339253667699184e-01
-1.136356366826328568e+00
3.264294287559468821e-01
-2.940384907817317761e-01
1.383704933201268528e-02
-9.053613724792738404e-01
-3.156125343506439029e-01
1.712543543353173270e-01
-5.096633373370872411e-01
-1.699797771824000714e+00
4.759706773609282404e-01
7.797750038649742255e-01
-2.055569031333141505e-01
-1.368940123048089319e+00
4.015145018815875488e-01
-2.769300703398916319e+00
6.417999013224080507e-01
-1.508982461592622837e+00
1.867483661946129914e-01
-1.538549607591754631e+00
9.061586393067171397e-01
-3.694229430829798932e+00
1.747068242760434209e-01
-1.371184704333440474e-01
1.443344062252974874e-02
1.347060658617200701e-01
-5.439016275609819262e-01
-1.139429190246443069e+00
2.015803408985131773e-01
8.531248499075390068e-01
1.952029628236748027e-01
1.512672498535996501e+00
-3.159878985906658944e-01
4.771364170033194352e-01
-3.231391212254718925e-01
1.693667195183133356e-01
2.296156164321417670e+00
1.441045168135249410e+00
-1.789951352528867945e+00
5.608609279047838125e-01
-1.750845486881424662e-01
1.185357351915981676e-02
-4.084114106024487600e-02
2.797778877434152767e-01
-6.592389586225291254e-01
5.245810235119451742e-02
-8.280445482661542844e-02
3.598841042053083777e-02
6.589697723379878136e-02
-9.406897166488464856e-01
1.009737241944939967e+00
4.386889498392294862e-02
3.112080468909802500e-01
4.689868911022925801e-01
2.603245292328254745e+00
6.550021035675575032e-01
-2.012065953478691382e-01
4.879130932662730652e-02
2.660798432306241690e-01
2.147664495179623323e+00
-8.278612731683090420e-01
-5.702341675165976259e-02
-6.073784099232488742e-01
3.741299085252479451e+00
-2.080926004715498712e-01
3.465128460971595575e-02
-1.261068506991573357e-01
-6.218697042099579075e-01
6.459121064969699511e-01
-2.513867894990965635e+00
6.767442557402411296e+00
-1.104845040454639271e+00
-8.146125365811465735e-02
-4.278793903781349939e-01
-8.723071604484424757e-01
7.867576266083862180e-01
-5.153258514799935464e-01
-2.582777020674689172e-01
-1.399800568634121278e+00
-4.399432222895713340e-01
-8.335605033170441491e-02
-5.608156008300038131e-01
-1.030004452055870295e-01
9.313078782784247611e-01
2.967632580396281305e+00
5.231143958770921865e-01
-6.582379158496588500e-01
3.824719080348626399e-02
-4.404797135072546221e-01
4.397578556242435210e-01
7.349629015400719334e-01
-1.371616347946354120e+00
-3.001133347083395075e-01
-2.056692767068763750e-01
8.661542662528964875e-01
1.871903646508960850e-01
2.031181032033482770e-01
-9.089716265751202062e-02
7.553619780686802176e-01
1.520486232572841434e+00
-5.003615672108060464e-01
5.888144414830750462e-01
-2.947205280954529050e-01
1.100585892865044713e+00
-1.098929823985163590e-01
-1.029580711392909409e+00
-4.262698206944257606e+00
-3.423213053977613440e-01
6.154532534336248917e-01
-1.486294891489564896e-01
-6.734276263345650992e-01
4.132451513005704902e-01
-3.927176553066273335e-01
3.774005629991891153e-01
-1.518620095744117882e-01
1.003608415760814665e-01
7.241819678656277737e-02
-5.918090952236289004e-01
6.042319976547990551e-02
-5.258304417331972624e-01
-6.032002501689759377e-01
-4.710094544648871784e-01
-3.089122073979007510e+00
-7.755867025175909868e-01
-3.512052458880945416e-01
2.846010888803535144e-01
-1.523944093372087139e+00
3.213598820651929894e-02
-1.307366343635564920e+00
-3.506647685955399663e-01
6.773078097597998726e-01
-2.443019862179854340e-01
-3.898658936288165733e-01
-4.279563453698594921e-01
-1.713985155193069376e+00
8.201727388000610297e-01
-1.430087115797351593e+00
-1.135455556336075089e+00
-1.511985103299051447e+00
-1.014459380329716109e-01
1.684454847820216594e+00
5.471584484820094518e-01
8.029061990869904575e-01
-6.905439384549999504e-01
-1.369189674282408786e+00
-5.980562956392496687e-01
3.186565104815283767e-01
-9.681073861525706370e-01
7.527777743250976816e-02
-8.786276869721056093e-02
-1.373328600455842319e-01
2.483060936741091407e+00
2.438103138596477704e-01
1.228344449776895830e+00
3.066321661120904096e+00
-6.971901916856182435e-01
2.420616462335626606e-01
-9.176749936454088319e-01
4.697945060046326282e-01
-1.056910699174969936e+00
-7.315672606812380352e-02
1.405731692558899182e+00
-5.527828769619087979e+00
-5.781202939961764820e-01
-3.416583338104804413e-01
5.196191470796994727e-01
-4.903944989537266097e-01
-1.425763746004153010e+00
-7.185989630610467582e-01
2.139057079968064157e-01
1.425976571529320891e+00
8.906334906130791707e-01
-3.684237627106061452e-02
6.588122805207038413e-01
3.185455968726474407e-01
-2.811097224153242258e-01
5.292544770799936793e-02
9.985375529214012003e-02
-1.081232411409130734e+00
-1.336970873461672760e+00
-2.273250858545633690e+00
-1.310684755259178269e-01
-4.174561864849422599e-01
-2.088728859912256652e-01
4.276382198788476474e-01
-4.526075511849131927e-01
-4.905593952651401968e-02
3.543928674867133921e-01
-2.064815446902591667e+00
-1.003756990317978159e+00
4.039144417867938236e-02
-8.008247870765671239e-01
2.735637661814371846e-01
3.616128336389141218e+00
4.524808249087670653e-01
6.052558032101170715e-01
1.015322292672082849e+00
-1.405718856908855452e+00
-2.859144313347297128e-01
-2.796468443023482631e-01
4.502694112800053050e-01
3.332718816788095562e-01
3.459742261689977560e-01
-5.616205766317620141e-01
-3.084649318379969696e+00
2.371837660281190807e+00
-1.792750038517751388e-02
-5.855665043416394822e-01
-5.783368908593502500e-01
-3.767233680936341589e-01
-1.562258698967485593e+00
-4.004243018725550662e-02
1.792215616687095725e+00
9.704772328528409320e-01
-1.466637041434301070e-01
3.422717181340304560e+00
-1.001129628803124172e+00
-1.867960379576842356e-01
2.731586970599048092e-01
-2.101553534205571616e-01
-4.372583848538093010e-01
9.621740234041621376e-01
5.511347367191561375e-01
-4.531767800406850122e-01
-8.755781218538635224e-01
1.386631340519461075e-01
-5.584267126374612422e-01
5.463193526169426661e+00
-5.828149108983584625e+00
-6.296567859541479795e-02
7.738082884839641018e-01
1.243748692269577433e-01
3.978629226456319445e-01
-1.588528346458795981e-01
3.594046747368478401e-01
1.252234154965485846e-01
7.225134551508416436e-01
4.589454736210435981e-01
1.795996949346543747e+00
5.424552104574876799e-01
1.234360893924634439e+00
1.938117854973475385e-01
1.375974009700358380e-01
2.698157756269348617e+00
6.930946990277138120e-01
-2.148325307475097146e-01
-4.304064110130969428e-02
2.132629153459417448e-01
-6.137121226100816784e-01
-1.236258690329360865e+00
-5.754763005020610001e-01
-1.116813284894553115e+00
5.896693483152980475e-01
3.831272070408325847e-01
9.585735954303766793e-01
-6.946918361541630782e-01
9.402036744475904262e-02
-1.012894469022060928e+00
-5.034563963809579601e-01
1.311151324293386988e+00
2.049711935264858786e-01
9.971862654357822597e-01
4.704875814825032476e-01
2.084351660126145256e-01
-5.506192706597391462e-01
-9.374879871935596354e-01
5.514410514808082420e-01
5.463020824063254954e-01
4.806888973121584141e-01
-3.567071884233160572e-01
-1.576510047047682717e+00
-9.560137021771347721e-01
-3.676756197348693966e+00
1.683273018072006244e-01
6.508424215486765529e-01
-7.160823374812371744e-01
6.903338382590878952e-01
2.335525784956545170e+00
-5.374139597118221534e-01
-7.009334039130890037e-01
6.560929546722789052e-01
4.964021946758274129e-01
-5.963539771397206479e+00
-4.342826977539663291e-01
8.467756429678217067e-01
-1.055453589568885464e+00
3.375718973282703650e-01
5.487300267538756104e-01
-3.240359002830202617e-01
-7.780169961784748622e-01
-6.503276729045426308e-01
9.812616067904433859e-01
-1.003725328680065809e+00
2.780982714254618959e-01
-2.115509557056482332e-02
-4.965385525082248175e-01
-7.050773146916792244e-01
2.273850394925770235e+00
3.857512963841266407e-01
3.640129954904146037e-01
6.097334323695210445e-01
-4.064895718532883784e-01
7.261311154822192027e-02
-3.592753185143708006e+00
1.668171486840299700e+00
1.023318884968097642e+00
-1.853947353034090528e-01
1.844937793528365511e+00
6.398385035360409923e+00
8.002818440361299246e-02
3.857192776027220660e-01
-3.666089358493702210e+00
-9.058795702423676488e-01
-2.529006191340698040e-01
1.021919032578522568e+00
-3.442663149238817111e-01
5.180068554208482112e+00
1.125852039809057126e-01
1.513979408811718386e-01
-4.628957993675752308e-04
-1.865196420113859777e+00
-7.953100752619648439e-01
-1.268251440746152703e+00
3.889969964036738559e-01
-1.735455080947432838e-01
3.870477145326732593e+00
-5.656227292499331760e-01
-2.978720042136457358e-01
-3.146723828343154228e-01
-3.925702290242701759e-02
-3.636213749804302897e-01
-3.073924522242180157e-01
-2.073071889129117551e+00
1.010425359036211335e+00
2.169657706025632238e-01
3.353011456240779231e-01
-1.876359128149726607e-01
6.561468747927864942e-02
-5.910762101949119662e-01
-1.520726292790565815e+00
1.131095069970479372e+00
-2.864047843518108261e-01
1.598877806844845706e+00
2.756570936989801712e-01
2.029445969471255218e+00
-3.421302327198686655e+00
5.033022361161586244e-02
1.691541453809628504e-01
6.118279759073858015e-01
1.159173769816140565e-01
4.219613920733135681e-01
-9.950200845178254205e-01
-8.122647698314651166e-01
-2.445319658891401904e+00
8.323853784469232853e-01
-1.668447379264708541e+00
-7.220191089610884516e-01
6.409529854659901105e-01
-1.039488104274610969e-01
4.569314936930961579e-01
8.549437291460151300e-01
-1.283614657191067820e-02
-9.406156980830655545e-01
-3.651087477833869221e-01
1.166151779736120941e+00
9.121123952653669154e-01
-1.444124161564833031e+00
-6.958271389529807616e-01
2.251344217321607777e-01
2.280738761062002240e-01
-9.989629093651113401e-01
5.648956912898517313e-01
2.352825679491961530e+00
-4.397285482025006798e-01
7.185626330344251356e-01
-1.041059445123451388e+00
-8.404570352149798307e-02
-7.826627735655685703e-01
-1.377376466188535264e+00
5.958704637247027591e-01
2.252595838866541800e-01
-1.205247583552642165e-01
6.030251851838150934e-01
-4.141208819839499733e-01
1.561773954569072309e-01
7.913352416887946272e-03
2.094647967065316418e+00
-8.799419637489351853e-01
-2.074070282116234232e+00
-2.113718458491188057e-01
-1.419279393548397161e+00
3.416206879530936380e-01
5.266407258660973228e-02
-6.059394363083331347e-01
-9.429969624225926772e-01
3.960510148306622957e-01
8.619236837706168997e-01
-1.815182869277111866e-01
-5.270953182049494812e-01
1.025735098916170873e+00
1.037417818551689574e+00
-8.933311678336838257e-01
2.360508720716056608e-01
-6.230308755019928757e-01
-1.648265145419881561e+00
1.669382426482113324e-02
-3.438118011510800376e-02
-7.556431698929053642e-01
-1.453004271952644810e-01
2.556194811049634641e-01
-2.681070540254650303e-01
-1.233772943415785278e-01
-1.155657038095711631e+00
2.328529224745156945e-01
-6.714264179326306925e-01
5.418291254714305838e-01
-4.115964865154748686e+00
-1.820045048726311732e-01
1.697616470698856683e-02
6.780166323237332149e-01
8.139572466663206329e-01
-2.392508296923871569e+00
2.964247329640727013e+00
8.899707818004803928e-02
3.057194087740476851e-01
-3.177363642978633607e+00
-4.803467540505546030e-01
-3.411275345696745398e-01
1.760954700071338141e+00
-1.431680435854168598e+00
-2.711578811910555498e+00
1.539436223909343253e-03
1.922787730751635005e+00
-3.754246619850206468e+00
-2.667900482199601631e-01
-2.410094467892698766e+00
-1.287880467192109135e+00
8.150751270705447471e-01
4.301108050334636612e-01
7.402036466350060684e-02
3.014620693895055936e-01
-2.544742920102078809e-01
1.707198974936894764e+00
6.634004228971031036e-01
-3.065282622449910233e-01
-1.816260366050111152e-01
1.311782535675948547e-01
2.711530009648905476e-02
4.276049181767756502e-01
1.910315051276342935e+00
1.059379121637921095e+01
-1.280746526246262951e+00
1.145645553560032726e+00
-7.376577187668900137e-01
-3.463110702699145338e-01
9.523845760332723398e-02
-4.639449846247943654e+00
-2.628305402914754563e-01
-4.118928986910583290e-01
-4.089794640985796370e+00
-5.424350969486814167e-01
-2.352237665708393696e-02
1.744964101266446965e+00
6.051413020997252756e-01
-9.889945075686077391e-01
-2.335658622182644750e-01
3.671836041834454778e-01
-6.820293690785901308e-01
-3.825461248859716307e-02
7.627838887053253747e-02
-4.337281344580034559e-01
3.557321567892622327e-01
1.447423685680626848e+00
-9.205638646756315879e-02
6.184443915926597368e-01
-2.479465769218710314e+00
3.994760412632584745e-01
3.046160286792408134e-01
1.300678122770479561e+00
1.606090563887016209e+00
-5.798251491605761476e-01
8.003867845251813051e-01
1.249267950920490255e+00
3.724922949070931244e-01
-2.218617054342134909e-01
3.625674734997277882e-01
-2.103437771316992499e+00
1.803863265596421739e+00
4.475927914050285006e-01
4.528825592256864874e-01
1.511680510208828487e-01
-1.181495050238722117e-01
7.911577567205891892e-01
2.184617522178760041e+00
-2.789245450662875547e-01
4.925746880913441095e-02
5.693967461753704148e-03
-1.730573835934938520e+00
2.028048204900157359e+00
6.335416339852865120e-01
6.605925097303227966e-01
-1.019120368547599825e-02
2.966313646595663545e-01
-4.213753777383927313e-02
8.222144196003746686e-01
1.026910072902279314e+00
-1.432796429247518433e-01
-2.424762548462004175e-01
-1.271666680557137219e-01
-1.172913808650208473e-01
8.711528873864687883e-01
5.395796695538092047e-01
7.254657841485032677e-01
4.131030045561772668e-01
2.490237449062778774e-01
-1.255672067840986061e+00
-2.244377952973884149e-01
4.117383642376100661e-01
-3.507787275116135639e+00
2.950403419195218202e+00
4.481327122825957132e-01
-4.109494722442504910e-01
-3.607352185633835306e-01
5.405921373741453539e-01
-2.306159141856780059e-01
3.920201322104062136e-01
-1.099867906137965923e+00
1.304211369706917312e+00
1.581502213685606062e-01
-7.545476189454468630e-01
7.105778037897129973e-02
-2.922460193353075275e-01
9.069019859484428459e-01
-1.063913347438308760e-01
-1.949434922295723682e+00
-1.591568614480436683e-01
-8.098334130661052344e-01
-1.070864408732003614e+00
6.674401192182747300e-01
1.251437617605026531e-01
-2.763000761764831115e-01
2.816059852868050828e-01
7.856492262733915100e-01
8.998295057912816253e-01
-1.426171778076820162e+00
7.805721116526164183e-01
4.513722985579531888e-01
1.435092838119184755e+00
-1.699455022401859527e-01
-3.656736270919934140e-01
8.117845316031493397e-01
4.272838311886762441e-01
-2.632266529879897510e-01
6.669813277736814650e-01
-6.961937132263449346e-01
-9.211009791633304467e-01
-3.870882105083415237e+00
-1.960294415398189383e-01
1.140308928933758459e+00
-4.170884611121863927e-01
4.316218297820353378e-01
-5.033126961307911040e-01
-2.841038911565586522e-01
8.592774565262223385e-01
4.629852975218048949e-01
2.147301823230363560e+00
-3.049468404841225791e-02
-6.425071997066958973e-01
-2.324045003983652574e-02
5.826493493428294146e-01
-1.871481833356953284e-01
3.526178893064942921e-01
1.197282767713691437e-01
5.827666470386821951e-02
-4.893943673592802690e-01
-1.550988293522148620e-01
4.635644967915522607e-01
-2.859749013589336641e-01
-1.934406792973292766e-01
3.304060035082909130e-01
1.509750595713160726e-01
-1.208813073440899721e+00
-6.348565775761263463e-01
2.099218400914018900e+00
-3.471669083230928370e-03
-1.580731646294696591e-01
-5.310177687921346923e-02
1.084971977100248841e+00
-2.254948042103158135e-01
4.029905233548530252e-01
-2.064680768794413090e+00
-6.991635244042745390e-01
3.630720496512405138e-01
-1.078733353863590594e+00
-9.569101205401651100e-01
6.383810994993142918e-02
8.829840104243247279e-01
2.701180803639606332e+00
