3.980442690857057819e-01
-1.119257995700551067e-02
1.473668912424046518e+00
-1.382529111578134629e-01
-7.550731336554816764e-02
-2.047641103405493102e+00
5.658911871609710875e-01
-3.845669538255075404e-01
-1.985895106839565827e-01
-8.265484229495847490e-01
2.342627101037794979e-01
2.709178916953582039e+00
6.120617657055551497e-01
1.891684029619093543e+00
-6.059650515513348434e-01
-2.713545008987076068e-01
-1.978995455190361019e-01
-1.298500631200699695e-01
5.426085429712238506e-01
1.570739979977018308e-01
9.983966424418426744e-01
-1.899619520744585954e-02
-3.547631503025753807e-01
4.173807172731103798e-01
-2.670171482769144733e-01
-3.195132908837835295e+00
7.710510063756337296e-03
-7.369322641162204812e-01
-1.719362016746417421e-01
3.296578019639275769e+00
-1.677087110803677228e-01
-3.879365575953014345e-01
1.720874100511350369e+00
-1.778130707343457129e+00
-4.305258800141489872e-02
2.631579571159441966e-01
-1.225693531192796781e+00
3.507124898809454994e-01
-2.506760085435526531e-01
2.455031149794281720e-02
-1.238784396793658038e+00
-4.617261913719609701e-01
5.886985282518561458e-02
1.705822377185358674e+00
2.698326280686841883e-01
-1.643207518361695207e+00
-1.585652057391124803e+00
-3.949774005168981139e-01
-2.194911804627864171e+00
1.282777341445396679e+00
-4.510429421532042404e+00
-1.233873941112753059e-01
-8.408968346601111143e-01
-3.078733802004638420e-01
-1.500097890980884197e+00
-2.158452381613139570e-01
4.409900730696664217e-01
4.477396137165642886e-02
-1.000409005961456099e+00
-1.073327614113082362e-01
2.348330145731339913e-01
-4.688556029066001662e-01
1.115400166547383387e+00
1.850974644774548428e-01
-1.342327393159624904e+00
-1.028542660280569843e+00
-1.426961087238303172e+00
-6.991546765738942959e-01
-1.073133095400144565e+00
-2.416746574692367755e-01
7.790693795268702759e-01
6.106283549674326183e-01
1.412198634666007813e+00
-1.987248244878377923e+00
-2.366378607251576616e-01
-1.111145564473052794e+00
-1.018736790327345432e+00
5.698961261442831994e-01
-6.740238027403830934e-01
4.496465053217033048e-01
-7.063093760445132707e-01
1.029607695974815051e+00
1.083629309700890220e+00
-2.779769060287775595e-01
-4.297279610327971455e-01
-4.490444477203721085e-01
-5.325077097223058775e-01
-3.134178783949081448e-01
-1.463091464067833192e+00
-7.333067890885420770e-01
-2.383124988534368605e+00
7.994762718096923848e-01
-5.773834115823214264e-01
2.362221456042321310e-01
-3.854768077159181683e+00
6.172029478532959912e-01
-8.301297744494139152e+00
2.974366403085704214e-01
-6.660862286377051689e-01
9.991615294382624191e-01
1.695046444632271679e-02
-6.685020400981365185e-01
-9.212129882829320771e-01
5.598578539541860799e-01
4.286802210494603527e-01
1.707051205050181264e-01
9.193799072987431931e-01
6.624414201827384385e-01
3.803198530993265880e-01
3.673812685353017304e-02
-2.066486400969365367e-01
2.193288819099675990e+00
3.043278358555967067e+00
-1.570666632732066859e+00
7.816779156686701757e-01
-4.688826344228124166e-01
-4.316176564785993708e-02
-1.100844466402087218e-01
2.550339113066755203e-01
-1.093715926719926124e+00
-4.976325474439378949e-02
1.746601792721863555e-02
-1.534100604946326274e-01
-4.284877593821241892e-01
-6.257164733104921828e-01
8.835542510542411243e-01
-7.873430961210210743e-02
2.813373460036967533e-01
9.362279914974198647e-01
3.324353569411650167e+00
1.011663779125052454e+00
-5.135455825663783891e-01
-3.249364862526431530e-01
2.798077847506936777e-01
1.892104936620354394e+00
-7.995590047083571683e-01
-6.322982173267435169e-01
-3.691719798205056469e-02
3.772184470227129438e+00
-1.232141724005902272e+00
-6.893057181372379549e-01
1.144423164530606052e-01
-1.276750803862134909e+00
7.991020044537807676e-01
-2.079484575969485327e+00
6.931412361858401816e+00
-1.211497580451870837e+00
1.022369936295924320e-01
2.322842963030958829e-01
-1.031817971313067961e+00
1.778136875798656202e+00
-4.579849548437401330e-01
-3.312741129627473358e-01
-1.300315481403359952e+00
-3.723686517514672722e-01
-8.041054628620503131e-02
-1.266474547394070616e+00
-1.996614547048448096e-01
8.347009619372188771e-01
2.873184155712073196e+00
1.007112182823246549e+00
-1.440501594656454998e+00
4.150734959040289218e-01
-1.536078678571380918e-01
3.653761916228260853e-01
8.560035738466813537e-01
-1.749308950912833671e+00
-2.178732942910751036e-01
1.253765845997212025e-01
1.040981429022536098e-02
-2.886779090383435054e-01
3.300490264439476240e-01
-6.465370166673197749e-01
7.851349137738419248e-01
1.067317054793341713e+00
-4.597118442466835431e-01
1.075153435734755858e+00
-4.060190688412149695e-01
1.669235560594806156e+00
3.231811161889593942e-01
-1.940252894807934725e+00
-3.753161381106433936e+00
-4.293062285880938633e-01
4.404868394658282837e-01
4.665206277387395906e-02
-6.643650343033244976e-01
3.536419880217429590e-01
-4.111231917166121019e-01
5.869318758326932395e-01
-2.250037050065099020e-01
1.250287132470786211e-01
-9.857470159925563191e-02
-2.044017363519816222e+00
2.806293282237838360e-01
-5.059368003694234561e-01
-8.769619086573238187e-01
-3.844621329470594984e-01
-2.636829056855334308e+00
-5.053542240773789551e-02
-4.265967161736095026e-02
3.685639856485398713e-01
-9.642882027365368147e-01
6.518082463327873333e-02
-2.877125676302395796e+00
-1.495367474580208134e-01
7.031472523338425651e-01
6.426799153508966356e-01
-3.077424494967523350e-01
-5.620791628195224154e-01
-1.291678410025377755e+00
6.270477571767842928e-01
-2.066771822890210775e+00
-8.149731194459294281e-01
-6.804504514953086947e-01
-1.337073766702816524e-01
3.932861969225724064e+00
5.950976381818116057e-01
1.052198235935647430e+00
-7.810973529117701819e-01
2.981267031658954014e-01
-1.158182085033224062e+00
4.126807943790938848e-01
-1.052877279694703017e+00
1.534076622348735097e-01
1.278334674826629325e+00
1.876028329364398672e-02
2.436077604190667767e+00
-5.324684965627453082e-01
1.299929579712072014e+00
3.001356455392777178e+00
-1.760364523018277949e-01
-3.591016630865715570e-02
-2.048604742941050105e+00
1.075871105965569008e+00
-1.051714919508942137e+00
1.007793772010399380e-01
2.588948970693652818e+00
-6.603541397582341155e+00
-3.626855142102449747e-01
-4.655707849251590758e-01
2.555349550918789570e-01
-1.748620934134540450e-01
-1.444643304278993678e+00
-2.739190992030838268e-01
3.632543777006226882e-01
9.942875115725210433e-01
6.184392009449108940e-01
-9.623538260762862229e-02
1.892439671039624627e-01
-4.806821260772591864e-01
-3.403923364445973210e-01
-1.475416163827234228e-01
2.865618438956803460e-01
-1.445714633526187676e+00
-1.262534263136378732e+00
-4.061238127691647826e+00
2.540775854133638934e-01
-3.250108707420679699e-01
2.393704801667932980e-01
8.210241248471181752e-01
-5.318628805005668481e-01
2.102542834720670939e-01
-1.879040431197604555e+00
-2.379436584045981462e+00
-1.563322587868418267e+00
3.052868034639778794e-02
-1.321343289418026146e+00
2.312039725722608574e-01
2.273859940747660069e+00
4.753951331468515007e-01
-7.326507963152654179e-01
5.916205874850586355e-01
-1.843039294145699669e+00
-6.544501520146409623e-01
-4.669710772442076108e-01
1.708347317426109013e+00
4.604914862474108195e-01
-7.298229227662851315e-01
-3.448397057034251478e-01
-3.798769036005909427e+00
2.023726988329214826e+00
9.862554976499682269e-02
-1.859687447086681988e-01
-3.085941272345951170e-01
-8.692643861045770137e-01
-2.137075980640185335e+00
1.503866178499245199e-01
1.751830802454286795e+00
1.361445501906620059e+00
-5.940249758534059676e-01
3.750640702429393514e+00
-6.040066322724787495e-01
1.757478631529340585e-01
2.009725061831911241e-01
-1.098892997704209867e-01
-1.092406384524247986e+00
7.427971729190658845e-01
2.303097902636176975e-01
-6.757011133604868824e-01
4.932032009187411470e-01
1.410391207047911877e-01
-3.428912296469977528e-01
8.820657199920509228e+00
-4.494561947558409543e+00
5.983973876297621342e-01
-9.516596382832316348e-01
1.885112314185372062e-01
4.069021425506234579e-01
-2.190557480591726058e-01
6.382805303580124656e-02
1.259656725871513894e+00
7.374068753833228351e-01
7.376123112582724795e-02
1.711721755433998293e+00
5.622556786681038865e-01
1.323993910864386114e+00
-9.648968447883570221e-01
3.529826964572547743e-01
2.508141845699233041e+00
9.972882963279173785e-01
2.374813125325066498e-01
4.183385294723259706e-01
8.884104518081639146e-01
-4.278484666050824115e-01
7.535964254077593960e-01
-7.890439365290287110e-01
-2.082440729394462231e+00
1.594372373807265042e+00
-7.470754785983102497e-02
-2.897823776574450783e-01
-2.341357484927623744e+00
3.145141783603856434e-01
-1.479291437659994823e+00
-1.553990719305998969e+00
1.494717635549319024e+00
1.813236988827224283e-02
-9.454923605981031542e-01
1.745790106743356107e+00
2.453292997264105435e-01
-7.650912661512750956e-01
-8.829355525456636933e-01
-2.067504910231693360e-02
1.178111513596967530e+00
4.409142978761592668e-01
-6.501553876908400253e-02
-8.028890000053303666e-01
-1.051783621413313607e+00
-3.070670519653220243e+00
1.456140423963836694e+00
1.068562750408647899e+00
-1.108859083160900649e+00
8.353468180217382688e-01
1.988450372266221899e+00
-4.855657225048321535e-01
-5.825095441719404521e-01
4.631333245998088266e-01
-1.515572224284952307e-01
-6.051406348727143225e+00
-4.189061908923469857e-01
1.097388072121979530e+00
-2.663966234528482024e-01
6.334345144658911630e-01
1.739715262216477987e-01
1.665938444697047938e-01
-1.003103578121617767e+00
-9.251229748574165690e-01
1.008131370685619421e+00
-8.540502278632469135e-01
-2.219458912925256766e-01
2.537092486716318041e-01
-3.943649695668349775e-02
-1.400941738618281640e+00
2.490266155771914125e+00
9.068996529903909920e-01
1.364206234958771080e-01
-1.459115156724621887e-02
6.639082057462049047e-01
1.738305852896647463e-01
-4.933477552350041151e+00
4.871561580237129263e-01
1.140650696465754788e+00
-3.063267437037280883e-01
2.491432357988628166e+00
7.317657245435414737e+00
3.539632995302978147e-01
2.792969565839422685e-01
-3.776453061794499355e+00
-7.466576311587422854e-01
-7.630688558982201553e-01
6.593257746645619921e-01
-2.490603879430242085e-01
3.180553137370168759e+00
-1.012338720019009819e-01
2.120337481676542735e-01
2.657610895838963261e-01
-1.876023310620746010e+00
-7.428589837615285907e-01
-6.178586843388548244e-01
-2.896399139330615990e-01
-2.039445549964637727e-01
3.963901163030166153e+00
-5.211122076159115935e-01
-4.640852719304582319e-01
-3.150766294732709749e-01
1.621313952415240067e-01
-6.006955708638138658e-01
-7.880036662087199772e-01
-1.911999529989055979e+00
1.124452396139178800e+00
2.423263912659468222e-01
-6.059404036222486578e-01
-3.062943430294544633e-01
-3.514806049307400704e-01
-9.591292194792957471e-01
-8.597312122986489058e-02
1.647765098699465414e+00
1.574822928341007566e-01
9.324822755228554527e-01
9.911952341734897587e-01
2.164851152599165385e-01
-3.001003836542722070e+00
8.263529260832219725e-02
-3.022979064919601999e-01
8.679373977511356530e-01
1.087768948717429407e-01
1.499819186741689236e+00
-5.917990863359773313e-01
-1.543408184276759076e+00
-3.014378312515999525e+00
7.129697407791221186e-01
-1.375726558865984828e+00
-1.955717561341407063e+00
5.963546665314179984e-01
-6.587856276165882097e-01
4.278618657503179823e-01
8.272593412784932099e-01
-1.742824339880068296e-01
-1.518742658326481365e+00
-1.393512892306612849e-01
4.760490341785162949e-01
5.423943091498404367e-01
-1.995528719334422219e+00
7.732851647084484359e-01
5.070480612423219346e-01
4.287783536193507938e-01
-5.899279897901325009e-01
7.204177832947928906e-01
2.131851655584493077e+00
-3.255012686445587500e-01
4.848629750810451444e-01
-4.580508352341310374e-01
-2.235031316317855066e-02
-1.830533823510483771e+00
-2.436552023481811879e+00
4.535827852451267406e-01
-9.571182687398234190e-01
3.622369058416722853e-01
1.930759525321787962e+00
-3.514270716550627061e-01
2.754293136105608886e-01
1.628556317222887628e+00
1.512369704820097915e+00
-9.582943912221086880e-01
-1.221565651400138286e+00
-3.407702729109761686e-01
-1.422310923595480725e+00
3.706207182308127179e-01
3.076551453593042162e-01
-9.476817983164622650e-01
1.045592500637948508e-02
1.611884243265680750e-01
1.097630193759130623e+00
-1.906089535406886748e+00
-5.211240184911580808e-01
7.286965554265223410e-01
1.223286913989009239e+00
-1.607508642728700643e+00
5.040820670543949555e-02
-2.746122201519191619e-01
-1.630125129642715498e+00
-2.174213593474499662e-01
8.536920137547719667e-02
-7.455155961552506483e-01
6.318479467823656659e-01
3.636588504758908602e-02
-1.751538514032621174e-01
-1.258761201855217449e-01
-1.421832749088582037e+00
-8.969754948190724608e-01
-8.301950579576011791e-01
2.189787744124534363e+00
-5.822557121279523074e+00
-9.903947993301810693e-02
8.437181204782739918e-02
5.656185786649529090e-01
1.478763030243949395e+00
-2.959589231037852208e+00
9.559830294105267079e-01
1.128650145532252180e+00
4.440952329606678850e-01
-3.354022444675825110e+00
-2.438401976363379353e-01
-5.975137217077753915e-01
2.461304277089167769e+00
3.153013722760253934e-01
-2.203809660809448623e+00
-3.208592539660040655e-02
2.634664523003202863e+00
-5.157525139180500595e+00
-3.839766140101047998e-01
-2.248827603430167965e+00
1.251245027867968762e-01
6.493130910837637826e-01
4.244533635055791621e-02
-4.291945462596850058e-01
3.607969527498560147e+00
-6.074362885684732039e-01
1.486406787513124605e+00
-1.030126755343958589e-01
-3.109200901276800155e-01
-1.013149443085296530e+00
4.460743757630820649e-01
-2.375169578263605294e-02
6.009450193592469347e-01
2.135340976077289454e+00
8.730811403325946074e+00
-1.162104785702966714e+00
9.672458309487110828e-01
-1.301228987146105798e+00
-1.232342131864829771e-01
2.317988787450660226e-02
-6.466739889856352619e+00
-2.101752929831537942e-01
-3.905022974084407794e-01
-5.586497292621085187e+00
-4.151461514053952917e-01
2.292172971606247500e-02
5.055113454530220984e+00
4.931656863143203395e-01
-5.869834560877463803e-01
-1.930816812572812291e-01
5.750085692907747070e-01
-6.280784647753790972e-01
5.106787814638500400e-01
1.634532025402657407e-02
-5.068930369235735700e-02
3.853744325210126109e-01
1.655916733732178736e+00
-2.150396242636878896e-01
1.113368893395534798e+00
-3.769352085208244940e+00
9.627083289724023274e-01
-5.161168939264106914e-01
6.263992547204952910e-01
1.781661817466499986e+00
-1.166602265695433349e+00
-1.155903466659347512e+00
1.193611356360940068e+00
4.110572115953404770e-01
-5.121709939651316601e-01
-1.070917837528169159e-01
-1.593000619680199126e+00
1.678313084148910672e+00
1.373314317617790437e+00
4.812155601173640496e-01
2.441145652556001577e-01
2.261299814707556366e-01
1.643179893147696635e+00
1.863622585023232858e+00
-2.829832097474214159e-01
-1.114994415167078617e-01
4.488760171265410159e-02
-3.085865500156347530e+00
2.169741468898420234e+00
4.416492005622954520e-01
1.092011865659054948e+00
-5.497760938570914885e-02
2.759971219295083433e-02
9.179340114377627646e-01
4.984289048867394101e-01
1.059850303143432981e+00
5.402873319493116666e-01
-4.891637916093610761e-01
-2.080208320450674941e-01
3.276030989095410351e-02
-1.234366755581418396e+00
8.003388686163841470e-01
1.023315678205175550e+00
3.513356190769622578e-01
1.582339221726697387e+00
-1.186288729716450385e+00
-3.779304439413043171e-01
4.626798129400070403e-01
-2.978419510617784205e+00
2.448929365473528907e+00
1.929828524631170827e-01
-7.592017135914349568e-01
-6.418571522620675207e-01
1.209700377861658849e+00
4.839750353504562730e-03
8.030808635738309054e-01
-9.165905635442511690e-01
1.139436633602236792e+00
1.303299458373611275e-01
-8.850021797393962109e-01
-1.129439943349391240e-01
-5.653491293576711207e-01
8.754706894293042829e-01
6.115676059597166536e-02
-1.720521396271472492e+00
2.824079147954658975e-01
-5.951413270999091898e-01
-1.070710084451431010e+00
9.858799031380544031e-01
-2.688471374095888766e-01
-9.879212532831410654e-01
-1.705557638163932715e-02
6.763336787945993800e-01
4.478656830197974559e-01
-9.117823277518372072e-01
2.603064879961759504e-01
1.628917431098672874e-01
1.515895131122983575e+00
-1.313460102042356692e-01
-1.119136369738618964e+00
1.658093037383196799e+00
3.310230677140937328e-01
-1.555634217358450311e-01
5.707212832899100086e-01
-8.110036035281613653e-01
-1.161067494690137369e+00
-1.866478773585222406e+00
1.124508927080938858e-01
8.770570303093058184e-01
-5.042108604425090679e-01
6.722259460738453374e-01
-3.293309847008934477e-01
1.372928860734882739e-01
1.383588003085017615e+00
6.762167558923803945e-01
2.410659360140796181e+00
-5.161756542542561554e-01
-6.520119373035929700e-01
-7.171748263119406830e-02
2.182225526866196086e-01
-4.147065623019074998e-02
3.020035431220605138e-01
2.247186481066329178e-01
3.714544539885872299e-02
-4.873506844270427130e-01
-1.604480926123715567e-01
8.291906553826096093e-01
-8.156078176949973502e-01
-3.088009895067737043e-01
9.774053988248099234e-01
-3.381554656643799284e-01
-1.686767860908683137e+00
-6.618482025827912008e-01
1.044820061198194594e+00
1.686464773748566626e-01
-1.967461040970223951e-01
-1.228871383539533596e-01
1.357309626446631112e-01
-2.075941387885038569e-02
8.590757940058697528e-01
-1.626501757275264470e+00
-5.938322956133057495e-01
8.513426519731093212e-02
-1.607865843054518296e+00
-1.265865465944535861e+00
3.294460449044820938e-01
9.443169268555753337e-01
2.473435728400539713e+00
