1.240223582687772219e-01
-1.406427204227982397e-01
1.517394624493076494e+00
7.135856150487491778e-01
-8.758050340458405358e-01
-2.671172687481195407e+00
9.686746227492953887e-01
-2.280578864388532745e-01
8.941690973690311073e-02
-6.200167729759071822e-01
4.820897398391031929e-01
4.171516557109639090e-01
-4.614247056785920065e-01
2.180912156703452176e+00
-1.310814387550047977e+00
-6.173659548982596279e-01
8.899174674941930929e-01
-2.298570358810664849e-01
6.470287049380878397e-01
-2.988083127163567165e-01
1.029972250055803507e+00
2.820655307651258603e-01
-3.806008157195495123e-01
2.351056765732726928e-01
-4.148033510843635585e-01
-3.902680286537954846e+00
2.367011285356554584e+00
-1.361694302708206461e+00
-2.279748104490588290e+00
4.083336155480199459e+00
-4.506194606394643420e-01
2.476191667170432875e-01
1.800138500192986157e+00
-2.250943992030146834e+00
-9.969296947096881190e-02
4.131381045707968602e-01
-1.844485507027775473e+00
-5.254056479231661303e-01
-6.260034473690223589e-02
1.313404520154315414e-01
-2.933720067328873804e-01
-4.680780320023336660e-01
5.641042692576767603e-01
2.522417837838532684e+00
2.645273078184032234e-01
-1.483105576674902393e+00
-7.613012442016303671e-02
6.971250037760738927e-01
-1.950731313778932163e+00
1.260165443764658999e+00
-6.337961614918418363e+00
3.725394942212488236e-01
-1.318690445814130197e+00
2.579867627196562374e+00
-2.325302404299327108e+00
5.697707659545754311e-01
2.491613802079901130e-01
-1.492999692278173529e-01
-2.086302861241828399e+00
-6.100631854752246175e-02
2.410875341468557309e+00
-5.710698982143082025e-01
2.209099439437232526e+00
-1.813747634423426014e-01
-7.349330565248988201e-01
2.525419495744776754e-01
-2.022860184395354644e+00
-7.298157956225059806e-01
-1.751231957503641246e+00
8.606818883663089337e-03
8.470959445766828022e-01
-3.099503346386512925e-01
1.571396595853385758e+00
-2.076901226530122990e+00
-8.648249565275410722e-02
-1.355490075332123290e+00
-2.032085857893784375e+00
1.070924628708165294e-01
-1.919971620782654209e-01
-3.492118037372342054e-01
-1.218710677979696122e+00
-3.454608294936568624e-01
-1.088660244653328474e-01
-7.388411078530259246e-01
-1.978232460898276646e+00
8.887346612787320188e-01
1.319630633407609777e+00
-2.311892457225330488e-01
-2.182000637113767461e+00
1.121962849545506069e+00
-4.111577508755027033e+00
5.558234176394398762e-01
-2.331471461869213613e+00
6.519668305756798343e-02
-1.373453025664234772e+00
1.053755745763625518e+00
-4.592331480358368800e+00
2.442365670730853033e-01
-4.830375171775699861e-02
-1.836866921072438652e-01
1.337065753185607934e-02
-7.076586479623757642e-01
-2.331137575642776572e+00
1.695887808688899268e-02
1.308096599566134444e+00
-7.830570314332536974e-02
2.436928553315511614e+00
-6.218770799951057748e-01
8.969589611986765743e-01
2.471548451549648195e+00
9.099379230315798872e-02
4.167219041980705363e+00
2.727572062083336579e+00
-2.585933565492890995e+00
7.441053475679288987e-01
-3.268919531906062659e-01
1.389105805296213525e-01
-2.934095110379079593e-02
7.686455843034354363e-01
-6.468970925716430731e-01
2.899754840599092498e-01
-5.815265838467001958e-01
-1.364935373082525882e-01
-2.839166178333419888e-01
-9.813635320941129780e-01
1.679928228089309306e+00
-1.048998835056650092e-01
3.594970651355103297e-01
9.049573983502650076e-01
3.192985576006963644e+00
1.348721047070170709e+00
-2.589846051562060270e-01
2.436561630500541087e-01
9.626086232108324037e-01
3.038484483088332411e+00
-9.496012109371837484e-01
-4.505872669563330546e-01
-7.516660087510310673e-01
4.458950606819085394e+00
6.174268149164870156e-02
8.118124661190608826e-01
-1.478824382462868292e-01
-2.752281040334599860e-01
1.219295792203889839e+00
-3.720192237217515352e+00
1.062119830530518350e+01
-1.612056970585445725e+00
3.925213319837197318e-02
-6.055635827335910104e-01
-1.281111012195952359e+00
1.008308272824147922e+00
-3.621037224481929995e-01
-6.784012488321111700e-01
-2.232028786357474814e+00
-4.755867026136135767e-01
-8.445754840501781824e-02
-7.593593037019963354e-01
-3.879315262138147147e-01
1.342392279580963521e+00
4.669146876494423282e+00
4.501523659019022738e-01
-5.810977651357898122e-01
1.383990902255976263e-01
-1.024354811619688110e+00
5.014185368733485859e-01
9.556045310366063639e-01
-2.226520554563222731e+00
-4.738584987842152652e-01
-3.095954036432158052e-01
2.060279573899154393e+00
4.046064147923685295e-01
3.802025275960844719e-01
4.503101864531530163e-01
1.543451317817486013e+00
2.252935454866684672e+00
-4.128992098576274028e-01
1.188574503106625047e+00
-2.851845500090962604e-01
1.496860091789060654e+00
-4.698551426178020352e-01
-1.167131600068761266e+00
-5.590996447902977451e+00
-6.091537974262249966e-01
7.162907325549878745e-01
-1.450855188258838302e-01
-1.242113090125034569e+00
8.342218043021527585e-01
-4.931710840540174945e-01
5.763951184678233197e-01
-2.769928548741122931e-01
2.220092704007501083e-01
1.228669456834915186e-01
4.308710570447076282e-01
-4.868519353614431111e-02
-8.555070173992289639e-01
-8.170858216041405608e-01
-6.377769885937694117e-01
-4.160258408517443662e+00
-1.248132318156039755e+00
-5.134967792940110520e-01
1.422466226228960851e-01
-2.462694475851313403e+00
4.379861230132417460e-01
-2.031740519005784229e+00
-6.879805835193639751e-01
9.136317289458748547e-01
-4.714753648334130132e-01
-1.427462799997693543e-01
-5.607310037287380755e-01
-2.801475094684088063e+00
8.569759584322175217e-01
-2.094420893576485199e+00
-1.001005416679600302e+00
-1.903385079997870433e+00
1.031198499902583054e-01
9.015736379277873302e-01
7.471432193123246357e-01
8.786737767439037894e-01
-1.176977234000885053e+00
-1.913872749806049045e+00
-4.187792228107076742e-01
1.408523657249303729e-01
-1.040975907553587598e+00
1.446300203656007699e-01
-1.750929457247875354e-01
-3.746569339838872192e-01
3.172423933685923902e+00
2.058998804530762783e-01
1.602768589386856402e+00
4.116041078682014742e+00
-7.468255148430026358e-01
4.241576354899342927e-01
-1.127781187878993840e+00
6.005862722055600456e-01
-1.679046935329702839e+00
2.575331273168541268e-01
1.703373130221801590e+00
-6.838505078541550652e+00
-3.707819485778000024e-01
5.136784748536615819e-02
7.712752002793692441e-01
-7.797456748321578424e-01
-2.090935246891617805e+00
-8.861385157216185027e-01
7.480074598832534560e-01
1.441066187808483390e+00
1.607656900804344646e+00
4.439572332695522483e-02
9.810021568051380259e-01
-2.687738910803949000e-01
-5.634379656964133565e-01
2.000910373597623304e-01
5.306699721045991802e-02
-1.572372634698816274e+00
-2.338265464226608525e+00
-2.594738270605576602e+00
2.717137399636394834e-02
-5.555434357292088343e-01
-3.859738324596101999e-01
4.989151556456150605e-01
-3.238771931082447542e-01
-1.322894155425361762e-01
1.802933021891424126e+00
-2.901623067577001613e+00
-1.307387947716641019e+00
4.320614019393015370e-02
-9.440144960284369002e-01
5.215110227398085385e-01
4.915990759961347045e+00
7.882180857701037713e-01
-1.835675624832883157e-02
1.854899567104079106e+00
-2.680401872782235628e+00
-7.069736394009512592e-01
3.309391660059853302e-01
5.168351749259514349e-01
4.406172835838334523e-01
6.213192851989193244e-01
-8.994144445967199308e-01
-3.371425994702888396e+00
2.908850563365636965e+00
-5.229335416961591321e-01
-1.078710046908527342e+00
-5.763289363846176849e-01
-6.414908684859761401e-01
-1.786163607585999458e+00
-5.117850364774798738e-02
2.578354853698154869e+00
1.141519330864540827e+00
6.796855825244571547e-02
3.359464570308051901e+00
-1.551664892404601925e+00
2.298912112082394932e-02
1.856425367386516645e-01
-1.739221659110304075e-01
-4.293687889023079518e-01
1.262956464239291199e+00
1.285129541816354415e+00
-4.695981074867202065e-01
-1.459559946357859683e+00
3.662213614866093314e-01
-7.342565121466387845e-01
7.323095305466029714e+00
-8.368021977549821244e+00
-1.785837906993725521e-01
1.525959139268318721e+00
-1.850408301602755878e-02
3.613392190918134350e-01
-2.037639535811502645e-01
3.754335117979810676e-01
-1.933296152671903911e-01
5.483406008018660849e-01
6.782832691831903738e-01
2.669933708712283416e+00
1.098409737682034759e+00
1.714937639251928880e+00
1.144102102121474562e+00
2.457780431590843584e-01
3.884205872894081146e+00
4.851161361659013793e-01
-6.337580367469639597e-01
-1.623443388309563584e+00
5.421623949551781507e-01
-6.432236524551881995e-01
-8.998529164295796523e-01
-8.783163643576409330e-01
-1.837343083554748846e+00
4.183204679464587628e+00
5.384682071307973494e-01
1.408650420637306055e+00
-5.063979021647679879e-01
-1.430939886546727102e-01
-9.900087812494614559e-01
-4.271841050660112882e-01
1.941146833262268778e+00
2.695276677633294260e-01
2.004299055011676156e+00
2.252159678326906556e-01
6.051974900604681906e-01
-9.548809882992201903e-01
-1.307420027918965388e+00
6.247992593796335425e-01
9.668172708264702875e-01
8.074818552584641651e-01
-5.095302318745784653e-01
-2.490136814230643925e+00
-9.360282533959891627e-01
-5.919421116952208628e+00
-6.570086849787107885e-01
6.264225931695751592e-01
-9.511637197318980608e-01
1.224014538715635814e+00
4.131886179438812867e+00
-8.745139371823241747e-01
-1.529346443287363577e+00
7.489741255459662073e-01
8.394586083699348000e-01
-8.848294768808599997e+00
-5.477992569646196186e-01
9.127460922794661258e-01
-1.547882673924519947e+00
-1.851710034619125089e-01
8.071088997257956921e-01
-6.400867077069869460e-01
-1.336478251630796699e+00
-8.207237659637176552e-01
1.408166829641183559e+00
-1.623357869029536493e+00
1.057215497897686096e-01
-4.649762771536867789e-01
-7.391244100663952876e-01
-1.115421188899103688e+00
2.605392829466025795e+00
4.578160669656333726e-01
3.471920852057361340e-01
6.134509354976148687e-01
-1.322389694596367793e+00
9.262655614754500624e-03
-2.995274844015918259e+00
4.187092507111344730e+00
1.880552761990638366e+00
-9.394928158371582128e-02
2.279532603972264759e+00
8.745531174063012614e+00
1.928813574098525163e-01
9.834078708431266413e-01
-4.121406188301027562e+00
-1.127234145094136553e+00
5.081417005061047432e-01
2.038624081419535550e+00
-7.349431710494543912e-01
6.457644638437485263e+00
3.311401549046815718e-01
6.119152678809161028e-01
8.273956012168168228e-02
-2.248059727804406105e+00
-1.200774244356165310e+00
-2.199169837212260781e+00
1.020179491799644289e+00
-5.563803271490288527e-01
5.120351272659624975e+00
-6.066697729668734107e-01
-3.793768645969975983e-01
-4.820494313285756949e-01
1.123459704567680850e-02
-5.346965040962160520e-01
-2.408392910904859352e-01
-3.049209986551329798e+00
1.714226958781442489e+00
3.370416238708558998e-01
1.774010292216626206e-01
-1.651865063868012962e-01
2.886324879149628764e-01
-5.566245436162107207e-01
-2.013254412741315669e+00
1.483203230037870135e+00
-7.233056631968113326e-01
1.777643168993714884e+00
-1.517603604482085089e-01
2.256518199815725101e+00
-4.717354990191885200e+00
1.096761496508286693e-01
4.967566724716516169e-01
8.765473030416763844e-01
2.773108647509298086e-01
7.866754348635669469e-01
-1.076279208311943458e+00
-9.307690265330842427e-01
-2.797138152437031788e+00
1.156030861649419927e+00
-2.916796667184144098e+00
-7.311461692490285325e-01
8.619633924539531478e-01
5.403813224766307322e-02
5.732160657528679870e-01
1.143941885268001668e+00
4.551164706561541262e-01
-9.167200700865408836e-01
-2.406332383322273560e-01
1.811896993854188675e+00
2.152586006805223384e+00
-1.988067990685852937e+00
-1.194167568088617681e+00
3.095514578344911727e-01
3.171252147173321823e-01
-2.251371680292549193e+00
8.039729645713539208e-01
3.039458054366199757e+00
-7.385621243269449021e-01
6.864787346576780580e-01
-1.512787480432720155e+00
-1.946005447503763031e-01
-3.637565491637645421e-01
-2.609904258948618327e+00
7.079385197664701534e-01
7.229772038463894157e-01
-2.479361967115824017e-01
5.353886487728853893e-01
-7.351565559846705566e-01
4.652224131721635070e-01
-3.275757143285790152e-01
4.241257020797299937e+00
-1.177022638334618065e+00
-2.522040530860135021e+00
-3.642149761555750764e-01
-2.227869962485824029e+00
7.232197211000093162e-01
-6.420405657728808779e-02
-1.204795921668794012e+00
-1.249299242026206347e+00
1.029171039343327321e+00
1.556646493760676986e+00
6.102566541769204322e-01
-9.387640061931851188e-01
1.189195953084830171e+00
1.194533092152421982e+00
-6.324781681837366998e-01
4.762036139402140433e-01
-6.672864382944534434e-01
-2.324800507701941576e+00
1.233792795411591398e-01
-2.036130543424413686e-01
-5.871222222259124823e-01
-3.578344409882220356e-01
2.876276677619020727e-01
-3.233934221264932463e-01
-2.176780970966626927e-01
-4.289331611528447441e-01
1.072616066860786921e+00
-5.563893052194931466e-01
8.545021457605729287e-01
-4.735801849515804740e+00
-8.935458860251738189e-02
-2.584329065420057914e-01
1.015695313646108433e+00
3.520505857628924984e-01
-3.191986554328145154e+00
4.037713317470927876e+00
1.631469600498232364e-01
9.237386122865054450e-01
-4.518407656720053289e+00
-9.825505149603844801e-01
-4.105035225010165711e-01
2.614262358249300977e+00
-1.849724437932922738e+00
-4.153524754752983661e+00
-1.685818345523094064e-01
2.589434919822621417e+00
-3.389154092065463253e+00
-2.164547313011948582e-01
-3.464991880260463120e+00
-1.933156723913587616e+00
8.747391373573012441e-01
1.000795948158974102e+00
2.395774903790838795e-01
-3.765215148824453406e-01
-1.065849347303448602e-01
2.581500191311741244e+00
1.298035654564619001e+00
-3.098729052322163890e-01
-5.189476045098740942e-01
2.337263336348958942e-01
-1.014657116420634719e-01
3.233393885743582885e-01
2.807133594126312914e+00
1.590995506163366002e+01
-1.715121836772349306e+00
1.962732015923376983e+00
-8.484916392096311100e-01
-4.322702151951986482e-01
6.038940653696672767e-02
-6.418048297852822159e+00
-4.015338832155709303e-01
-5.261260495597622766e-01
-6.775913068312190646e+00
-8.623938603645806555e-01
-9.908927905490705346e-02
1.952511996126777394e+00
1.059635850478015451e+00
-8.609068293233901326e-01
-1.814850231046935269e-01
3.970788359902292508e-01
-1.124601130808681848e+00
-4.664391251681931222e-02
3.003003719949879913e-01
-9.153324245685572347e-01
3.774433452040809600e-01
2.414189735434086437e+00
1.598913334907439143e-01
3.752106712117224685e-01
-2.505880464886410142e+00
6.916480382646434943e-01
8.826198973758205835e-01
1.880837849961203734e+00
2.296666217330081139e+00
-1.103711295175733964e+00
1.295761398086339611e+00
1.435363068644355700e+00
1.275981707260175901e-01
-3.623299481709062464e-01
3.402674838100395172e-01
-2.838348778069932354e+00
2.660802492079326065e+00
7.297725198275906155e-01
6.343056788875726104e-01
-5.526258425352663650e-01
1.551287977364756154e-01
1.596025734244560734e+00
3.108689033324753659e+00
-4.525912579045586748e-01
1.916254327349456443e-02
-1.975201523911238044e-02
-3.051017434817799856e+00
2.420117878135753742e+00
7.772332146971515643e-01
1.073656891854166018e+00
1.435309615614852041e-01
2.216440635636560685e-01
1.666432584049287735e-01
1.777353850387855205e+00
1.473137655580953220e+00
-2.966840627507049688e-01
-2.161432448687705676e-01
-6.435319321470882314e-02
1.180089084943436728e-01
2.320748186066306396e+00
4.476242554646860383e-01
9.030717289548979565e-01
4.486014261221665245e-01
-1.091991127846281939e+00
-1.409484683399263361e+00
-2.605640593639618197e-01
3.980747013309865467e-01
-4.601179459571254071e+00
5.064793172192456616e+00
8.557454421027068658e-01
-6.439387370859058768e-01
-1.102457674103539398e-01
-5.575369535871896876e-01
5.933422021430784232e-02
3.064591711290623466e-02
-1.475126428900516373e+00
2.228680603788404824e+00
2.346635235793725072e-01
-8.939502426019000358e-01
-5.425236641021945194e-02
-2.652458010378462849e-01
1.093996139368916376e+00
-4.974443099324727391e-01
-2.821271938985529637e+00
-4.516854350275310570e-01
-1.032105735915737510e+00
-1.981679433710478833e+00
6.150905820435560445e-01
4.849180297396786521e-02
-3.140113607287636777e-01
7.366160783554251967e-01
1.091862484803490574e+00
1.604841566410048159e+00
-2.010265487791885519e+00
1.337906591975096315e+00
7.181797953386618305e-01
2.342183627341273944e+00
-1.665340161894002247e-01
2.827700307190705309e-01
7.359026885752825153e-01
7.122560445884766889e-01
-6.352195574439608583e-01
7.209529066007950293e-01
-1.279952794120440274e+00
-1.844060895417582113e+00
-5.326881071726390360e+00
1.501760304710497707e-01
1.758923813874679665e+00
-5.056249806233341637e-01
7.649167848344243792e-01
-6.187614557727900699e-01
-1.564312713195721016e-01
1.633379718922586710e+00
4.401523350374042520e-01
2.442345203931929998e+00
-1.269418795066222794e-01
-8.149633654253451986e-01
-1.959500283649012742e-02
1.152007430055517645e+00
-3.164928140802463208e-01
7.257941837963759468e-01
2.110009513109802753e-02
7.985192217611482290e-02
-6.971561034585842531e-01
-3.976233108452101872e-01
5.654890070013803838e-01
-3.264157473689968669e-01
2.283747556125297340e-01
-1.706798251184127868e-01
9.206063256867026701e-02
-2.209818912915892053e+00
-1.091869717371615200e+00
2.586857142192952264e+00
2.026107910418482871e-01
-1.120175584228248478e-01
2.238441260618938833e-01
1.606807087414490853e+00
-5.797333199401986104e-01
7.532929506545265053e-01
-3.254534076667857434e+00
-8.112778902634040223e-01
6.144017423577964321e-01
-6.806924700739352962e-01
-1.288108140695681580e+00
1.374663517626721898e-01
1.112512341036097308e+00
4.139317276486259800e+00
