7.036816941719839513e-02
5.223470234578675084e-03
1.284086520583982871e+00
5.483081038992074774e-01
-4.205748529802926239e-01
-2.085761638819883412e+00
1.024636578457255975e+00
-3.743805539443000874e-01
1.746250368596654889e-01
-5.560655229173983027e-01
4.934690146257084686e-01
-1.144258518446531203e-01
-4.269907715860826736e-01
1.403392047930726916e+00
-8.649287233690131638e-01
-5.013935121551250651e-01
6.804627166205604594e-01
-2.473442230452558288e-01
6.080196616633428697e-01
7.492295224138989518e-02
1.415203849554234505e+00
2.800826771546645055e-01
-2.874279404136114713e-01
1.086048998369956442e-01
-1.768410967829089631e-01
-3.125263077315236782e+00
2.056289673784572614e+00
-1.125028006161396865e+00
-1.519167014071188593e+00
2.916241502098491090e+00
-3.650888956968111332e-01
8.329833038079115237e-02
1.437372281330355328e+00
-2.290015078064175480e+00
-3.364740375876726364e-02
2.191262203554704135e-01
-1.380061404699834737e+00
-1.241829341685537352e-01
-3.406386929935375507e-01
2.351888103889587800e-02
-1.650789983735699018e-01
-4.205250391495288231e-01
5.023592186693519590e-01
2.847814063623704595e+00
5.346722923567641672e-01
-1.835177442538051595e+00
-3.215679621661762244e-01
1.396809199840345350e-01
-1.964732908323481908e+00
1.150828957573083455e+00
-5.084305196040990182e+00
3.844030001751261860e-01
-9.313477091440933719e-01
2.789815647306553181e+00
-2.107540420447849616e+00
6.219754422868039034e-01
1.542504420359242234e-01
-2.207146363707700731e-01
-1.652044256689840562e+00
-9.757952021586140112e-02
1.518225906957666904e+00
-4.222980326404249807e-01
1.598234343757898301e+00
-3.461746271962731769e-01
-6.803003612085075646e-01
1.857455187135527708e-01
-1.808685298746235182e+00
-8.786361212209998772e-01
-1.585798818001286747e+00
2.052677477424390967e-03
9.357977083844614130e-01
-3.769210942670407627e-02
1.189690375997316751e+00
-1.597276010385615841e+00
-7.368302148130502494e-02
-9.531698510980795014e-01
-1.397463867617343425e+00
3.147395241180275249e-01
-1.629667767314991744e-01
-1.277654825250152670e-01
-1.223807222811416295e+00
-5.719827518660987042e-01
-3.213681695278058359e-01
-6.648902565810699272e-01
-1.858300123540440163e+00
6.998308794422047896e-01
1.035158974866194015e+00
-1.957499688945824323e-01
-1.749197655243507121e+00
1.056513144285816885e+00
-3.264907771125841407e+00
6.041404227448317066e-01
-2.024251802542863743e+00
9.543593815014428383e-02
-1.275724531754191871e+00
9.727660668589377391e-01
-3.500451462250750101e+00
4.511803211726819057e-02
-9.008022632517767581e-02
-3.832486595687982223e-01
1.893326319920161094e-01
-6.144933009701863957e-01
-1.647227199292460309e+00
1.780952430678791609e-01
1.134642388090608911e+00
1.314734335785863739e-02
2.015158744388634737e+00
-4.235894634753180066e-01
6.974211102812177820e-01
1.851061816362171986e-01
4.677644520822122898e-01
2.473170807780743274e+00
1.910932270669351007e+00
-2.161362615441834389e+00
6.079447789089691412e-01
-3.041470022076910307e-01
1.217808319156475916e-01
4.095434518113384020e-03
3.586611116312063974e-01
-6.408526657332949128e-01
2.437768626731986188e-01
-1.942493922232675641e-01
-2.033370538217886270e-01
-1.776755995754465689e-01
-9.340690636754930276e-01
1.417114648583571501e+00
5.398220271364462253e-02
2.942136613691485048e-01
5.141226340602854661e-01
2.694637079419972991e+00
8.913413630373234753e-01
-1.093190481002815212e-01
1.721510494823532689e-01
5.007661934467109166e-01
2.520523898245304650e+00
-8.775480186278694639e-01
2.772910103022299677e-01
-7.413829785000395356e-01
4.308990019382883396e+00
1.189544417280455346e-02
2.572996260870341612e-01
-2.154090676478355171e-01
-4.538246387153609396e-01
8.774845371078806577e-01
-2.310619502597691888e+00
8.261553166565310136e+00
-1.029336718483470525e+00
-8.114530590224848516e-02
-4.977264913506110888e-01
-9.819549088218845201e-01
7.714987408313039863e-01
-2.684835913708907840e-01
-5.006815205919463718e-01
-1.762254454348250343e+00
-4.402515748521110828e-01
-3.792621730485126741e-02
-5.601647829781690735e-01
-1.225795808136321552e-01
1.129629387821739606e+00
3.791225512151642274e+00
4.859722844088452676e-01
-6.560993787453447412e-01
1.088992777764084402e-01
-6.315342395262998343e-01
6.186267298622056821e-01
8.411178117857776027e-01
-1.513927643862148731e+00
-4.082301789623230537e-01
-3.766009186135371722e-01
1.692668601378940263e+00
3.607030089095101255e-01
2.671777666684757024e-01
2.041820505530694552e-01
1.098803724441002494e+00
1.839966671034923174e+00
-5.139873693318808279e-01
7.464491727208100169e-01
6.077941324321228106e-02
1.292938659085429265e+00
-4.108676058142228804e-01
-1.023302916726532619e+00
-5.331891503872799198e+00
-4.721169361128385034e-01
6.591396011941822453e-01
-4.528821496540377800e-02
-8.561899227197034001e-01
3.482534159866390033e-01
-3.811361180498630263e-01
5.100820994901386074e-01
-2.354791397098602579e-01
1.625394839727087870e-01
2.053179548344186978e-01
-9.445178923158853435e-01
-6.411287691533332223e-02
-6.155128255358983669e-01
-6.877567362949835728e-01
-6.111284043639184649e-01
-3.335671896075155018e+00
-1.173826160191831169e+00
-3.043242084628695610e-01
2.327591660669858509e-01
-2.138177256414365512e+00
4.216120551057232074e-02
-1.717595961168771224e+00
-6.079269258311570390e-01
7.562296344620783595e-01
-4.335172497302965944e-01
-1.543170640440910957e-01
-4.798763909891021195e-01
-2.727951406769375087e+00
9.788893640654042771e-01
-1.129768526915083449e+00
-1.186640355899750476e+00
-1.935614383380174663e+00
1.600224945760490153e-02
1.506040253626025116e+00
5.661358675988553690e-01
6.960619642789936945e-01
-9.091874322925325158e-01
-1.955466355078581131e+00
-4.188740458862630356e-01
2.685392511709605579e-01
-9.720979205140674040e-01
1.133303614106977719e-01
-1.752673956038875713e-01
-3.038334975313051745e-01
2.893133390451502862e+00
1.685567933439019450e-01
1.304854220974036805e+00
3.780471609083426721e+00
-9.846346172301403410e-01
4.340000393468151918e-01
-1.353744697129634966e+00
5.749232163545479057e-01
-1.404325583931005816e+00
-2.134671558658657320e-01
1.374399258779283706e+00
-6.184957479868923080e+00
-5.276958653651538933e-01
-1.805378288208159543e-01
6.658151838892728547e-01
-8.066750357426863971e-01
-1.895435561845130845e+00
-9.051629036580834953e-01
4.033806429144871086e-01
1.613914761641129569e+00
1.072123942773650862e+00
1.476048871500312484e-02
9.723343945227237439e-01
4.782116067592090958e-01
-2.637304909439124878e-01
2.332023022597052297e-01
9.154273772094145833e-02
-1.700225087370730526e+00
-1.816207615948843168e+00
-2.253287377705635475e+00
-1.294554747656813387e-01
-4.850886102341029904e-01
-1.896283616157738994e-01
4.839091648582008465e-01
-4.489864149232605239e-01
-8.158938364553854072e-02
6.602732353143165867e-01
-2.485214519383049936e+00
-9.599940002032832931e-01
5.731762914024387395e-02
-9.187880137660870972e-01
4.305313740744698414e-01
4.562852938116757073e+00
6.252071708632868097e-01
1.018668241494098181e+00
1.458353631242445214e+00
-1.377623199267187237e+00
-3.887801180087410158e-01
-2.611390621041619897e-01
2.621922334160637913e-01
1.413426176428181358e-01
3.325042834749562526e-01
-7.088817556453567148e-01
-3.293043120422898262e+00
3.284615187423034932e+00
-4.435587523711846669e-02
-5.901540685583168688e-01
-7.078889989377642467e-01
-4.788259139323770008e-01
-1.569628803170280085e+00
-1.239197504628831437e-01
2.191659996267805610e+00
1.032411907938279194e+00
2.092917833420706031e-01
3.872041777142396057e+00
-1.283002764338892154e+00
-1.958874490365954124e-01
2.577727874056906510e-01
-3.250793544112672295e-01
-5.264642565997756929e-01
1.256174847659116356e+00
1.200476496014520889e+00
-3.313040798583258839e-01
-8.707246810844696538e-01
2.554090359668600985e-01
-6.481912178318572915e-01
6.469592558508201030e+00
-6.978315168883481689e+00
-1.983386029396453920e-01
1.311274295381477550e+00
3.765064562008007543e-01
4.371424363522070089e-01
-2.499060315508599139e-01
4.574438046930308643e-01
-1.098238485392237368e-01
6.368884610765432885e-01
5.516715621914958234e-01
2.113909121531504898e+00
5.269345116046136868e-01
1.339114616452722784e+00
4.990833299292938841e-01
2.117863431651845485e-01
3.426354013719952185e+00
3.420625624659249242e-01
-5.434183399245360313e-01
-3.875117497327763560e-01
-4.418184929864747007e-02
-7.386950711932649405e-01
-1.069231792977795692e+00
-9.985933702748698293e-01
-1.569872263828432146e+00
7.453272967524834369e-01
5.013098075403322751e-01
1.329050303154262425e+00
-2.300402384952367485e-01
-1.037655613359399686e-03
-1.251972692972129542e+00
-2.702395028075585959e-01
1.541438940585407202e+00
3.550758848676409118e-01
1.441552285971229308e+00
1.522326461127194441e-01
4.039475395382764455e-01
-7.891229526346106304e-01
-1.156405707406484851e+00
7.375261739234790781e-01
6.299065319309486988e-01
3.668797145437407980e-01
-4.876907410957153632e-01
-2.370703335222475339e+00
-9.191754176724703518e-01
-5.149314436024566177e+00
-3.654059371901459130e-01
7.810117150416362453e-01
-8.068010216781131838e-01
7.996397346826201735e-01
3.165782885852387540e+00
-7.597848257383342796e-01
-1.015927406887568107e+00
6.740956582437459543e-01
4.148350912157397485e-01
-7.584314667521698361e+00
-5.210722592269468878e-01
8.742341961164578068e-01
-1.559659856765856389e+00
4.109782605684765555e-03
6.260074455027638818e-01
-4.746814458887674282e-01
-9.268109884564535994e-01
-7.582784024092809050e-01
1.137118506563839171e+00
-1.330837273406017429e+00
3.989189803652455346e-01
-1.666687103376137402e-01
-6.558182620813123309e-01
-6.942860583217139725e-01
2.403622168454135011e+00
3.499769419556236771e-01
2.923966918274304438e-01
1.227248924098141458e+00
-1.034202960570922869e+00
7.524087708756556359e-02
-3.386542201029016042e+00
2.750745053607837942e+00
1.164166492073670067e+00
-5.041624305109359411e-02
1.967761141514672740e+00
7.649540444242891368e+00
2.548726281620497178e-02
8.801592022822921635e-01
-4.621591806915786194e+00
-1.096819702763658588e+00
-9.207447327589587949e-03
1.429521856675534552e+00
-6.821163105472277666e-01
5.825344302856662715e+00
2.468832624431529232e-01
3.967420173169406983e-01
-7.512054322922849699e-03
-2.242993628657287797e+00
-1.008687615022171746e+00
-1.813432492133659091e+00
7.117791433011678714e-01
-3.280063582984389936e-01
4.305007640303201377e+00
-6.428675875778246951e-01
-3.207034188702461153e-01
-4.220384424455951855e-01
-8.233588313375200807e-02
-4.982191464595649988e-01
-2.903205645252983635e-01
-2.052166769078169750e+00
1.500547489370370302e+00
2.313512400364828026e-01
2.374065589484802563e-01
-1.316367851825313018e-01
1.570770836861319908e-01
-4.740263504321172716e-01
-1.956948655524857639e+00
1.384772456961944398e+00
-4.922840229459350958e-01
1.866300887667019293e+00
2.152314308474168048e-01
2.477990289422188575e+00
-4.367644651951921198e+00
2.153333347449830903e-01
3.615784195423533687e-01
6.496262195766796532e-01
1.086524142280087535e-01
3.460820351193043543e-01
-1.007871075074698863e+00
-9.141121784855863464e-01
-2.262902012316919009e+00
1.054035971349623679e+00
-2.205262134524326179e+00
-6.103029616306102634e-01
7.552019215822758369e-01
-9.268583794765762607e-02
4.660560269786866439e-01
9.267587485855567353e-01
-1.037148534891891849e-01
-8.918442242629205374e-01
-4.578514996573790352e-01
1.390258538770286822e+00
1.286009150186631977e+00
-1.586972237945533992e+00
-1.460449475291279775e+00
2.380891113060719655e-01
2.016150982135360425e-01
-1.718526472776901848e+00
5.138443989945232770e-01
2.790835574685187837e+00
-4.647471978740574383e-01
7.449683340816883881e-01
-1.354284117532967180e+00
-1.351807454391092400e-01
-4.699315883004635541e-01
-1.591783862219434020e+00
5.997708249358488786e-01
4.962511910928438241e-01
-9.551169156641511893e-02
4.202768533821537034e-01
-5.639079919968961185e-01
4.391084960201618315e-01
-4.664414225801950531e-01
2.987733691154420335e+00
-9.667299734582822657e-01
-2.861774468832020801e+00
-3.367305421953675770e-01
-1.703337030877548841e+00
3.817896578405413632e-01
-8.278668500260533136e-02
-6.433377838140765803e-01
-1.814300589702413813e+00
5.741662942316311247e-01
1.106456548047834554e+00
-1.525294379979499626e-01
-7.574635363772314056e-01
1.077042842065588202e+00
1.093569325829073957e+00
-6.932936676214145333e-01
3.219024983983729826e-01
-5.610277244590864409e-01
-1.662073421827706454e+00
7.042488625131325397e-02
-1.217979504303972199e-01
-1.052829308778961304e+00
-1.766500360955159665e-01
1.624815249912499315e-01
-2.867638766417412444e-01
-1.953687833819008901e-01
-9.687385179573315686e-01
3.523759323494429219e-01
-6.658656998911304248e-01
5.564109388785325461e-01
-4.599204232581237228e+00
-1.589700053957744386e-01
-9.761835576021092586e-02
8.542860655129640435e-01
5.704122547663041942e-01
-2.679730365547881910e+00
3.649845192893351076e+00
1.802818398794484023e-01
5.975881376721104976e-01
-3.588831952572656636e+00
-8.216155978436718854e-01
-4.375277940483034422e-01
1.967659911410734708e+00
-1.664013614926575180e+00
-3.699594270883786340e+00
-1.589917301446494013e-01
2.285352327587513166e+00
-3.371926641647138290e+00
-3.687353394983975963e-01
-2.985572531894633563e+00
-1.798056764173371347e+00
8.558135794378125549e-01
6.476984864126252850e-01
1.432865807154392601e-01
-6.672014034483809974e-02
-1.043487941355817905e-01
2.425613274966365474e+00
8.599223043261963184e-01
-3.283571963525101500e-01
-8.327011228347641625e-02
8.337565492612032669e-02
-1.063396130760273055e-02
4.466787370917861266e-01
2.330344284131236510e+00
1.339422178688074005e+01
-1.503138313245077962e+00
1.856994815161532308e+00
-6.937150031416128293e-01
-4.142764402293703241e-01
5.883078564475777844e-02
-4.711144916341248212e+00
-2.544027129887951322e-01
-5.146188489161477309e-01
-3.747910756466455329e+00
-6.717655924144487756e-01
-1.140163834618043437e-01
1.229449153783209070e+00
7.781345045858695242e-01
-1.416491132263072661e+00
-9.459557045064229119e-02
4.247997516488958292e-01
-8.962283192751963057e-01
-1.175439429860535290e-01
7.797713311287560178e-02
-2.437984525749625764e-01
3.662531128791989277e-01
1.783637679846418633e+00
-1.299797330403054951e-01
5.750171906221733797e-01
-2.502703179981858206e+00
4.299501720199870314e-01
7.859050768941273635e-01
1.769626025917792278e+00
1.922409377445839951e+00
-7.513387040332116795e-01
1.339567352635727682e+00
1.378233201916623907e+00
2.710420795730607013e-01
-4.211337890405800199e-01
5.106962880834791108e-01
-2.542950156101640768e+00
2.230950819176354738e+00
7.468004999157479284e-01
4.610354870587166087e-01
-4.000470239557923913e-01
-1.644964730593938274e-01
1.172597214139743160e+00
3.185895367947169099e+00
-3.701310055508086894e-01
-1.613393097559534528e-04
-1.796620984705092627e-02
-1.954939638151674153e+00
2.169868046348389701e+00
7.549833359466789906e-01
7.959368795901631266e-01
1.787372417745037440e-02
4.465971330801746242e-01
2.474810474119015224e-01
1.035619691677514220e+00
1.253037941945665867e+00
-2.736671185246153937e-01
-2.159159386816573989e-01
-1.356223517454405725e-01
-3.420139738477467883e-01
1.977274838940828561e+00
5.607807040672606602e-01
7.387604718880452781e-01
4.053582474281520187e-01
-2.968623892642298090e-01
-1.396395710185306838e+00
-1.982753684894987822e-01
3.489346804867032859e-01
-4.344054814196224079e+00
3.962330661824234213e+00
6.271315680059359465e-01
-5.608174298477689446e-01
-3.501738164383051410e-01
-4.147348152204834160e-02
-3.519866655906556119e-01
1.728861907312406188e-01
-1.289956554272695621e+00
1.741859191684575148e+00
3.806728608116721757e-02
-8.986559060362923068e-01
6.627339237826906926e-03
-1.391845822546061984e-01
1.027030447402689672e+00
-2.801141564378626381e-01
-2.454382869369174269e+00
-3.795812607467557442e-01
-9.302951105922090402e-01
-1.362834465943836504e+00
8.179617410674648870e-01
3.536950275557168011e-01
-1.987928818130962061e-01
6.679913420211497366e-01
9.308925106547965012e-01
1.326264092779878112e+00
-1.724388036346856445e+00
1.174380727192791074e+00
5.978431609566551286e-01
1.762108120133758504e+00
-1.681678820799094864e-01
-2.047000496841998030e-01
8.158778677422369174e-01
6.233054073391430805e-01
-3.995631247279168852e-01
7.926630113796970800e-01
-8.643224449566723200e-01
-1.067710416560520903e+00
-4.681033385140346503e+00
-2.731673239925234697e-01
1.412118082617591863e+00
-4.470510699486347495e-01
3.410179292142213048e-01
-4.897096868299313788e-01
-4.383660136346515523e-01
1.055525488662603317e+00
4.990140194774675408e-01
2.454812647025742756e+00
-1.198597252913378118e-02
-7.112162172051643694e-01
1.214899236562045209e-01
7.008038616004020893e-01
-3.700449485391088533e-01
4.894912376825215627e-01
1.038858188162327528e-01
2.844294736821657149e-02
-5.376632175122887380e-01
-2.115540008091886803e-01
5.374106101085719400e-01
-7.159071870306103758e-02
9.607034235229051488e-04
-1.229020907807694268e-01
1.148945623688264750e-01
-1.704401723520455159e+00
-8.144944696041408472e-01
2.977915943186550063e+00
3.870165029693491132e-02
-2.298512209733956368e-01
9.709675537177130111e-02
1.793898062604528443e+00
-3.353942412292614805e-01
9.231960438098275878e-02
-2.625489021203149864e+00
-8.802627667742398687e-01
6.225553047025214060e-01
-1.035180732565306183e+00
-1.122287496293273845e+00
1.230677810440449910e-01
9.501690453767316358e-01
3.272371108799024597e+00
