8.305585763552263134e-02
-1.011633997411750113e-01
1.065914889507500574e+00
5.741149039793834730e-01
-5.840275937403981432e-01
-1.930304392732084873e+00
9.242230213866056143e-01
-2.548897932391364085e-01
4.777576836239034314e-02
-5.553658053081380608e-01
2.931857684277273668e-01
1.353440088745418435e-01
-3.327751351962781601e-01
1.352883583045229710e+00
-8.172598173627635409e-01
-3.946123833297187078e-01
6.492137077239215071e-01
-2.023386524891041260e-01
6.191181663223728204e-01
3.158125577286823721e-02
7.619588863782854604e-01
2.622575368518472727e-01
-4.307201273538073250e-01
2.247437113188742452e-01
-1.946323644839199618e-01
-3.273304988762889334e+00
1.825509123610419282e+00
-1.077481834893514678e+00
-1.571671133468282466e+00
2.861133224419004861e+00
-3.509766252254776786e-01
3.218888538781590203e-01
1.518798101076003437e+00
-2.053078761836384825e+00
3.705657233477568230e-02
2.285655356313554820e-01
-1.296917345454250192e+00
-3.895258507994046604e-01
-1.381783151443699009e-01
-3.202838170183551665e-03
-1.452507974096158283e-01
-5.044385922537761857e-01
3.638448964450303746e-01
2.802970866135275685e+00
4.779112340990768204e-01
-1.696069474886820805e+00
-2.298657890032821394e-01
-3.118497737721961927e-01
-1.961146657936843285e+00
1.145043291174405065e+00
-5.190541035349957255e+00
3.198450063731524406e-01
-1.014114761659493880e+00
2.548057578119073963e+00
-1.963087020241928160e+00
3.860513792808178413e-01
2.081961462493931159e-01
-2.161875434043635247e-01
-1.460206220149053546e+00
-6.418677865702947238e-02
1.573070072148862408e+00
-4.200873533835920437e-01
1.649769339625168696e+00
-4.162220403437846272e-01
-5.791778000335167098e-01
2.705932026836826987e-01
-1.738951782802454327e+00
-7.770305494037225147e-01
-1.563374899832764786e+00
-2.256762241741186448e-02
9.229975644138811441e-01
-5.208021536150946318e-01
1.144326303192271022e+00
-1.554750426833482413e+00
-7.073022859230224113e-02
-9.318087678350323033e-01
-1.291639984373729177e+00
2.812360165556364588e-01
-2.435108583283704942e-01
-2.518622697003712885e-01
-1.022281076242321340e+00
-6.414603889973059525e-01
-1.164897690400680252e-01
-6.067765792587329621e-01
-1.760241753441476487e+00
1.010161888975701139e+00
1.068762956664875086e+00
-3.462655853972888553e-01
-1.711530664799874035e+00
1.138719567312837855e+00
-3.330204556995003173e+00
-2.219320557424400153e-01
-1.800301652586708379e+00
1.121274679379691552e-01
-1.262813607714392994e+00
9.169753128329447556e-01
-3.615823717710430429e+00
9.781992501365835771e-03
-1.641850472359530633e-01
-9.133603364708250960e-02
1.414401198610975574e-01
-6.169973507884130015e-01
-2.020564352708979161e+00
9.956848658816565278e-02
1.155833654218791473e+00
6.665597581984052111e-02
1.958636137039067471e+00
-4.323615694604321935e-01
6.579740639631693755e-01
1.295034469462513327e+00
3.130771791270953175e-01
3.031834423106987586e+00
1.943290183567014440e+00
-2.119249938774155684e+00
6.180036531996280225e-01
-9.092637218018203571e-01
9.035321324160795753e-02
-3.934784621940245336e-02
6.225019953451536026e-01
-5.201239428671002862e-01
1.881526715827991636e-01
-2.287591265803055607e-01
-1.007772860424109851e-01
-1.910818329289618311e-01
-1.045773198998912079e+00
1.250622214793828624e+00
2.484854757944325934e-02
3.550642671152196561e-01
5.744071313515772825e-01
2.754910906742412013e+00
1.134764882892655757e+00
-1.081290851697363081e-01
1.915403204405188575e-01
5.763388710596047959e-01
2.346808789851340116e+00
-6.422198039601492159e-01
-5.779146675338633909e-02
-7.133658853902575814e-01
3.870014419288105412e+00
1.814574206170996643e-02
1.774289745690682540e-01
-2.614716638567272100e-01
-2.754073272286999274e-01
9.380961653877784023e-01
-1.758586346340683892e+00
8.248507476852299902e+00
-1.144420185796781286e+00
-7.985965678568512915e-02
-8.623856389846751291e-01
-9.983618360772740230e-01
8.839320028995512057e-01
-2.411961648338311892e-01
-4.550195309141829569e-01
-1.612453096710229516e+00
-4.701502026621428021e-01
-4.231878916329420703e-02
-5.739609008848352012e-01
-1.524024431845376892e-01
1.154459783429769626e+00
3.778374660687275455e+00
3.914775716527405525e-01
-6.442844914593258698e-01
6.130876805128709223e-02
-7.388457002742383484e-01
-2.260497962165819719e-01
9.305608630509049073e-01
-1.627643065139363854e+00
-3.893897669166209163e-01
-2.814809314925852957e-01
1.294864602701011114e+00
3.382535806440487569e-01
2.794321516125263805e-01
2.281462146343382347e-01
1.198559105583331785e+00
1.098266217211255835e+00
-4.633703254834058982e-01
8.700805277440716301e-01
-2.818130670504560564e-01
1.139683816329243538e+00
-5.346826346959151488e-01
-9.648756192277331278e-01
-5.009916657251787697e+00
-5.003177620597867303e-01
6.290284845405625935e-01
-6.035838887968799499e-02
-9.124598968213759598e-01
5.290571796849249386e-01
-4.224094550372199941e-01
5.499948295385495012e-01
-1.699477661958546937e-01
1.602003717017629059e-01
1.724680314685162474e-01
-3.939633238871939613e-01
2.230024224890034962e-02
-6.262243142547335717e-01
-6.817405821404521893e-01
-5.621578381052354523e-01
-3.135043627446050252e+00
-9.137851973769518521e-01
-3.708517432553325999e-01
2.264521678899055479e-01
-2.008374364096025211e+00
1.409938735676876664e-01
-1.508892248616712006e+00
-6.012450291598366858e-01
8.010585155778169320e-01
-4.703569702724944013e-01
-6.921389773385817901e-02
-5.059708400717745080e-01
-2.021033548191137452e+00
1.043995313268042624e+00
-1.115007630944099715e+00
-1.024838798204081192e+00
-2.336442567863637354e+00
8.381435635177725274e-02
1.160434038810218338e+00
5.487249744806047547e-01
8.839894541520555427e-01
-9.345488934025202310e-01
-1.930379894770747562e+00
-5.951253473996890309e-01
2.699606090812302073e-01
-8.851677756029345812e-01
1.089570871541848812e-01
-4.641975495550934583e-01
-3.698855774761936055e-01
3.031455905560258568e+00
5.409058747248076671e-01
1.301942317892546663e+00
3.654630401907722259e+00
-8.430889720823639966e-01
3.540952687283448475e-01
-4.838832374766385835e-01
4.944646684798982839e-01
-1.449773515657574841e+00
-2.205443615576644922e-01
1.508628877008121982e+00
-7.263204082450600119e+00
-5.268261390664399357e-01
-2.286161859069629210e-01
7.113983879700045421e-01
-1.026835251292747664e+00
-1.809303375771228461e+00
-8.295996241899405987e-01
3.809369122268744801e-01
1.406979838058357357e+00
1.209762845420595312e+00
-5.015044314906331666e-03
9.274839841381474770e-01
2.911043203811113922e-01
-4.058952592167265894e-01
1.911982589390066878e-01
8.891512115208009825e-02
-1.142576372256568717e+00
-1.650182191691160760e+00
-2.205876823572384904e+00
-1.231802789416277383e-01
-4.884053723259951796e-01
-2.725220538082661625e-01
4.374082262107918395e-01
-4.276014569074665927e-01
-5.012247570869905050e-02
9.921750996124459876e-01
-2.360506409871683697e+00
-1.006188495504696023e+00
4.554420819749140786e-02
-8.445994039108649654e-01
5.497385612973888502e-01
4.879124111473507774e+00
5.868289862104564270e-01
1.438068687913450328e+00
1.384326465113231874e+00
-1.895325051490569290e+00
-2.252654756564513860e-01
-6.202604568043065258e-01
2.904027944694411723e-01
3.384511546247809810e-01
2.687939809483245734e-01
-8.321448750685291884e-01
-2.921680700020395705e+00
3.022343871376113267e+00
-2.524206848032929940e-01
-5.416775891934670906e-01
-6.068510324659804889e-01
-3.912577515038979659e-01
-1.308307874554322403e+00
-6.404989753261253194e-02
2.191918895895180075e+00
1.270071876291963830e+00
2.879425006423297906e-01
3.481287243182070501e+00
-1.339946531036114719e+00
-1.886553853121971658e-01
2.580373237450106494e-01
-2.577349489045358544e-01
-5.866930556601673841e-01
1.188035189046840134e+00
8.099042948940767817e-01
-5.543640717571114429e-01
-6.714651241738411880e-01
2.461340290548378884e-01
-6.740366184633044266e-01
6.189820598598319457e+00
-6.853428683692195378e+00
-1.875451927262216656e-01
1.166402025007203802e+00
1.897694309413419378e-01
4.912700314123047973e-01
-4.180559016681467122e-01
4.396856643061000103e-01
-1.533057960032214728e-01
6.961772032929410825e-01
5.876825388930696503e-01
2.136804037258125621e+00
8.715805890910235387e-01
1.420526338851701986e+00
6.312400118755129297e-01
1.979608325688334836e-01
3.423090164408560732e+00
3.662432342801487106e-01
-3.388094482698578158e-01
4.175378664668269457e-01
2.537275884956045613e-01
-6.074164455472889079e-01
-1.496965661008114790e+00
-7.228367073943229304e-01
-1.225933414042410075e+00
2.777078060070390930e-01
4.197768725299373949e-01
1.738369765023541902e+00
-1.293219748327762708e-01
-1.563577760672038852e-01
-3.712089215617526694e-01
-3.745854937448959143e-01
1.603078281335408306e+00
3.540259460009366199e-01
1.613720757023685337e+00
2.562024942880746781e-01
1.001113716308136725e+00
-8.131489608805256841e-01
-1.215577278698078301e+00
5.798477157262905690e-01
6.083114494830484942e-01
7.079092330929704913e-01
-4.704840010992121235e-01
-2.369631261691525381e+00
-8.900430548692922494e-01
-4.391892457058217403e+00
-6.425629893031956641e-01
6.792479883838301591e-01
-7.695026560022633078e-01
8.595402739220416866e-01
2.885827002615498404e+00
-7.021592627961309452e-01
-8.334410251736049657e-01
8.851779232124018515e-01
6.985320337118052780e-01
-7.276871596721188773e+00
-5.491229418510703564e-01
8.509253996329964043e-01
-1.320385711588786037e+00
-5.874784026391900726e-02
6.539492811531821825e-01
-2.870066342565225082e-01
-8.998299157298890183e-01
-7.502207311803295031e-01
1.096779116131962439e+00
-1.149067512057825979e+00
2.762006862175229172e-01
-2.850040220024145365e-01
-6.327269998055385924e-01
-8.640491622364792068e-01
2.487819633314355627e+00
2.815535575931173984e-01
3.090590985309588645e-01
3.919503583355953835e-01
-1.128696825764664791e+00
6.159890145943955342e-02
-3.374094584841147437e+00
2.482882561136989796e+00
1.608745175984120479e+00
-1.032226868593501545e-01
1.966390802215919109e+00
8.088145170483496571e+00
8.970398702483468878e-02
6.568162053516121146e-01
-3.722055986441389575e+00
-1.077612800332067966e+00
-3.688014217704004283e-01
1.451524351542695435e+00
-6.083000538313847461e-01
5.899072682545890345e+00
2.659949194234252356e-01
3.915386094166233288e-01
4.184987269447235092e-02
-2.109511404026342518e+00
-7.506114960192895591e-01
-1.660512404967128042e+00
8.422890816980471707e-01
-3.383185709579478173e-01
4.503616076436819604e+00
-6.273251360737915894e-01
-3.286302251146073217e-01
-3.338490152080671458e-01
1.985226925295749748e-02
-5.310442590928166062e-01
-3.157482875313752935e-01
-2.156539153629367878e+00
1.315348263223414360e+00
1.938537776177862160e-01
7.497614524144809167e-02
-2.596643171817626938e-01
1.905426014778014432e-01
-3.760433838917061622e-01
-1.695001683491210720e+00
1.388442540258036928e+00
-3.557407935490840556e-01
1.811073896621005819e+00
5.373022776412499785e-02
2.351308726651088143e+00
-4.036384819595690843e+00
1.700506841682073722e-01
3.303946652992066912e-01
6.731552453693786520e-01
1.729291780506764242e-01
3.771950645567298532e-01
-1.077560159416965924e+00
-8.544687186891174457e-01
-2.063580500405495677e+00
9.988166074895710178e-01
-2.709925895176776400e+00
-1.795717403969830095e-01
8.550561111962218241e-01
4.719086950635866806e-01
5.122382056760199642e-01
8.915960005540046751e-01
-1.434263647071380710e-01
-1.019126307286535971e+00
-3.765734853155583983e-01
1.426138162803749054e+00
1.307279817108324860e+00
-1.543622715797193345e+00
-3.175334312473098719e-01
2.267652349113175314e-01
2.992326321828119862e-01
-1.420912087936047064e+00
5.603096885622416146e-01
2.737825268891799446e+00
-4.112441447089214552e-01
7.533754995260475429e-01
-9.536413353104451485e-01
-1.131339229554327447e-01
-6.264977394956131596e-01
-7.988216514645712918e-01
6.790481984139249416e-01
4.684535702461640194e-01
-2.227233506530801876e-01
3.950975500725072975e-01
-4.296553989466131984e-01
3.123060706563464128e-01
-4.410665959052871843e-01
3.016662655102756663e+00
-9.233398516610044071e-01
-2.709612325412282807e+00
-4.023462793955950856e-01
-1.692494044065157466e+00
4.180404752071407715e-01
-2.257224547662069203e-01
-8.853693516572139766e-01
-4.313589022511717941e-01
4.414409240403920909e-01
1.079036871294318134e+00
2.961080555170989004e-01
-6.915969611642458492e-01
9.549608800787494634e-01
1.089538230580212375e+00
-7.257241629785267101e-01
3.017670880669947042e-01
-2.712126116424269928e-01
-2.440131322440682649e+00
6.836247803512367216e-02
-1.087258555600233018e-01
-1.043286832433605316e+00
-3.889092094955041712e-01
2.029020948732419005e-01
-3.329538864761838468e-01
-1.393987714878268114e-01
-1.307859791290350238e+00
3.122330208215760572e-01
-5.152845945491824065e-01
3.714523200252962676e-01
-4.078761361526961338e+00
-4.862517346285127884e-02
-1.281126207292091479e-01
8.663104553043783351e-01
5.627351055035078042e-01
-2.385129293984996846e+00
3.425541394441007803e+00
7.682749259559532029e-02
4.500670177863110299e-01
-3.502612976016504565e+00
-8.738361692941166714e-01
-4.103270349317267307e-01
2.215577529369498144e+00
-1.759999595994724997e+00
-3.657362665032366067e+00
-2.348219835137730638e-01
2.258299097851598436e+00
-3.297005074172592920e+00
-1.500814228591141608e-01
-2.984711084899247968e+00
-2.233832645835883479e+00
8.768775000749285953e-01
7.021750965560306090e-01
2.156579039381072982e-01
-2.016641733130484782e-01
1.015266372758028557e-01
1.647717411901047146e+00
1.069960076659808745e+00
-2.061177414707650590e-01
-2.361308972498028791e-01
2.147021615020213159e-01
-5.510194392222140559e-03
4.256808662868688531e-01
2.225168266680555007e+00
1.293812360318610288e+01
-1.494440576370305696e+00
1.905957779486300741e+00
-7.454053291949261917e-01
-3.983872044579684912e-01
8.296656335703091190e-02
-5.097385236644611517e+00
-2.775075477591656403e-01
-5.317151115972987840e-01
-2.316012004862981755e+00
-5.088871404633910078e-01
-9.040536787425908216e-02
1.314439657176559528e+00
9.146886333153626536e-01
-1.185011999861986132e+00
-3.089117744976326851e-01
4.179723841624242708e-01
-7.538828942779849385e-01
-1.454011251944009597e-01
1.316262123852750821e-01
-1.393901106891042518e+00
3.588950402084636337e-01
2.051554846918735908e+00
-3.649483302518639616e-01
6.434037058571102641e-01
-2.730531529028266124e+00
3.792475911009145495e-01
4.701022234188994009e-01
1.671643057059079229e+00
1.935493121567299024e+00
-1.275599933091276617e+00
1.107253495519847197e+00
1.178918499407711318e+00
3.235625346553330783e-01
-3.193400315018194990e-01
5.081831026859748857e-01
-2.693728150791244058e+00
2.200220257430030468e+00
6.877621429771393347e-01
4.541852484172133053e-01
-5.013541785265229755e-01
-4.381228169218411017e-02
1.307558717606928322e+00
1.268477761286941785e+00
-3.583285848517239747e-01
-1.086477871428213615e-01
-5.021850384459690397e-02
-9.652178867075634772e-01
2.411830836475249207e+00
6.597720781884890418e-01
7.808229886159314681e-01
3.438691591174554418e-02
4.366331941249956272e-01
-1.425951174078400108e+00
9.381263973820519464e-01
1.248189136088195816e+00
-4.207829307007145969e-01
-2.169012518679078738e-01
-9.329542056772698044e-02
-2.127250148756453518e-01
1.686819220311284617e+00
3.492529405490122363e-01
7.429738545769616342e-01
4.195364567028628255e-01
-3.654339380166088946e-01
-1.420376857539406679e+00
-2.321762696845167395e-01
3.579117367611181488e-01
-4.088701186511859653e+00
3.790587823172444359e+00
6.722117358013480759e-01
-5.157229028744741983e-01
-2.990060535829489607e-01
1.633599818924918456e-01
-4.591584863710402864e-01
2.682411832395588114e-01
-1.224588382164434552e+00
1.936520143607648237e+00
9.790233872718584474e-02
-8.341615052564839150e-01
-9.331231867815242831e-02
-2.120770981089468710e-01
8.895292787834395698e-01
-2.274457234264546934e-01
-2.411851576605604119e+00
-4.372244319348708164e-01
-8.973548216442772674e-01
-1.455745550517638875e+00
8.529873852042921811e-01
1.384611971669766073e-01
-2.232314498428728256e-01
7.203930198210554137e-01
9.065858595203546422e-01
1.227985880319485190e+00
-1.632841472514331427e+00
1.061948557814274219e+00
5.675943164283578923e-01
1.932187186721531003e+00
-2.263641758258613246e-01
1.255069362345171413e-01
6.984596777988756333e-01
5.777896998267820772e-01
-3.619141955390868248e-01
7.836697677932871198e-01
-9.022021061499565509e-01
-1.352735063593694331e+00
-4.633752860357824410e+00
-1.352105830146954069e-01
1.446733784622342256e+00
-4.030090096251479070e-01
7.792960652909575181e-01
-4.768182699112862299e-01
-3.575346687889075503e-01
1.117247137402417767e+00
3.452202712628860137e-01
2.252838603926305527e+00
-1.737035082907669448e-01
-6.943450527292481800e-01
8.227897430036285736e-03
8.504750243923017150e-01
-2.489307258134115519e-01
4.180135351017337242e-01
9.245682828581958113e-02
8.810529637411691761e-02
-6.066982383357176767e-01
-8.708123464067952374e-03
4.808076745461574153e-01
-1.557080507586104112e-01
1.027752528954296168e-02
2.604189219178322523e-02
8.775080307357271958e-02
-1.635067710616070480e+00
-7.955288971703630141e-01
2.658682598706916256e+00
-6.394578588479018708e-03
-1.930129912583450347e-01
8.139027623412279366e-01
1.518430061814211252e+00
-4.411917864674118617e-01
5.094873712932963539e-01
-2.392748480676221590e+00
-7.924438095071819621e-01
2.446187889971884050e-02
-9.618565920791368740e-01
-1.014438721162327584e+00
5.771830966730238932e-02
9.450215224378837320e-01
3.782167082761011212e+00
