7.785387374292818130e-02
3.352032903629659777e-01
-6.079080467583732883e-01
5.864159521448155665e-01
4.243925737537320719e-01
-1.884754286906434650e+00
3.039982856981602310e-01
-3.422556153389239020e-01
1.522593473563637723e+00
-1.092720909445008326e+00
9.061407300868518089e-02
-1.010638015978486681e-01
-2.695160222960346075e-01
1.753166231718320978e+00
-2.538719264105876450e-01
-1.966888581057197882e-01
4.025202132755449913e-01
-2.584388451684518917e-01
6.714393198197583512e-01
4.644774459107401388e-01
2.314141608877982037e-01
3.258043048151263443e-01
4.441723304114280069e-01
2.933183050480836496e-01
-2.841477194625482428e-01
-2.321392216588691326e+00
2.914878645565782689e-02
-9.993839838530926833e-02
-4.303756185727265482e-01
1.539681665516885456e-01
-1.115691070500559601e-01
1.960976379931782254e-01
2.392561783147580723e+00
-2.802923053535760989e+00
3.312978538033717890e-01
9.578913662481851610e-01
-9.284064496478334760e-01
3.959709762241001130e+00
-7.359019930258896558e-01
-5.293752315341178072e-01
-4.386474393315565323e-01
-4.555658704716304963e-01
3.245101386613421512e-01
-1.064895324584860248e-01
1.733659463843620019e+00
3.065568253062656012e-02
-9.823119984167860697e-01
-1.782685332042508008e+00
-2.370052563733758166e+00
1.140402929398834697e+00
-4.091989324646061910e+00
1.892469297047095766e-01
-1.932851825171547411e+00
2.415611592466824220e-01
-1.743110893447993082e+00
3.222088713783614611e-01
2.956521088985648027e-01
-3.562946027072231847e-01
-6.033925628485193871e-01
5.864938406459198339e-02
3.357846624498151411e-01
-3.154231574977874875e-01
1.046633056333186484e+00
-2.186594230906151737e-01
-6.811989772395747877e-01
-1.923017207539746920e+00
-1.974864283825950029e+00
-8.936111827465361701e-01
-4.272262982205389248e-01
-1.255911450969582344e+00
7.905437318830309534e-01
-7.702023661868089288e-01
1.008598783624143236e+00
-2.024107359125210781e+00
1.708622995633557462e-01
-1.507347221697264317e+00
-7.128276799300472533e-01
1.026497888824231541e+00
-1.450154745251404531e+00
-1.049540273077712582e+00
-7.271994968355621758e-01
1.391580489689217881e+00
-1.154076532239788344e+00
-6.212113835433252795e-01
-2.373335384926186453e+00
2.870748163225919747e+00
1.312144667043608326e+00
1.690973259444172871e-03
-9.277535183331613311e-01
-1.977381421553867202e+00
-1.186228979853922505e+00
7.245872828791878328e-01
-1.722463992947593781e+00
-3.398179712851848722e-01
-3.215459191656012905e+00
9.383605771129874817e-01
-6.635174406829055016e+00
5.506122314364444992e-02
-1.035650974585423434e+00
7.353832365714407793e-01
9.142594352383172362e-02
-3.833486368337738481e-01
-3.400606678097938929e+00
3.560103731882560685e-01
1.294550821543824504e-01
8.689868239014297835e-03
1.038104950846076679e+00
-8.896144498531877165e-01
3.699069139599109879e-01
-6.208786596284610049e-01
-5.172014119816055189e-01
8.460382504364518663e-01
2.549860800948221762e+00
-1.572791449936816521e+00
5.944933845651172444e-01
-1.245672915331305752e+00
2.747041984184860064e-02
-6.002272929177656646e-01
1.175687581688300121e+00
1.556246645389294692e+00
2.348272929502252804e-02
7.791124016503675476e-02
1.518764252267860604e+00
-6.005578727718674514e-01
-4.953842514867349833e-01
2.067007308427472267e+00
1.766143581059931578e-01
-7.567271353398031808e-01
1.601577865333510209e+00
3.037144169766172297e+00
3.865607858336293390e+00
-1.358671865974610871e+00
-1.043355390923267123e+00
4.356606942350378375e-01
1.649432664941652860e+00
-1.035795735132176931e+00
-1.113074960370988187e+00
-1.687778420000650925e+00
5.442510932977246085e+00
2.140204394053672132e+00
-9.265294748621597520e-01
3.485533566312081222e-01
-2.709938352010131446e+00
1.373681705022131272e+00
-3.055633873250153343e+00
6.851408240560456164e+00
5.052126322352673560e-01
-1.108572376253035563e-01
3.142117963854000884e-01
-1.040502214639509981e+00
2.656588638313564843e+00
-3.850437929377480417e-01
-2.134179253335165782e+00
-1.326983240796522079e+00
-2.918705302681696145e-01
4.311537014147825975e-02
-1.540105679331760236e-02
6.112328794555511174e-02
6.252676659294356121e-01
1.907864218738832385e+00
2.119730974871534834e-01
-1.231168033323806865e+00
5.504588274287688376e-01
-3.732198470576819638e-01
4.126419151537072394e-01
9.383928223432053128e-01
-6.933040758160846639e-01
-2.167650283495106689e-01
-9.181229448012050154e-02
-6.526179352381969445e-02
1.349742934182008858e-01
7.414560761685164980e-01
-4.747305391567286925e-01
1.005569240256756203e+00
8.376760271668587388e-01
-4.258915334243701389e-01
1.247744935432504310e+00
-1.981122969645954246e-01
2.935494912341047424e+00
-3.431669554728932425e+00
-1.796091037752114872e+00
-3.007913605910528254e+00
-2.388937064469237370e+00
3.932807532792405025e-01
4.632399895368682907e-02
-7.539060889765627493e-01
-3.814819298053589991e-02
-2.188761953510013625e-01
2.162788925271354468e-01
1.066817517019991390e+00
1.700398775930518636e-01
-2.797200573421421144e-01
-2.856430329646701072e+00
5.125116201487593948e-01
-5.893828532954983324e-01
5.108207892823257712e-02
-1.617601261049367856e-01
-3.727483915387048707e+00
5.822698132617813993e-01
-9.540350686613274789e-01
-1.329310640070309191e-01
-1.508126732721014163e+00
9.724913770649261657e-01
-2.214949674093153131e+00
6.074821171642795781e-01
6.310623859443471595e-01
6.417277733342519053e-01
-1.328714295839426907e+00
-9.197274677746922755e-01
-2.706671116312986403e+00
2.199411020276683892e+00
-2.268782339875059950e+00
-2.098368443457980348e+00
1.088994158551847669e+00
4.969369398111651570e-01
2.484298335120597834e+00
6.174425626628754493e-01
1.333632105523040012e+00
-1.946356136059531616e-01
-1.157954279697982480e+00
-7.278787958020993543e-02
-4.272532199820427423e-01
-8.526963666780429385e-01
-1.014814281457791512e-01
6.502723549402271708e-01
-6.895364472100911080e-01
2.656661059696046490e+00
1.665339496123247720e+00
1.449454627447659849e+00
2.305887387104927022e+00
-1.797895613342226806e+00
2.520976700005211346e-01
5.477428941715265509e-01
7.066374711814595866e-01
-1.013572380606033274e+00
8.270583257971144686e-01
2.212303344419609186e+00
-5.312513750206943719e+00
-5.614797297088262029e-01
-8.301866307659362398e-01
-9.404301785496447241e-01
-5.772672992892675659e-01
-3.360143073556727256e-01
-1.416111476249517054e+00
5.054230587871053615e-01
7.876485302185528559e-01
9.184425264242335185e-01
-7.154943701084130747e-02
2.162814236738022644e-01
-5.614830778396835420e-01
-1.150368116808126784e+00
-1.238476740614266047e-01
-1.180410713286318969e-01
-1.090476057782942432e+00
-9.240950916234117463e-01
-3.894403866772299772e+00
-2.751762663391564834e-01
1.242531575205707561e-04
-1.000010866650818953e-01
4.773624111715059071e-01
-3.376478207116221375e-01
1.223749104158097512e-01
-1.344332569522625809e+00
-1.622828836929762986e+00
-5.522709885269294627e-01
3.703455332706052927e-02
-1.797520877163916841e+00
9.549654975642571930e-01
1.454390606693843457e+00
2.394449628679899689e-01
-8.347282102735690268e-01
5.954134933122743334e-01
-1.492334109576859635e+00
-5.570337054575023039e-01
2.762491240197745279e-02
1.429077948659392527e+00
3.699627635045230623e-01
-2.399516785013638742e+00
-1.158068813768658778e+00
-5.029839472456180793e+00
6.053406412202892994e+00
4.778637925008803466e-01
1.963743508801545801e+00
-9.065202488330277308e-01
-1.471197158665152882e-01
-1.841153285249687688e+00
-3.314778799426018607e-01
2.644646052536708591e+00
-1.605873686285804069e+00
-6.717297305167366783e-01
3.609123194887396302e+00
-2.480438208943401834e-01
-3.804062324339085865e-01
3.483738453847472494e-01
-1.030658136955935333e+00
-2.003303066411920241e+00
2.907196403462618317e+00
1.058616768059223112e+00
-1.831637654961076667e+00
-1.753499244501082743e-01
-1.096023506080911758e-01
-6.214588840164982919e-01
9.809928973220259252e+00
-6.682868057699629105e+00
-5.838458222723204027e-01
3.804593479406673251e-01
1.648380910328890447e-01
4.856480508879780222e-01
-4.504389925646026804e-02
1.010599418005779793e-01
5.899842710775530241e-01
1.638872402630809688e+00
6.696370247518117491e-01
1.069053043890162868e+00
7.125627285660318666e-01
1.397236581564811786e+00
-2.880344036437449406e-01
2.321384394430334730e-01
3.149048926066629228e+00
6.865783397009648237e-01
2.262986588114710429e-01
3.904683851817573048e-01
-6.997226952950152956e-02
-5.850457100863045712e-01
-4.617832647393638190e-01
-1.315707953583656442e+00
-2.422962561251355673e+00
1.280944225446165152e+00
2.037271702707771914e-01
7.550787334109818616e-01
-1.023548452317411872e+00
-2.532660273176375321e-01
-3.636844725282696089e+00
-1.241341068484487886e+00
1.395726289523311126e+00
1.502251707975592598e-01
-1.674124066883929007e+00
3.569066528253230786e-01
-5.164872858121765109e-01
1.191734818391316786e-01
-1.379983184533315699e+00
-4.118947572813770330e-01
6.069722826610344235e-01
-3.150605786975128275e+00
-7.354675575084848038e-01
-1.447822574107657800e-01
-7.011851662276000763e-01
-4.324791683862163616e+00
1.353907058109575789e+00
1.122944771004520392e+00
-1.608012530584608246e+00
4.731900082433726507e-02
2.233134695551298066e+00
-5.649562217180424950e-01
3.831514867677077163e-02
-2.202249268796129256e-01
-4.272122685184386315e-01
-5.876796197131262112e+00
1.295769882801972583e-01
6.931922252541289353e-01
-2.604314939667829454e-01
8.024801251972285554e-01
3.505018416511841428e-01
-3.338715266422206396e-01
-8.713479997452422410e-02
-8.482033263011621305e-01
6.882399868896631467e-01
-7.427755590648250639e-01
4.672763464626976671e-01
1.226205338153701085e-01
-3.496665035563827351e-01
-1.461481377540434057e+00
3.372233010191077351e+00
6.771024929153547367e-01
2.604956894679310020e-01
8.123916262894480544e-01
-6.153029971537804510e-02
1.546049036078290528e-01
-1.064197823721950265e+00
1.213912051193943853e+00
2.000336705922161951e+00
-5.290006387403245469e-01
2.239454760630537056e+00
4.077873757739547855e+00
4.869273273745742814e-01
-1.332113297703990673e-02
-3.679567130748667925e+00
-7.819396545816460486e-01
-7.359880349704779334e-01
7.712379543641998403e-01
-1.277621890839224783e-01
5.065562326303851393e+00
5.415156792802407887e-02
4.818183442370970737e-01
8.064750036315126991e-02
-1.910074579745758783e+00
-1.631073690530638887e-01
1.388531533456310862e-01
-2.516065742809314720e-02
1.489711133849623281e-01
4.393825060781376024e+00
-1.108020767189030753e+00
-8.590776864280051939e-01
-1.249487974449554617e+00
-1.591272386779141179e+00
-8.720276487931619691e-01
-1.248196416949465259e+00
-3.311222972112316754e+00
4.728278240122703036e-01
3.934697639665227231e-02
-6.015715562923903414e-01
4.588126180117502173e-02
-2.278560014588211502e-01
-1.371771474178153261e+00
8.279441786929038205e-01
1.089504203672265970e+00
-2.841001783312515072e-01
2.667009152543039718e+00
9.279347874247738659e-01
6.787697993767622506e+00
-2.171721681920940394e+00
3.703470139692210394e-01
-8.695985701893768072e-01
1.183515244769979047e+00
-1.292103266035150022e-01
8.309370433335857564e-01
-1.241442743346284905e+00
-1.473987554349743601e+00
-1.300705499796176667e+00
4.973017124953085233e-01
-2.704510608808516015e+00
1.869317122856227975e+00
5.917068337007229673e-01
-7.809831720184390313e-02
1.270734415768462577e+00
2.514723616493324432e+00
1.187367695566000636e-01
-1.992331991417635395e+00
-2.056486594602781603e-01
1.030723676877893791e+00
3.712250819373294597e+00
-2.567737896875296411e+00
2.435070258238241081e+00
2.018223621405884627e-01
2.766123846814059206e-01
-1.052139962061822365e+00
1.123702821512372552e+00
2.187595351407254363e+00
-3.049567755980919226e-01
6.949153210106211453e-01
-1.941174511904127709e+00
-1.855024085212583773e-02
-2.008421313960282895e+00
-2.289552777121867333e+00
3.685733197067471156e-01
2.143450833675165423e+00
2.065626710381959497e-01
5.885206886266629578e-01
1.465741169795611976e+00
1.208656145541617821e+00
-9.970181775086972564e-02
1.789598561680550759e+00
-3.361152770193289174e-01
-3.373899274250147240e+00
-2.803815771349596475e-01
-1.582928776696450601e+00
3.951097501747488083e-01
-2.170799476892662505e-01
-7.960127435234114479e-01
7.289313582456491414e-03
9.989452172906976291e-02
7.894416421667911354e-01
-4.130465821050296471e-01
-1.085213095398203653e-01
1.038748435076576548e+00
1.975300704005479524e+00
-1.007281769601071852e+00
5.763450563370301483e-01
-1.128624268997480584e+00
-2.338613241651636532e+00
-1.076244554891470084e-05
-9.473399163626733399e-02
1.046926582154912300e-01
3.498740258867935049e-01
3.726166451326340834e+00
-2.142230539806404821e-01
-7.299866136609953760e-01
-1.741201532516916117e+00
4.599757277225365315e-01
4.137408360413961095e-01
2.084292868328185389e+00
-6.399373365108662171e+00
-1.040239857386762307e-01
2.430530298739756179e-01
5.729626905274672888e-01
1.158423525823524036e+00
2.529869967732261138e-01
2.616976615487493163e+00
5.308098840513144623e-01
4.705928833056778338e-01
-4.236631925427873036e+00
1.697599633819863452e-01
-6.719938241791865163e-01
2.352794913014041978e+00
-1.892388117917006785e+00
-1.958882123131726161e+00
-1.703351406546655677e-01
1.965892510090093914e+00
-2.715250998484132872e+00
-4.232752512064774653e-02
-2.242324903177158824e+00
-6.557145314907191214e-01
1.168537157341420940e+00
-2.251582927793135958e-02
1.648808489866900595e-01
2.609366900995423677e+00
-4.521386592045440467e-01
1.655402585629142553e+00
-1.361827592673463538e+00
-1.432134398084315752e+00
4.254424182562505097e-02
2.041671892816036005e-01
1.341645383687646298e-01
6.897896206998720414e-01
1.667246652370755200e+00
1.253010807820530914e+01
-1.669087512566761689e+00
8.161606175826177090e-01
-5.250013962207024099e-01
1.320624684739919896e+00
-1.003035603188570310e-02
-6.560273244706390727e+00
4.827050527816857950e-01
-1.143446006285251948e-01
-5.851626865517634890e+00
-1.621315782072970446e+00
-9.260358272403529378e-01
5.696728125964458656e-01
-1.685117278589821632e-01
-1.012127592964911171e+00
2.275625942899035525e-01
5.025325916851793862e-01
-3.632284463354790160e-01
2.613121811544708573e-01
2.265239377060319359e-01
-8.488225439352772295e-01
5.050404965604373686e-01
1.689784617849342307e+00
4.366120635448297316e-01
2.441882892186196585e+00
-3.329182031890858706e+00
3.821804071529560920e-01
9.078141589564956426e-01
1.359924301415442738e+00
1.909645312806202977e+00
-8.451068476920687855e-01
2.394239380615003632e-01
7.919736413047928636e-01
4.783451486684989762e-01
4.258306770419419407e-01
1.176225029057604399e+00
-1.525027148415212030e+00
1.544415604694976629e+00
1.780044166207889855e+00
-3.194129591660416212e-01
-2.001832856004739369e+00
1.321282448258954967e-01
1.558838058586936581e+00
5.034654075875060641e+00
1.571472889164631515e-01
-1.861572721855587309e+00
2.940451838478189139e-01
-2.815276413771109709e+00
1.741882722022784602e+00
1.054603855311060379e+00
8.563313279182865889e-01
-6.142159374120535059e-02
2.573628335887595542e-01
3.921469399815031842e+00
2.759702832855401855e+00
1.003886811682118019e+00
4.705469033451302185e-01
1.692573478682301569e-01
-3.080355965975413723e-01
-8.479692160325803807e-02
-2.621551109247717726e+00
-8.884960483147816834e-01
1.166155224582984040e+00
7.603519945938326252e-01
9.464651549224696314e-01
-1.048575625957322455e+00
6.992383647857205453e-01
-1.549767311383496882e+00
-2.739969906030361280e+00
2.864804125189068795e+00
-7.014495379047900325e-01
-4.678221411724087231e-01
-3.414492241540090234e-01
-6.210611909114212015e-01
-8.652004645666305782e-01
1.708112696922779339e+00
-6.825093482585269378e-01
3.168253115506306727e+00
3.301927429453374030e-01
-1.279477646659902490e+00
-1.773018356968013576e-01
5.935242058271025245e-01
2.829964537079556752e+00
2.227913935439399251e-01
-2.206343142974107607e+00
-1.779708243479069252e-01
-4.061577901265623347e-01
-3.617154336946644566e+00
-2.365295802217901588e-01
-2.986667001045210101e-01
-7.974441380107402111e-01
4.834227086912362137e-01
5.283012459290963303e-01
3.338738482368037164e-01
-1.417397045013477186e+00
6.288615504299365222e-01
7.954797684483969622e-01
8.818026489881652941e-01
-8.593840006569810619e-01
-2.005522806333475128e-01
7.908330966105283633e-01
2.355972282711139565e-01
1.876382621835765985e-01
7.737790270594386843e-01
-1.775384950445504373e-01
-1.014941872136091883e+00
-6.270967337009112796e+00
-7.778341681212673775e-01
2.773400392180575658e+00
-7.144663952027368037e-01
2.388877011456899679e-01
-3.941134268503512783e-01
-1.220506453763438248e+00
1.387904470853716266e+00
2.155829814057669047e+00
3.312336174052475712e+00
-4.393845962833721197e-01
-5.450792681959798491e-01
-4.066376443391489515e-01
2.912341358696775018e-01
1.162865191624442157e-01
-5.969496460074597000e-02
4.362409012416907927e-01
-1.122714745804237607e-01
-3.328285319291178213e-01
2.395170034175925222e-01
1.783649538618941044e+00
8.469676649532769108e-01
-7.965350228505488350e-02
4.447840351536537229e-01
1.784190299020419201e-01
-1.967885840787620966e+00
-3.280631784677591201e-01
1.947568803481039001e+00
1.159503261341079672e-01
1.303672313825350870e-01
-8.390768247585400630e-02
2.046224045973472627e+00
2.330444920617518456e-01
-1.219472531781584435e+00
-1.920066545303372063e+00
-3.482000370591548655e-01
2.014299428246824064e-01
-1.071757869532169449e+00
-1.774246324969547484e+00
8.468267687790921316e-01
2.503298839276403953e+00
1.688856476969329723e+00
