-1.383843515843467542e-01
-2.673245941353588617e-01
2.480106840636987220e-01
4.885739979936344346e-01
-2.933447554454466921e-01
-1.868897412185014595e+00
3.052828342110474602e-01
-3.923506418728672784e-01
-2.232883812007163127e-01
-2.163672099522095660e-01
1.185726977166130514e-01
1.453513848475648462e+00
1.431062707682430879e-01
1.585483092746763800e+00
-5.887847244483112030e-01
-5.745045690722327958e-01
9.986563555835277217e-01
-4.809551446837712074e-01
5.095702434027237215e-01
2.071718490538076995e-02
6.976958968365738478e-01
8.389129405435795384e-02
-5.267520748417883203e-01
3.596050459589652526e-01
-2.499292835266740398e-01
-1.704559381969929177e+00
1.492570256349569080e-01
-7.784091162662739594e-01
-9.825729584452794763e-01
2.096032467934501931e+00
-1.867852890629113638e-01
-5.104811257996263313e-02
1.701585338941755010e+00
-1.473158809084335719e+00
1.311830924710979673e-01
3.628597989929130962e-01
-9.023166304188388054e-01
-1.175770148616176680e+00
1.301369875561959599e-01
-1.711474140843426972e-01
-2.712059625750901093e-01
1.088820672592420713e-02
1.406125813322723905e-01
1.812352186367246931e+00
2.269836830886746148e-01
-1.057891426499541820e+00
-4.366801904813177315e-01
-6.860933385144148966e-01
-1.206584548971819659e+00
6.637685568073534714e-01
-3.572646868378766438e+00
9.472082049584562569e-02
-9.808894735767657025e-01
2.488946282881545180e+00
-1.374258369935918322e+00
-5.794810273399373518e-02
4.029841691403850401e-01
-1.710481956703168716e-01
-1.207775104073795625e+00
-1.313238703261591644e-01
7.036242959101874916e-01
-6.485798891044406433e-01
1.374716717560462209e+00
-8.269399572412908239e-02
-6.267553158111268674e-01
1.923827291465255440e-01
-9.185573094843729747e-01
-6.902291390491774870e-01
-9.386574324157533900e-01
9.478633096284004578e-02
6.050834196093246575e-01
6.635662596606342611e-02
6.442466675488551786e-01
-1.332480429481042172e+00
-3.882317559209170210e-01
-1.309332219413966270e+00
-1.129939919486754540e+00
3.230423932107062135e-01
-7.365517887295851551e-01
-1.601520590795010301e-01
-3.110070222236166471e-01
1.765963410271227663e-02
4.410992292435052531e-01
-4.231867400220037934e-01
-6.257285165230284107e-01
6.363831087039253376e-01
6.460616921597650553e-01
5.835826479343984852e-02
-1.039518021560468020e+00
5.217236921352065293e-01
-2.340834818537949946e+00
8.610781803455143102e-01
-1.442689848586558465e+00
3.138632711889096649e-01
-1.600619292761016110e+00
1.283876180217064400e+00
-3.468759772852473500e+00
3.926627979886217479e-01
1.253165900408187428e-02
5.265920475680483381e-01
2.671164684199479195e-02
-5.221179958107849961e-01
-7.291624759394380595e-01
2.394002135459128711e-01
4.105617597548055775e-01
1.687120906073600046e-01
1.256327342276223558e+00
9.041527372945240559e-02
6.233396920936328245e-01
-7.810413988871502955e-01
-4.953444106768326027e-01
2.233704137528455647e+00
2.688165132635551124e+00
-1.887782923355969089e+00
4.384090275877878806e-01
-3.073314132272762511e-01
-1.057813395835417031e-01
-2.451357169925884594e-01
-1.228339975937915718e-01
-2.869520343387515493e-01
-1.361360027230206771e-01
-4.161365148978543593e-01
7.054897949999986428e-01
-6.684208171945094090e-01
-1.148479387612940439e+00
1.319717145046862106e+00
-1.009885392914780800e-01
6.234169179018131945e-01
7.041382806040410447e-01
1.981589490993264091e+00
1.825349470300560606e+00
-8.845563155949609513e-02
3.399382557521504755e-02
-6.717638406729511957e-02
2.026953433816821804e+00
-6.761728917212057599e-01
-5.752670698374335867e-01
-4.952873033608774511e-01
3.346328294213165133e+00
-7.288072667563251505e-02
1.013647708206638631e-04
1.403774104424331259e-01
-3.168537851318076193e-01
8.411984385913926499e-01
-1.606903698563904914e+00
7.484286072526288969e+00
-7.748033558741193039e-01
-9.062275271785037722e-02
-7.395455911866415377e-01
-1.104705451177918629e+00
9.135031221060805340e-01
-4.077276318396346189e-01
7.457936059773440096e-02
-1.164691047980001448e+00
-5.595546609912537273e-01
-1.352220762713110813e-01
-4.526583380195090545e-01
-1.572653284814564401e-01
9.543179903873445502e-01
2.532425762953698367e+00
2.013937645667134568e-01
-9.259466773873923362e-01
-1.455896957615616938e-01
-3.407320651791201915e-01
2.738068609500831641e-01
9.952751112200975969e-01
-1.159097519189771219e+00
-3.335792862838776185e-01
-5.118925239670417404e-02
3.749682476560425304e-01
-7.292672637639339983e-02
2.101412606450263620e-01
1.527754356631482249e-03
7.737595199208240349e-01
1.580108362765605401e+00
-4.104564280786771602e-01
5.846291877830080974e-01
-5.764114829476164603e-01
8.948451581459435644e-01
-3.825308963885393210e-01
-6.199846348025547238e-01
-3.422923575525227413e+00
-1.978894949053671137e-01
8.992081441055832514e-01
-1.452671813807746293e-01
-2.201771559083701923e+00
8.705048051451897972e-01
-3.336089120117519680e-01
8.539115272804578827e-02
-7.526988060782978385e-02
1.157719578235483077e-01
4.028728823252824415e-02
4.466558538377340959e-02
4.788698703833863535e-01
-4.157533071271597991e-01
-2.545862131086770730e-01
-4.258009684913632853e-01
-2.359700895574144752e+00
-4.257588589057991202e-01
-5.112378645428177215e-01
5.453255533509036024e-01
-4.022410722469312305e-01
7.653775951197688832e-02
-1.291052399637240722e+00
-6.686559634635962368e-01
6.831752460614878286e-01
-1.641935087942903992e-01
-6.586938144297987963e-01
-4.058078123455300390e-01
-1.362273433935570432e+00
9.585967634330814224e-01
-1.599160524971467989e+00
-8.346327004557645424e-01
-4.853078471964884510e-01
-1.937897457633605547e-01
3.763839593817744911e-01
4.500651382482856455e-01
9.941423153590451811e-01
-3.531852448652533782e-01
-7.415874819377906713e-01
-5.842930588710231188e-01
4.336438615414111020e-01
-6.330896116533986095e-01
2.096775332324184171e-01
-4.311348162314082577e-01
1.129308480730253361e+00
2.276084493156027122e+00
6.569478772597304728e-01
1.265963337293116053e+00
2.861543578551757783e+00
-3.715678503787941955e-01
-4.429095380259964188e-01
-6.763492434390481201e-01
7.923568779167372567e-01
-1.134634180699027217e+00
3.296372988446586438e-01
1.461763302351677840e+00
-6.014103790257098403e+00
-6.104324899297270957e-01
-3.877114305410349626e-01
5.079880246044243819e-01
-4.177963483266307065e-01
-1.227169429952556179e+00
-5.244802175187636140e-01
2.142593892368689912e-01
1.130159174588166504e+00
1.517563499631518376e+00
-1.540423274483776195e-01
2.061913300434668195e-01
3.499325609606520615e-01
-2.837371480685740854e-01
4.933085161880256669e-02
-3.162881213100668387e-03
-3.462880935743739563e-01
-1.019580759709664664e+00
-2.138150648529124176e+00
-7.540638036063786187e-02
-5.259387374023697381e-01
-1.685081674298182508e-01
2.959543297378953164e-01
-3.887045878340038563e-01
-1.075012378325080481e-02
1.020069589132607701e+00
-1.731905561496925650e+00
-1.129111789426897605e+00
1.308808707026917761e-01
-5.518662231938822327e-01
5.945011277957773510e-01
1.373223795035804828e+00
3.479652623301295877e-01
-1.873802222586392341e-01
6.958985108524168295e-01
-1.072939523457405286e+00
5.066250200166680373e-02
-9.504004772204406593e-02
4.972258167329542955e-01
1.004200882067368128e-01
-1.405047933523806636e+00
-7.095894776061957288e-01
-1.066232164541292882e+00
1.884086376704546151e+00
-7.480698813692140403e-01
-1.562301281888942350e+00
-4.304554794823015063e-01
-3.294471704820162161e-01
-1.031608372667069284e+00
-1.343230550012634306e-01
1.626070272671488848e+00
1.744131565445297793e+00
-5.973786584206082217e-01
3.248705946103558784e+00
-9.307307031100937600e-01
-1.147439134525705673e-01
3.977325937415417401e-01
1.074328223872294957e-01
-4.871209548742696516e-01
3.291330007932872781e-01
-3.086730721256070176e-01
-4.576954582156817497e-01
-6.140486939179211623e-01
9.964524752236281202e-02
-5.772658185153365373e-01
4.866248354120709330e+00
-3.996370295527984950e+00
1.185150857542687508e-01
6.701689348240638111e-01
-7.203742085588192845e-01
1.597961899572118982e-01
-1.697347866331027633e-01
3.821236339663072745e-01
6.453293106446444938e-02
5.123678069332519014e-01
1.500062876757672081e-01
1.679253533983726010e+00
4.262577469768030758e-01
1.065987456203052464e+00
2.797292121927840824e+00
-2.960038989972268997e-03
2.458266240047275453e+00
1.002462735913562275e+00
3.997465637653063730e-01
5.037402574342397799e-01
1.042177858838518212e+00
-5.339232767042765282e-01
-2.520622423386802424e+00
-8.254037433324235007e-02
-1.396544360461318135e+00
1.353120643863803041e+00
4.376792157188750809e-01
6.329484634482169803e-01
-1.503343961100106707e+00
3.765734527355886208e-01
-8.674097834982753552e-01
-5.980888917475294386e-01
9.550153702855082027e-01
1.214130059662923145e-01
1.527171536896219317e+00
6.819839337479327579e-01
2.983671491190431624e-01
-8.735633395582784733e-01
-1.113769914520010396e+00
5.666759877998517325e-01
7.284530540219630312e-01
6.100335922991613202e-01
-3.572052823792259968e-01
-1.045014934975517340e+00
-1.069988080481633297e+00
-2.588062734102782425e+00
4.845079204339732826e-01
2.592081313861064329e-01
-6.807817479101729852e-01
8.260010134820104932e-01
6.166433116613689869e-01
-2.787827982793253945e-01
-3.440597089956782817e-01
9.295094232708352999e-01
4.514160704364843513e-01
-5.195498536638042175e+00
-4.769821564009268933e-02
8.110043127110141414e-01
-5.217340925839795140e-01
2.900104809186845323e-01
8.846295944051423277e-01
-3.998985222815763518e-01
-1.253650280698635378e+00
-7.615227083339598524e-01
6.515474467689501559e-01
-8.851907193914988481e-01
-1.762495178345764926e-02
-1.347768900195865649e-02
-3.183794598615162785e-01
-1.297492833722928562e+00
2.577575308693316192e+00
4.946434917675173737e-01
4.638204105548741074e-01
-9.534035879395358348e-02
-3.286690007442170658e-01
1.806815053991512113e-02
-3.356929852984182006e+00
9.431945552354361606e-01
9.022169241325250777e-01
-4.204449776381706805e-01
2.528502343221952664e+00
5.536139592250079566e+00
1.831298378053922427e-01
-1.866044277545653718e-01
-2.250129359097222004e+00
-9.223965947357732897e-01
4.845650667602158235e-02
1.146049452782397449e+00
-2.060603090138556914e-01
4.894675440715196224e+00
2.520954019361599796e-01
8.653699063363505528e-02
3.683681745503956662e-01
-1.527339501084981510e+00
-7.623956602676518202e-01
-6.926912364999867622e-01
1.153713980923891214e+00
-2.032128993937827033e-01
2.508982970712722693e+00
-3.733020711957276694e-01
-3.146004457104686347e-01
-3.055789373421781696e-01
5.953041711725721719e-01
-4.529894235772425337e-01
-5.499671954790642525e-01
-1.922906844780800206e+00
1.653919741304001323e-01
2.933117038722662384e-01
-3.390915516384099271e-02
-4.373988988562748093e-01
2.744624511334420314e-01
-6.736511592307544705e-01
-1.813251319034319353e+00
4.098833978453091387e-01
-2.960982163503648179e-01
1.172843436285458729e+00
6.510138592418579506e-01
2.150420281850110804e+00
-2.707870253681263328e+00
-1.748766575905434384e-01
3.512038428287112546e-01
7.449274110724974918e-01
2.989220271307226340e-01
9.905807266549767620e-01
-1.263845084350677217e+00
-7.518436785760116425e-01
-1.714239751874206741e+00
7.098191970337621726e-01
-2.873010483255644676e+00
-3.085830486934828532e-01
5.063414388604902117e-01
3.000922235461025989e-02
4.780826945835417452e-01
2.749146272646902367e-01
3.661779597382983087e-01
-5.707764708294682521e-01
-4.102677130946542627e-01
1.104766992073362930e+00
2.107779529988191847e-01
-1.385340969363227481e+00
1.755217110869685682e-01
4.164697618043446820e-02
3.609497540152786788e-01
-7.757672712826667594e-01
7.542056542473588587e-01
1.935597286867792644e+00
-4.666323687802046427e-01
5.952273992335853636e-01
-1.413740546010437305e+00
4.206109783207367947e-02
-1.403466341042348686e+00
-1.003659164315809260e+00
8.059412799425095253e-01
3.439306195821697498e-01
-3.131299450994233236e-01
9.795943056119738035e-02
4.591094919085459969e-01
6.885249562322828254e-01
7.238354035664264219e-02
1.266654029362816125e+00
-7.088562842601384695e-01
-1.046089886073469089e+00
-3.486476643339948001e-01
-1.293137079181789550e+00
3.111300198399993833e-01
7.373864613413666502e-02
-7.708081133320193734e-01
-2.734579437417909986e-01
2.457374623914234113e-01
7.068151453581311694e-01
3.727113923671882545e-01
-9.404346076043755553e-02
1.222272495805414971e+00
9.730907934723446173e-01
-1.128293799951485488e+00
2.528443712847257552e-01
-6.509664799100979282e-01
-1.222960644926361473e+00
3.574425316200302571e-02
2.360756319736202480e-01
-1.130033273993888532e+00
-5.733464621558943541e-01
7.977370468928954850e-01
-8.546002597303415937e-01
6.386546890826164113e-02
-2.123341337634000237e+00
4.544548769094206020e-01
-3.584225788958198544e-01
4.391403717347641678e-01
-3.327049651246638096e+00
3.747068772780470791e-03
-3.868567776143908010e-01
5.487237904360042773e-01
7.290183742938505240e-01
-1.324317095785836340e+00
2.907729122510495756e+00
-5.213374145212275046e-01
5.089746914587466031e-02
-2.259819324524928952e+00
-2.220844007836055012e-01
-3.353810278083227958e-01
1.007199600886099278e+00
-7.681862325272355019e-01
-1.531270333468044420e+00
-5.438159254939577136e-02
1.499155956060258532e+00
-1.110261136091423184e+00
-5.932941137764369266e-01
-1.470185258527132444e+00
-1.300044642106744863e+00
4.590046274491673683e-01
3.220884780336656372e-01
-4.153561549098478967e-01
-2.864133254359056413e-01
-6.805093002068285379e-01
2.451658281822628904e+00
9.232486191721355206e-01
-3.737011741856728908e-01
-2.757872065055918531e-01
3.806520645150820448e-01
2.428514062089575515e-02
3.550154351588994950e-01
1.852650168695702648e+00
7.742779905617820368e+00
-1.096135842393892279e+00
1.053532809316600760e+00
-3.309832383295628899e-01
-1.894329081987077001e-01
9.929157198301843956e-02
-4.646986880520373120e+00
-1.599747281720956538e-01
-3.198636352782968650e-01
-3.511000623296054890e+00
-3.867168236869789055e-02
1.391523332569586657e-01
2.230523237437024076e+00
3.543969590401529479e-01
-3.923611995445514533e-01
-6.819033610161423509e-01
5.115533456800380741e-01
-3.166723180199749743e-01
-2.155231813868185020e-01
2.450273180771667669e-01
-9.689042253325500509e-01
3.936567020735611822e-01
1.468451455412512541e+00
8.759497477065525395e-02
5.125971050797131223e-01
-4.422215740192737776e+00
2.794343704527201822e-01
1.666757665619840456e-02
9.180919354481782424e-01
1.319754394705682898e+00
-4.003905341224331949e-01
1.183208316085897910e-01
1.239106184238171426e+00
5.172416085004211128e-01
2.984117807153163771e-01
-4.373859182482568442e-01
-9.125607306561741572e-01
1.809680675565119135e+00
7.890598648726603326e-01
3.960458560739984479e-01
6.700972881815233650e-01
1.325797506637010903e-01
5.694238090905319183e-01
1.358170079090788240e+00
-1.072983881912839416e-01
2.612205179332895977e-01
-1.866073465724799388e-02
-1.893966767673415985e+00
2.107781040133084094e+00
4.239893349878687268e-01
7.152913763584877183e-01
-2.401040529070075629e-03
6.292488352860237111e-02
-4.342311944720613770e-01
1.042482330005209512e+00
8.324869524329514547e-01
-3.443065964639626109e-01
-2.701955468776731650e-01
-3.306787466149486709e-01
7.555414650648600849e-02
9.140236150230476309e-01
3.547108583722881070e-01
7.555717167508900767e-01
6.195832853983146427e-01
7.589286641883047357e-01
-8.186796311717130514e-01
-4.151707565319996962e-01
3.420614912332177737e-01
-2.831153007378778952e+00
2.400989413636361647e+00
3.840365362153890239e-01
-1.017065069974971425e-01
-2.566791122089511767e-01
9.375453361850293321e-01
-3.310850365314509935e-01
3.825689376703211853e-01
-8.575211821545691837e-01
1.216596553253222801e+00
2.858820888871907995e-01
-5.177647779197350753e-01
-2.117864195892824042e-01
-4.167831399421558780e-01
4.415678909612834047e-01
1.451280883933322718e-01
-1.482905499637458435e+00
-9.676009107523536601e-02
-7.338217716749880770e-01
-8.537233914169191085e-01
7.272556562112575396e-01
-4.070679409791660985e-01
-2.211758107563497333e-01
-2.744926026304700395e-01
8.007212390645273015e-01
5.263340835935025330e-01
-1.594812972509675797e+00
4.412231540359520809e-01
2.689664076038444929e-01
1.108752357302042357e+00
-1.907701889816364738e-01
-4.270007497338422775e-01
6.067654534720835491e-01
3.417839277743134341e-01
-2.900142497265680852e-01
4.538435033629488191e-01
-4.349079870616863186e-01
-7.422708233902944874e-01
-3.972286366488596343e+00
1.760480882329263641e-01
1.304726700668861428e+00
-5.156556816285476907e-01
3.519417972095679747e-01
-4.560659497816487162e-01
3.244732389894816049e-01
7.006670355654616156e-01
2.867970820711948088e-01
1.546729616772600568e+00
-1.269483678241561664e-01
-5.907611737865530177e-01
-6.392316976535938888e-02
4.141718953900545008e-01
3.626262770560083615e-01
2.972567571052255886e-01
5.553257555152551345e-02
5.061904019912892849e-01
-6.257091396218507073e-01
-2.916045335130188487e-01
3.629288158477824711e-01
-4.018815133012377250e-01
-3.539465417913454370e-01
-2.540858742676517790e-01
2.096751532215772595e-01
-5.434278955063343020e-01
-5.579677541416797615e-01
1.231478838230472661e+00
-9.806494318882749694e-02
-2.485751736227207465e-01
1.605674719964990393e-02
6.932657558402617326e-01
-1.361179568182994126e-01
9.099667230847319210e-01
-1.939860182592108906e+00
-4.859998810646435352e-01
7.179637978044578484e-03
-8.726484602883982644e-01
-1.117879127808058870e+00
-2.291241345015879727e-01
5.581841569520535895e-01
2.512311178089771335e+00
