-4.007368375827641271e-02
1.934842554721751540e-01
5.879196640945747454e-01
1.934948108738014094e-01
3.619664025469737090e-01
-1.712350988142513408e+00
8.266051339270215070e-01
-1.982766302358227595e-01
-4.036042791472017610e-01
-3.344085680599817034e-01
1.881108906224960436e-02
-2.980026668918933641e-01
-6.131099994359077987e-02
1.177599125841873651e+00
-4.670488797098594214e-01
-2.497282434756130653e-01
4.562467001780850517e-01
-2.799438221610004440e-01
6.915955452897409872e-01
3.040630160176892027e-01
9.482862940382184025e-01
1.616981242771037830e-01
-6.415296210759947604e-01
4.978318055382086049e-01
3.781625347716321278e-03
-2.399681254309131262e+00
9.096388960432527648e-01
-1.066466274099342915e+00
-9.552861142012124551e-01
1.707497306013449290e+00
-1.848939661361605202e-01
-7.431624871157364864e-02
1.345537471299231180e+00
-2.467925574290062762e+00
1.645248637988436236e-01
2.068784638218468253e-01
-8.987836881984844206e-01
-1.644468683160281164e-01
-2.652548062667715589e-01
1.883911001685147357e-01
1.480704263407728871e-01
9.411768976109499696e-02
1.651327813922610910e-01
2.450586725685346412e+00
7.478698929197441503e-01
-1.888116031565900022e+00
-3.591866160733460656e-01
-9.103836641108430383e-01
-1.595909874996774391e+00
8.350311074798493216e-01
-3.678456288471305680e+00
4.417825754591119813e-01
-7.923672204492141491e-01
2.847445789951788431e+00
-1.529708066651044973e+00
2.250808730236380506e-01
2.213950794929187560e-01
-2.625628483992218376e-01
-1.340882930471611001e+00
-1.434684990687941641e-01
3.091793611243425777e-01
-3.891440089169126981e-01
8.027729677753576709e-01
-2.365594702241018699e-01
-5.486066808029392838e-01
5.273287305234683475e-02
-1.244302045465194073e+00
-8.114333230605256242e-01
-1.244399400431968283e+00
-2.501500562935478622e-01
7.993766260325420037e-01
-3.780593101933286959e-02
9.738245328374898202e-01
-1.262474312998188131e+00
-2.064966517003957447e-01
-6.393486454954215858e-01
-6.614079239340772132e-01
5.493411123495404169e-01
-3.867346716325864020e-01
9.799233076243339668e-02
-6.542315278852253169e-01
-5.283808649227088594e-01
-4.328277738995733315e-01
-5.243984461082603632e-01
-1.300213576801695581e+00
5.592729134960134907e-01
8.974180598044053658e-01
-1.227983595481465240e-01
-1.275109616679279467e+00
8.087614426293306957e-01
-2.231109248850953186e+00
5.535620054132596168e-01
-1.405419876053810802e+00
1.398643648132708583e-01
-1.522636838587099639e+00
7.067326867444894134e-01
-4.131369147046589418e+00
-3.566112157962250673e-02
-9.595486934296665327e-02
4.789012400658637092e-01
2.094761655169523062e-01
-5.802665856778783660e-01
-9.598087674869886232e-01
2.607743790803070949e-01
4.019356366920100454e-01
2.567708300469256355e-01
1.785969014631323848e+00
9.706234832696139514e-02
4.237080194116646381e-01
-8.135578672829191227e-01
7.416145058387565436e-01
1.749800015656795882e+00
1.012226376504631320e+00
-1.849369983142409746e+00
4.396079032110586926e-01
-4.293225113746628185e-01
9.607641111556377081e-03
-1.550815444443088276e-01
9.942256582037076740e-01
-6.136139865671854654e-01
1.551981599704155557e-01
1.035514364437489648e-01
1.099269151984112736e-01
5.291343510740248446e-02
-1.052185972972989436e+00
1.053273695569805657e+00
1.671511988779391666e-01
3.208796082463151178e-01
2.038700839472591675e-01
2.037748011384690194e+00
4.173714028156270683e-01
-1.088027455725422976e-01
1.361565619936862606e-02
3.535848192323137740e-03
2.094048759751129918e+00
-3.423702102389092894e-01
1.065366050354658034e-01
-6.568431734646327236e-01
3.880148017170658825e+00
5.392168635308398211e-02
8.864984567902774171e-02
-2.227347152519857931e-01
-8.358329528245517226e-01
3.852765648772434881e-01
-1.932999560315845633e+00
5.722035916328226612e+00
-6.243735957364113798e-01
-2.240806466163980659e-01
-5.988972200559148362e-01
-8.037462229963010518e-01
6.895344316553583264e-01
-2.579110086735822982e-01
-2.616720257049519605e-01
-7.839136319560601196e-01
-3.645836769616896400e-01
-1.034187974370216062e-01
-2.732106822672850654e-01
2.314345523873300170e-01
8.307302027311235237e-01
2.724470865087678995e+00
3.622410401585334783e-01
-5.876214160183905744e-01
5.760142235609966299e-02
1.070416199086057230e-01
8.559856736438575808e-01
8.172056882988458781e-01
-8.712155676340895827e-01
-2.848650182400847553e-01
-4.233478336337438974e-01
6.506790297323440386e-01
7.958974161048879004e-02
1.768587078342123142e-01
-7.005548164549098289e-02
3.375583466852490888e-01
1.006839838058702474e+00
-4.924238037387038691e-01
4.695472298365172548e-01
-7.384241495599334071e-01
1.110833468151297021e+00
-5.093658696369935956e-01
-8.722164517516625137e-01
-3.350928951727405902e+00
-5.164395933267595939e-01
7.226256123877018434e-01
2.844425047658077216e-02
-3.131751890904901359e-01
2.973045262926307108e-01
-3.894064677171982791e-01
2.547485850888285830e-01
-9.445232045117694930e-02
1.120613070285454288e-01
3.330477671523239258e-01
-1.830961408379075284e+00
-3.699177304554997214e-02
-4.377797659800327090e-01
-4.940925533643649725e-01
-4.504278081540616929e-01
-3.004649531794671535e+00
-8.292048379416879778e-01
-2.238358181385456114e-01
3.803916897598357272e-01
-1.591558893304188205e+00
-3.691735571718328668e-01
-1.015189326806385406e+00
-1.133983602875914931e+00
6.627630911696476002e-01
-4.596176427480013205e-01
-3.132214766762550506e-01
-4.630720178895685879e-01
-1.140564807538174019e+00
8.448487004146860713e-01
-1.358085467797501389e+00
-1.471870350696363072e+00
-6.274066227478788393e-01
-2.533934575777242459e-01
1.533169030595095350e+00
3.532472114324643475e-01
1.125125258169688447e+00
-6.437923870586039765e-01
-1.839052062490296402e+00
-6.209331273488996050e-01
2.896995110539319906e-01
-8.972942551736361461e-01
1.131291693745563598e-01
-4.773712931472049066e-03
-3.000297914661791410e-01
2.327731231483602059e+00
3.343681907770498229e-01
1.189274439150530105e+00
3.170765857515743136e+00
-9.777531315073422213e-01
2.483310463937006829e-01
-6.545599612835830694e-01
3.585121493175599805e-01
-1.120158719772400557e+00
-1.421133058991312370e-01
1.013883762692729729e+00
-5.875504644416935207e+00
-7.330416945084375913e-01
-5.282750092644754591e-01
7.560636853744853170e-01
-6.746881543645679713e-01
-1.679327633455287350e+00
-7.395594086761481112e-01
-1.491997322226218670e-01
9.220173792062208440e-01
7.189172544714627078e-01
-1.330464361722578370e-01
9.000949128707754765e-01
1.187967131261311815e+00
-9.636836314026228645e-02
1.768906448887740401e-01
1.408953172306424417e-01
-6.349763187524454233e-01
-8.332111727005333535e-01
-1.739144393130280797e+00
-2.238875360387961588e-01
-4.149536673653170804e-01
-7.333876855906769354e-02
4.374968303943342907e-01
-5.507724147808984450e-01
8.366717286822780708e-02
2.493066803109427743e-01
-1.369571104615191715e+00
-5.518847375536137800e-01
1.127256319757827807e-01
-7.148710788532498528e-01
1.869768318178431088e-01
2.875197218321971171e+00
3.377857187706918562e-01
1.968286259742959565e-01
8.902688141909523845e-01
-1.679200584377031014e+00
1.635665404062778064e-02
-6.941613503717951605e-01
2.421877262309431178e-02
4.766965234575325505e-01
-5.382118585709941838e-01
-6.499591617252781228e-01
-2.641391709029577761e+00
2.848476231778569456e+00
1.675967910393444116e-01
-5.121377498381854965e-01
-6.586298246510142729e-01
-2.918275932908927506e-01
-1.314130166527091470e+00
-2.815289623277554831e-01
1.619732283111973814e+00
1.151391546976200830e+00
-2.728676576062184500e-01
3.091267290684035274e+00
-1.232382650633002674e+00
-4.638950680065930254e-01
3.876159712753376452e-01
-8.464639391389840173e-02
-4.853602602822275625e-01
6.889203091917186494e-01
4.138073536853267287e-01
-4.537824892314636371e-01
-5.720633774048674569e-01
1.259269342878183706e-01
-6.123938582254083718e-01
5.021360336420039872e+00
-4.432761993922212262e+00
-2.417397103426094651e-01
9.390270648614210680e-01
4.409334328771211814e-02
2.275083929778106973e-01
-1.523982872607585193e-01
4.293552403313639076e-01
5.973836562121685734e-02
8.997101130585146711e-01
4.374616431821655715e-01
1.442083470132856649e+00
4.213638412503898367e-01
1.153839058862655254e+00
4.855071246557570719e-01
1.220048471591744371e-01
3.055969001464564627e+00
3.502285094575127156e-01
-1.668135832377541927e-01
6.738453315116436082e-01
2.970650717450369904e-01
-4.969983293516488376e-01
-1.769577428241509542e+00
-9.712486257229595576e-01
-1.213827990263475209e+00
-1.975510052970974151e+00
5.231917044576080977e-01
1.049077024367752520e+00
-4.327500860597404686e-01
3.506494238593226842e-01
-1.128364337458737765e+00
-2.020627815852353570e-01
1.205172455122588637e+00
4.205389769139274425e-01
1.528089368261885461e+00
4.191632045758083569e-01
1.152706790961413735e-01
-7.559968029605460549e-01
-8.148634894764766878e-01
6.310409445201836665e-01
3.198379910770754453e-01
7.151024010643343143e-01
-4.515442165590806689e-01
-1.926429642916322571e+00
-9.026038548509841553e-01
-2.824594566914647498e+00
2.389916440814837117e-01
6.650270152246532396e-01
-2.559027956803729964e-01
4.617800283663677230e-01
1.112754078821135417e+00
-4.993612916526826151e-01
-5.307005726933973211e-01
3.582170113769762576e-01
4.911134669372165806e-01
-5.466532314886367594e+00
-4.619873492152794525e-01
8.083162233921201700e-01
-1.081270286343494869e+00
2.136360152224940911e-01
7.418953532869593248e-01
-4.244154276512683288e-01
-7.379157399268961859e-01
-7.372739639990224525e-01
7.187954109905628775e-01
-1.179168446778108503e+00
3.548605502664763378e-01
3.313937532492752802e-02
-6.894636370648179469e-01
-7.062633116826823043e-01
2.529807150082338474e+00
2.783396224488316473e-01
1.981387271208822354e-01
3.859507915884499707e-01
-2.493653356194211745e-01
8.279453936126346392e-02
-4.445653038364351772e+00
1.147663038509313393e+00
5.408819742858688162e-01
-1.839139029335208064e-01
1.803321255038054627e+00
6.326222504125095014e+00
1.163691409261301268e-02
2.401765230775319004e-01
-4.441321809149659572e+00
-7.327350306187481177e-01
-4.647203950522854621e-01
5.805139327798906068e-01
-5.475865635893399919e-01
5.630668804030008801e+00
8.808872361476040302e-02
4.669860182901082180e-01
1.522940622913641628e-01
-1.696617937722198155e+00
-5.938876375213576475e-01
-1.086562582372084140e+00
5.175219469965797181e-01
1.155349180896613204e-01
3.407664652755482582e+00
-6.394246892607423627e-01
-2.766022280900652386e-01
-2.693702112996004816e-01
1.524491739817955827e-01
-3.072450322985877946e-01
-4.193246714605055048e-01
-1.132503508346450305e+00
7.832613121601251782e-01
1.244319718814790865e-01
2.592976177165669249e-02
-1.201872311380768332e-01
2.397037166121725738e-01
-4.881315591587054303e-01
-1.481046320886384215e+00
9.527302875223365719e-01
-1.022848220269675923e-01
1.526752180255462665e+00
7.364555632126796869e-01
2.814703428376359451e+00
-3.061819901960881385e+00
2.926567468099782743e-01
3.044318257748073187e-01
4.352390621332493104e-01
5.170810141048801101e-02
5.868536026483111012e-01
-9.634934312555316627e-01
-7.343993680232875354e-01
-2.065228669432100261e+00
9.546939653776392865e-01
-2.360292841319229673e+00
-4.135711858506878058e-01
5.815045344713436481e-01
-1.367337952955454405e-01
3.378304292899770300e-01
4.061164295752306974e-01
-4.663285867542191210e-01
-1.069741748890982391e+00
-5.054128008413656392e-01
1.122694148869346709e+00
8.326642620264811390e-01
-1.174448442939071358e+00
-6.420713956024520774e-01
2.166889059626821434e-01
-2.873117078230057880e-02
-8.509183156520619962e-01
5.273140363201574976e-01
2.638461393229190044e+00
-2.327926003723373161e-01
6.980308082594852692e-01
-1.261555037693433690e+00
-5.119566637765100847e-02
-7.380935694826488147e-01
-6.913627944787827939e-01
4.937132747848337888e-01
2.972415206466438864e-01
-1.544212686517619504e-01
1.085552717583502941e-01
-3.542082562803885448e-01
5.237158465733973145e-01
-1.023862794921888142e-01
1.204282603508679772e+00
-6.763167591657426314e-01
-2.167439488189675689e+00
-2.119453902016700808e-01
-1.198256039140712215e+00
4.250537048597179818e-02
6.243903652572165876e-03
-1.548167537799721161e-01
-3.806460237554988857e-01
-1.250130592336486934e-01
7.253097240423220793e-01
-8.333141188724429993e-01
-3.760937532129239314e-01
9.460213736335124635e-01
1.093818624575322529e+00
-8.934299465452960609e-01
5.759700647415770536e-02
-6.607822554100919454e-01
-9.967793572788528067e-01
-1.306013817713594719e-02
-1.160514164418426086e-01
-3.946889319364105808e-01
-3.217617617590393664e-01
2.040097553147848242e-01
-3.307694707707615200e-01
-2.691687049760347894e-01
-1.666430137105104237e+00
-5.157493491068700919e-01
-7.814121841544200420e-01
4.136483840137653578e-01
-2.711048461746950355e+00
-2.080528661254154033e-01
-7.592900603794991432e-02
6.967293544679851180e-01
7.705592435986242661e-01
-1.325703536466936505e+00
3.380657870665064735e+00
-2.393594479029102079e-02
-1.925819992367613365e-01
-2.878517627840389004e+00
-5.826691219541659805e-01
-2.637185373009005018e-01
1.679480983734184640e+00
-9.009668725210665530e-01
-2.022183275721491480e+00
4.011233755688674296e-03
1.821376386042314444e+00
-2.431221621369713759e+00
-7.407644507226847086e-01
-2.294277241545672030e+00
-1.375383397955852294e+00
8.732678561457691835e-01
1.210398932291469470e-01
1.745934956465891308e-01
-2.400726239560470321e-02
-2.644750190157625913e-01
1.927673061843702573e+00
8.832058382127451202e-01
-2.087329389999536822e-01
2.149073936039652966e-01
1.626085294030656103e-01
9.521026984968546103e-02
5.254707439931181057e-01
1.659230236898004973e+00
9.585815763158381131e+00
-1.204148089785451292e+00
1.437545876405036616e+00
-6.381904021802008442e-01
-2.169017903232998146e-01
8.812847688753053244e-02
-4.216081190662626987e+00
-1.129835226416288363e-01
-4.769333030876427015e-01
-7.600043055988169038e-02
-2.467105110476242591e-01
-1.931275247443904886e-01
3.364893843209862401e-01
3.766437714377711132e-01
-1.853051011460048914e+00
-4.276488000000762679e-01
5.727584589271197402e-01
-4.929512712050623247e-01
-2.220763792331897912e-01
-2.020850646308674781e-01
-6.161459302737910537e-01
3.459451917720457459e-01
1.216891571399138838e+00
-1.359048851391860824e-01
8.807381910801342917e-01
-2.617765891107048049e+00
4.702311571389520412e-02
2.729355747998756243e-01
1.445317155494222794e+00
1.485800776118281874e+00
-5.697949541781145433e-01
7.113592778718508258e-01
9.041348412599706785e-01
4.890861569674825327e-01
-2.803810741602699164e-01
5.199301289818739624e-01
-1.659512170362017036e+00
1.668168681181148472e+00
5.007275305851571767e-01
2.792904282515598080e-01
7.723294078585032363e-01
-2.270044486367729375e-01
8.308969295301585900e-01
1.544557543090411045e+00
-2.698360840156638907e-01
-8.928137577697606853e-01
4.810645130241529566e-02
-2.798986265227050296e+00
1.891484614290491972e+00
6.055251879723654307e-01
6.120809251539307549e-01
-1.101027828000356729e-01
7.595539440629167638e-01
1.754997069709843260e-01
7.673570023653482064e-01
9.921888819672455284e-01
-2.551298781341748145e-01
-2.476889202995767314e-01
-2.207256557139165853e-03
-6.280118125286164865e-01
5.378678069778625170e-01
6.435564612286300834e-01
9.953385990664923577e-01
5.502691659279288494e-01
1.617079494331865819e+00
-1.254683342879619801e+00
-2.224176215019484093e-01
3.322008081989912820e-01
-4.023861780128509480e+00
3.229039321351494518e+00
2.582702934946158879e-01
-5.145326089624078225e-01
-3.751039527301923693e-01
1.109179891662670503e+00
-5.140859179927703693e-01
6.561347980078620079e-01
-9.434237930383166937e-01
1.217352171562762875e+00
1.075566672034542898e-01
-8.008887685127578093e-01
-1.577494407744141347e-01
-3.885823206886411252e-01
8.770231007986427629e-01
8.158352977465057471e-03
-1.982190205050999854e+00
-2.400912739967561715e-01
-1.065116876115715705e+00
-4.415138447795830534e-01
4.593047875289965609e-01
7.888532746325269129e-02
-1.626406544368716456e-01
1.766847880397341419e-01
7.441338742200895862e-01
7.933802106402225718e-01
-1.208230064530320336e+00
6.123001701372154937e-01
3.760826488347300822e-01
1.326245430606368680e+00
-1.722433788617797057e-01
-2.499845604625983431e-01
8.938865699378714114e-01
3.795851398272060417e-01
-2.550671255004221746e-02
6.847323453846733132e-01
-3.898954023309603723e-01
-7.389914162351187699e-01
-4.434635436893159977e+00
1.044706866943137802e-01
8.061290414269979276e-01
-3.535139465654412727e-01
-1.493318713659622932e-01
-4.418552546732895658e-01
-4.698319569082757829e-01
6.029593630701807205e-01
2.346700128751294523e-01
1.969048834620880983e+00
-6.095136705650547326e-02
-5.904678562576394230e-01
2.342491524803831937e-01
5.411207465602672073e-01
-3.159755212949219572e-01
2.036689111941581976e-01
1.251992748354738283e-01
2.388289648443789048e-01
-4.434816174361150831e-01
-3.971919300856256441e-01
5.010154143222460554e-01
8.086173607250760065e-02
-4.413569577250621712e-01
3.121703247521286362e-01
8.132388794087834494e-02
-9.986218018777066607e-01
-4.947742057216428790e-01
1.389044946068685116e+00
-7.872729275305268004e-02
-1.248775025771605013e-01
-4.899343065275129638e-01
1.568625389885544008e+00
-1.304428954146431563e-01
8.526804997927864838e-01
-2.084093748792852807e+00
-6.894731414670633995e-01
5.172793789976553036e-01
-1.238367103996420582e+00
-7.765710477012280899e-01
-4.538342189817650557e-02
7.143167836767372325e-01
2.522143916311217371e+00
