6.075971168277565643e-02
3.851761282320206314e-01
8.991653732217221862e-01
2.288851597090659218e-01
8.700406774164309853e-01
-2.323790201408352907e+00
5.036596523083598509e-01
-3.803464257164124729e-01
-1.812203485857585838e-01
-8.623512989781388915e-01
5.636857350186492699e-01
-7.278800597110021142e-01
3.840522538354300408e-02
1.466106818893113672e+00
-5.864165922550841348e-01
2.531797135216886860e-03
9.047589984410273622e-01
-5.290088104490564547e-02
7.216623400127900601e-01
-1.002236119113389390e-03
1.406228211648179238e+00
4.062801748288818321e-02
-6.239510303164145233e-01
7.013303364165939247e-01
-2.049993865947580540e-01
-2.152264275169089913e+00
8.281876771981805385e-04
-1.013856312577865237e+00
-9.023637238704316221e-01
2.292551380168906583e+00
1.401651912377234119e-02
3.308009706165487840e-02
1.855537062902426149e+00
-1.453446122778838889e+00
9.546184276496677557e-02
-8.983293832128518008e-02
-7.535080937123538325e-01
-9.911141290466719822e-02
-5.563714954423150116e-01
-1.717133064216150862e-01
5.780575132287096851e-01
-1.449889666419693635e-01
5.210610842371936613e-01
1.726644874563156185e+00
-3.144511381544951023e-04
-9.887199342859251949e-01
-3.221662313835284008e-01
-1.832495015375171510e-01
-1.130808677950819074e+00
1.527144294807416758e+00
-3.635453772158145469e+00
3.387489921165994788e-01
-8.837578809840370697e-01
3.979315087591738465e+00
-9.261779821952882408e-01
4.205729110687532746e-01
9.833670556952429920e-02
-2.664901942090062148e-01
-1.548287536138749587e+00
-1.039936981862455388e-02
5.900154666803850700e-01
-4.406004460934492828e-01
4.296707550810032750e-01
-2.065051131915508209e-01
-7.267611589914394488e-01
4.852628309001326135e-01
-1.426449553376532453e+00
-6.361107463611721524e-01
-1.282509926289109536e+00
-6.953324369540885286e-01
7.111396564232786988e-01
-3.297847422694352715e-01
8.161618665047847276e-01
-1.344478884308258904e+00
-8.716769746522196050e-02
-1.075878873529944268e+00
-1.518278235889123806e+00
2.281239016263000158e-02
-6.877536575324239010e-01
3.493925519366850030e-01
-8.159468533355240805e-01
4.664894082191012314e-02
7.553643384142307016e-02
-1.097766143182548504e+00
-2.260430504524447937e+00
7.742333828029484000e-01
1.175300270003162506e+00
-4.008665427349020205e-01
-1.400351898578106047e+00
1.824532720704354016e+00
-2.194022367612105118e+00
1.593730805896337310e+00
-2.009573671803253525e+00
-6.760551822697648261e-02
-1.082562114081628168e+00
1.030378789285931962e+00
-3.642215317131058505e+00
4.374490507630520719e-01
1.650022589100734460e-01
-2.473103587199438902e-01
-7.234970164662989089e-02
-7.737444315872088474e-01
-1.799588041766534419e+00
-2.752882202616564744e-02
5.850914480060729339e-01
3.341125956860866442e-01
1.165103701291419380e+00
-4.018966798304147159e-01
2.076392574025109905e-02
-7.949595365547127424e-01
2.749470784966085435e-01
6.263164839979001863e-01
1.747701428920973132e+00
-1.986573098963385853e+00
6.155229353622634347e-01
-2.195865927895348513e-01
1.809044626985052088e-03
-1.332918687759669096e-01
8.132913858754224901e-01
-5.623130919666733396e-01
1.823606195367700744e-01
1.449746657377975340e-02
-2.986841115759107657e-02
-2.655194719824496147e-02
-7.461868076867768096e-01
1.453537885731507329e+00
1.644973634670699736e-01
5.960327026867021649e-01
6.049123494546961854e-01
2.341935996431917744e+00
1.685010648585901327e+00
-3.481200266583314162e-01
-1.300830383354189268e-01
3.270960316626751463e-01
2.377678800033665940e+00
-4.322079036166798227e-03
2.098342846941455772e-03
-1.082232519596133313e+00
4.775846595604940958e+00
-3.144428452882196412e-01
-6.664725677651509028e-02
-3.355466620189474503e-01
-1.110176035962287255e-01
5.953691194627357408e-01
-1.930055861152104590e-01
3.867708836395298722e+00
-4.217888006606745899e-03
-2.063250374468579562e-01
-5.784419535311610128e-01
-8.021320816509418528e-01
3.463446152135374878e-01
-1.131829582855422567e-01
-2.183651826751964176e-01
-6.867940967091665794e-01
-3.553109859667268056e-02
-1.397761441567187679e-01
-6.872801653122172505e-01
-3.580345942145077842e-01
1.125485836367675629e+00
2.919550192504688280e+00
8.100860056623601091e-01
1.210607163317653778e-01
-4.198688600537818505e-02
4.671896030485851448e-01
-1.402433201577060196e-01
6.296625985328571096e-01
-2.095826630395278001e-01
-2.311838939814128968e-01
-4.508851716412412003e-01
7.632418235400482143e-01
6.640592069560038446e-01
2.443002893772238671e-01
7.437399335695545899e-01
7.499280465448979749e-01
1.731842670897829839e+00
-3.820453557317363691e-01
3.909616039557456402e-01
-6.031158277859590688e-01
6.937140526655023454e-01
-1.059185425255434243e+00
-9.945436682488699720e-01
-4.277998636629682494e+00
-2.467914456263798906e-01
2.327569425199457198e-01
2.931850520358069215e-02
-1.364968060912788550e+00
8.689365014587153713e-01
-2.860505859327551748e-01
6.021584661938224059e-01
-3.843893882258467287e-02
1.915436260482480113e-01
-2.181108238782772935e-01
-7.299621964122655626e-01
-6.906887653474551581e-01
-5.513041609399895737e-01
-6.574196189206650276e-01
-9.546014233320422315e-01
-2.679112687421842054e+00
-9.440453688852727954e-01
-6.032514885217062917e-01
4.176380499596680229e-01
-1.160319674428741621e+00
1.487325176652504855e+00
-8.629251647891624799e-01
-3.322430518154126933e-01
9.575710900975014095e-01
-3.543059965030109781e-01
1.041631877535358075e-02
-5.448819666247534110e-01
-1.736386133232735496e+00
1.556735153715288034e+00
-9.811672387157852615e-01
-1.093577279188308493e+00
-1.151451329230907428e+00
-7.821527080739315574e-01
1.236701211912402565e+00
1.702936228694841847e-01
2.039890009810910954e+00
-1.073681990884777449e+00
-1.428281277893980850e+00
-4.785781991628361154e-01
1.296979284916115749e-01
-9.266217566667461769e-01
6.997056969174855756e-02
-2.710627528190892588e-01
7.754193598494656392e-01
2.261248197208650890e+00
1.293218891831786399e+00
8.924418432586497252e-01
3.597454772263754208e+00
-8.505279545820567666e-01
5.295556660403746285e-01
-1.415486555030119220e+00
4.980665263161651035e-01
-7.840449335149765053e-01
3.307458773854535239e-01
1.267307317230091490e+00
-7.036683164658263046e+00
-4.743811330026566075e-01
-3.652467369101743966e-01
6.563523435100376835e-01
-4.468695882256952245e-01
-1.476480896872389703e+00
-1.883634104551172306e-01
-7.466944548830539707e-02
7.027282977866332603e-01
9.267651672960552922e-01
1.891460320516257787e-01
4.081170315183996755e-01
7.525442579315759772e-01
-4.810102735511235239e-01
1.810608799072617181e-01
2.077728852851538910e-02
-8.767778196712598948e-01
-1.749579730627038421e+00
-1.076347847799343782e+00
-1.062564588694697304e-01
-6.807390122792380538e-01
-8.961135074179540916e-02
5.966950679615413700e-01
-7.259292666128615013e-01
1.122241275574258207e-01
8.736805307916925001e-01
-2.172628048217118302e+00
-1.440540862382316156e+00
4.127678899127933398e-01
-6.724055284374003127e-01
9.634481222736475392e-03
3.520609491237342681e+00
6.780197223728134936e-02
-2.303006603802100483e-01
1.739420908946283983e+00
-1.424917535748850161e+00
2.952123654823696208e-01
-2.967451345900545268e-01
5.690111158399199787e-02
4.090001219090030338e-01
1.787055718122786130e-01
-7.279080251971941085e-01
-2.503012429983884957e+00
2.825376120018199710e+00
-5.290579393664563979e-01
-4.125015744617855917e-01
-1.202111741981139792e+00
-3.547140152259660451e-02
-1.074738296316647856e+00
-4.991918191639282409e-01
1.315080260042534421e+00
1.445371180417839518e+00
-1.248270510044868220e-01
3.075929647770708542e+00
-1.135816456166890642e+00
-1.087398130473627156e-01
3.011119603721735261e-01
-8.573777796736052614e-02
-9.994545139301556080e-01
1.006867160304206532e+00
-6.003806280180832289e-01
-1.727524114101657293e-01
-1.409285676739815862e+00
-7.009221038779163415e-03
-4.942070161001271833e-01
6.037291205426872587e+00
-4.461331069532975313e+00
-3.457067999913009393e-01
1.713784804019931940e+00
-7.665904094032939542e-02
-1.743075752049259020e-01
-2.113599828591973262e-01
2.945685543982276555e-02
-8.740838296174383015e-02
1.071951444503298712e+00
4.483116076395311511e-01
1.916329451062166012e+00
-8.185462989017273649e-01
9.548382060895971302e-01
-4.284599490189558990e-01
4.842348385017781753e-01
2.015679722325197876e+00
-5.269745529012870300e-02
-3.416879847528748737e-01
9.557057867685927466e-01
4.703114279350313898e-01
-2.728880332385862362e-01
-2.058523018232872204e+00
-4.686506846182800778e-01
-5.498176649357163770e-01
-9.928686975486094024e-01
5.620807663872950943e-01
7.601003815943316866e-01
-1.047280259501588429e+00
3.605392434285017433e-01
-1.099310461218430346e+00
-5.883473275318273910e-01
1.468785147067757091e+00
3.199526264645486395e-01
1.159777740967894211e+00
3.713958485698535261e-01
-3.848074560621360107e-01
-9.524956543350349136e-01
-1.212007824769648412e+00
5.485841419726186219e-01
6.965063977262325734e-01
1.075544922776429768e+00
-4.491916033540809261e-01
-3.305653690753689755e+00
-1.137284191418826751e+00
-4.054537679306409181e+00
-3.723527156169334495e-01
6.678442140829363716e-01
-6.352267994567761811e-02
6.615628590930701103e-01
1.545370036280180326e+00
-7.630572206514119049e-01
4.042084854514901848e-01
4.845361311967705253e-01
5.093659104692003226e-01
-5.391924720700859375e+00
-1.312571617593175421e+00
7.656888785280828724e-01
-1.016977593323752371e+00
-1.169504903123807227e-01
4.337004569739844051e-01
-4.476166503814135167e-01
-6.123859374824566215e-01
-6.618687925757930079e-01
6.473378453205550498e-01
-1.021244268536924515e+00
1.486048272310340201e-01
-3.062720081737640987e-01
-4.937193155989374471e-01
-9.790827378675606152e-01
3.268514001932213642e+00
1.137643916243429032e-01
-1.194006606896054618e-01
1.126808567580207115e-01
-8.571384146807385918e-01
1.236706942896755035e-02
-2.624917444732154159e+00
5.455478033433400764e-01
4.385663772238481251e+00
-1.743121364628549830e-01
2.284474166353208435e+00
7.012415554516276295e+00
3.800336072578133217e-01
4.203706229285651408e-01
-4.332841672823803059e+00
-1.002049198689348275e+00
-5.132877517632015163e-01
1.047145754239023896e+00
-4.127489433201034785e-01
4.358165967807349439e+00
2.922996174754953769e-01
4.551087662222001451e-01
-3.840966681689094719e-01
-2.034441665146816902e+00
-1.942833569736842902e-01
-1.518169316128386459e+00
8.134450391828255134e-01
-5.496130969929369225e-02
4.861074441377319033e+00
-6.664110343187155117e-01
-4.327062123627433698e-01
1.950380991279765386e-01
5.277167308930590384e-01
-4.947908420499821380e-01
-1.052502319791993463e-01
-1.522476089692426982e+00
9.963314132527064659e-01
2.529377229009916461e-01
-2.650378870617619009e-01
-1.241885391964617225e-02
2.469855334824670456e-01
-4.418736571422369197e-01
-1.469346531766929642e+00
1.479790362362246148e+00
-1.762101345706823530e-01
1.891802907401238354e+00
1.123625837182962856e-01
2.646073534681236072e+00
-2.500406371388602889e+00
1.034743924437846602e-01
5.953013605725919755e-01
2.918975942069985674e-01
2.111464985900305957e-01
5.740900174856684579e-01
-1.516680120818435062e+00
-6.694932733336658170e-01
-2.832320529167452694e+00
2.694674421017926313e-01
-2.526060636643006063e+00
-4.362230963743157219e-01
8.359051535248069875e-01
-3.504393037402631084e-05
4.252057324629909263e-01
7.968906824212106388e-01
-7.716855307068867242e-01
1.874507235734121646e-01
-6.436582440129734461e-01
5.827433346051481555e-01
5.323059239008897103e-01
-1.204858980396775525e+00
-1.025400089270444015e+00
1.122842618000636783e-01
3.632476736807261908e-01
-1.248192247133838917e+00
2.612576892834421738e-01
1.824637668125926648e+00
-2.321684214038962080e-01
9.893532599176291242e-01
-1.444279899265117351e+00
-1.001056566393387914e-01
-2.757284779370961503e-01
-1.010769108923814663e+00
7.335718264466276617e-01
3.369163401163490223e-01
2.005549662647658146e-02
3.132057353604574268e-01
-1.851955554956945749e+00
-2.356172944104339972e-01
2.358543200004741547e-01
2.132115925560209124e+00
-8.085695619654530431e-01
-2.088689388594911822e+00
-4.300370626768151849e-01
-9.830345067296591965e-01
2.423086789817429920e-01
4.939000357448968676e-02
-4.116572778125292542e-01
1.688884415837899611e-01
-1.368609638032353137e-02
8.342043962435833349e-01
3.729985423712284254e-01
-5.056643434656535874e-01
7.592993220614453476e-01
1.287352908215524838e+00
-7.458623823995780278e-01
1.293367063916853466e-01
-7.651014674801865922e-01
-3.381459299075244285e-02
1.376449802867007188e-01
-3.634459929775112896e-01
1.883044872607429754e-01
-6.340245878273560454e-01
-8.265587269852964214e-03
-4.547037725022942678e-01
-3.601824379058468084e-01
-1.367982560555790705e+00
-5.371925015569380957e-01
-8.919758643470994119e-01
-2.809890211376499247e-02
-2.383510915165820254e+00
-2.337626591764706829e-01
4.079418666980835079e-02
6.138340044700030251e-01
1.333055124800882341e-01
-1.739810793853116655e+00
3.863558566821740481e+00
-1.633124378591622461e-01
-1.667753718840159771e-01
-2.988322605597757864e+00
-5.976984918169399030e-01
-6.052310799862108404e-01
2.342504650351373563e+00
-1.460282453698864114e+00
-2.068834532253474023e+00
-4.681136366035786867e-01
2.314919039986609306e+00
-3.985856964144878667e+00
2.266514840073513559e-02
-2.766873433111387115e+00
1.758843181700459890e-01
1.040563174496515364e+00
1.839171836706737229e-01
1.299396579081490533e+00
2.419209438755486746e-02
-1.451911710826947477e-01
1.481523976413954502e+00
1.130124513976868750e+00
-3.993951031933175577e-01
-1.138615019142109330e-01
1.720066539100112424e-01
-1.511295098189931185e-01
3.024388663055351811e-01
1.724797583462812645e+00
1.025821482467495116e+01
-1.263858572327811736e+00
2.022494372057349388e+00
-4.795203824051876840e-01
-4.003339735080659323e-01
5.021085611679017985e-02
-4.417900608526450945e+00
-4.865118086294085986e-02
-4.683932212336180401e-01
-2.049134601542502487e+00
-8.195124395189907762e-01
2.297128099310245530e-01
1.420236752192899798e+00
8.468846513789147767e-01
-8.043973194970953644e-01
-3.852022661180348195e-01
3.877960250882295790e-01
-7.692487862933178322e-01
9.959324901183859435e-02
3.973926208710018004e-01
1.411651276803282118e-01
3.215108624226218348e-01
2.478981380047322602e+00
-3.498121664071041081e-01
3.634664228989329948e-01
-2.315610754547096306e+00
3.638165217670904505e-01
2.520197717122424352e-02
3.111306237676334074e+00
2.204491846739772498e+00
3.742914769987498724e-02
9.585408794040759517e-01
6.523287862489806077e-01
3.501209815574643502e-01
-5.141474437999365987e-01
5.735659483696942118e-01
-2.189530257454826323e+00
1.843148351177539945e+00
8.025390071223236221e-01
5.003500056345566716e-01
-2.885414919422480406e-01
-1.929176457242586240e-01
1.411804370329868830e-01
1.621437536961351178e+00
-5.238398621790415488e-01
-1.137939027251430923e+00
8.863807190101201383e-02
-1.979841087587145498e+00
2.484401900123518026e+00
5.539328118262085709e-01
6.190912758236323254e-01
-6.342185464639212011e-02
4.615831713703863470e-01
-5.279000673829209456e-02
2.714986422861461746e-01
6.074819989110640250e-01
-1.944524287645116034e-01
8.879905952451977447e-02
5.175532239217726233e-02
-6.710133922581240640e-01
1.334739103972091723e+00
4.831737865259277398e-01
6.651625338477438198e-01
3.533168437569206288e-01
-5.021175552590663171e-01
-1.359754979051332135e+00
-2.574360209294856427e-01
3.579550270422809932e-01
-3.514026052053385918e+00
3.334776021797525747e+00
4.005994452801352468e-01
-8.278835672660419531e-01
-2.915218615810761804e-01
1.763324957348097577e+00
-3.493910681797487428e-01
1.464595583328954231e-01
-7.197468731148001231e-01
1.330547755232410090e+00
2.142911339366083967e-01
-8.834927706219042332e-01
-5.609273414368783905e-01
-3.691541527549964674e-01
6.440141907482007655e-01
-3.935434673405803774e-01
-1.802529998429822644e+00
-2.559898834411415414e-01
-9.417684130768850803e-01
-9.091388428573491387e-01
-4.023325337814325636e-02
4.270176477832621220e-02
-2.151530328300551853e-01
-1.351295372398575168e-01
9.761552427725963543e-01
1.207216637442756646e+00
-1.256315732919753847e+00
7.505757220445622435e-01
9.373580506522882771e-01
1.379813085516924831e+00
-1.721408037772220456e-01
-8.426673763376177906e-01
7.248625436175343273e-01
1.554496739099004099e+00
-6.217371166932794679e-02
7.415693767131326108e-01
-2.618057666118874249e-01
-1.120452874175259517e+00
-3.871386289095364308e+00
-6.491236241844611232e-03
1.026110435115577202e+00
-3.843193312859138899e-01
6.419070757278407813e-01
-2.671574917204881383e-01
-4.507603579831245266e-01
7.916074223153998224e-01
6.434397929311228559e-01
8.702294866365988257e-01
1.252473979455934749e-01
-4.869121677630692258e-01
-3.359649110739085232e-02
8.597062233927622588e-01
-5.264374217937943801e-01
3.416835947052864753e-01
9.718529273318335382e-02
-4.332585925242100899e-02
-2.995961213709881776e-01
-1.055645513888856968e+00
-3.528728688499686156e-02
3.023885251275992836e-01
-1.784772185032862668e-01
3.916778140301978017e-01
1.374477638967366022e-01
-1.417935602911650772e+00
-7.051903540309590879e-01
2.281100074827283386e+00
-2.191914099221663192e-02
1.052515274804973963e-02
-8.752077501075061772e-01
8.814458947424888002e-01
-3.067418193678702609e-01
7.531468536323326912e-01
-2.485164877794371119e+00
-5.650909916995033866e-01
5.346644422095049309e-01
-1.367371290812140039e+00
-1.888768433440332739e+00
9.138920855351417849e-02
7.657924481213096435e-01
3.258767361098108495e+00
