2.621890386197962552e-01
-2.325510992637918328e-01
1.048772753230584831e+00
2.035910031214040183e-01
-1.273979828869435116e-01
-1.654744437208509833e+00
4.256440993455509747e-01
-1.743322682949383640e-01
-2.924919045714979293e-01
-5.171905943462706823e-01
1.404160298089602299e-01
4.241329402477597710e-01
7.172950880903779247e-02
1.411209743721069554e+00
-3.954085103586884031e-01
-1.756786752585586531e-01
3.462155001223065631e-01
-4.381901658164177316e-01
4.556303049807028382e-01
3.082263554829792751e-01
7.254342936990350044e-01
2.180869223243996069e-02
-5.423063231680941287e-01
3.277328143337004396e-01
-1.875554365840719218e-01
-2.391708371809730505e+00
2.170821266664044180e-01
-5.088073947614532022e-01
-5.153833775133664918e-01
2.177838691360372003e+00
-2.082194476291420182e-01
-1.074284189537889761e-01
1.265029142635208714e+00
-1.400616442416858787e+00
3.279427585362363895e-01
9.444581474123073250e-02
-7.420911313062688031e-01
-6.338706070824451366e-01
-2.071006390890774707e-01
2.845125290190010925e-01
-4.846354143829626482e-01
-2.495843097382263731e-01
2.228664307892247731e-01
1.717240573228207889e+00
2.527375633548271661e-01
-1.396243147438547050e+00
-4.758562858549703067e-01
-4.831739172680154515e-01
-1.539468755882841267e+00
8.831371142661065266e-01
-3.744545636508469055e+00
1.282708796025332498e-01
-6.604189646362520483e-01
1.779994374036143689e+00
-1.282141523256288274e+00
-6.119911066676562289e-02
5.150908295271330317e-01
-1.394096968034420347e-01
-1.097503683163156385e+00
-7.083028391465222111e-03
5.436170789406034182e-02
-2.796551700152688502e-01
1.000100492092701243e+00
-1.378506624522182478e-01
-4.971974212964412887e-01
-2.579536553487327688e-01
-1.150025316194797531e+00
-7.038827226989945451e-01
-1.145160477289999257e+00
-1.126588341540933763e-01
7.013013430886538835e-01
3.266849160286935949e-01
8.783552669745749997e-01
-1.253144686178619960e+00
-1.510934678208647186e-01
-9.966184539310980472e-01
-8.771214712497030774e-01
3.387950643985050414e-01
-4.295631569213923528e-01
1.541737866784356759e-01
-5.786522646686512727e-01
-4.189196012885922082e-02
6.702634805465044199e-01
-3.588167107834041580e-01
-1.542029343293277899e+00
2.294610100916094630e-01
5.214264464338532745e-01
-2.169681652672270644e-01
-9.911133053758247602e-01
-2.269628306277107210e-01
-2.211182124388392456e+00
6.588135718276822983e-01
-9.923020025985449521e-01
2.760803751837090370e-01
-1.797197824690213830e+00
8.398330447162439816e-01
-3.864238257195491411e+00
2.905136646123582800e-01
-1.860991140569800417e-01
4.044725507465141146e-01
7.549098094839323814e-02
-4.726190286495969839e-01
-6.358657017100625142e-01
2.271984879368506571e-01
5.592908215647085513e-01
3.739924769103645241e-01
1.012330859465815136e+00
-2.162002780083155939e-01
2.600299865222053253e-01
-8.356922135317484956e-01
-1.364785750806362663e-01
2.046276538367755027e+00
9.661958937809719261e-01
-1.422486603525924265e+00
5.143048341924837397e-01
-3.397448225472040478e-02
-9.828000301882404421e-02
-8.593544943616239495e-02
2.013645571946542645e-01
-6.752607281192928301e-01
-1.377314332847879852e-01
3.965537968438431760e-02
2.701167866319311717e-01
3.184250468555951952e-01
-9.455416071368764053e-01
6.048701349604977962e-01
3.102676853520309683e-02
3.287097800175095563e-01
4.370661133431928413e-01
2.512786134288576445e+00
4.143736356264299259e-01
-2.961921666344830562e-01
-8.683661074322968076e-02
4.096229997016909152e-02
1.777578699561755515e+00
-7.593741318324944700e-01
-3.917642415840882908e-01
-4.708884216630709330e-01
3.171629684682308881e+00
-4.248830986891819483e-01
-1.785666863504552782e-01
-3.568693853407195471e-02
-7.786988521829562027e-01
4.107453436102736499e-01
-2.480276978020689693e+00
5.271050765605979294e+00
-1.163502870156976732e+00
-8.216830353591529634e-02
-3.519481895294376828e-01
-7.694932328411301370e-01
8.007678721328422844e-01
-7.640924155366339843e-01
-1.700213893115878547e-02
-1.024846599534386726e+00
-4.350000037516107421e-01
-1.311153310298407426e-01
-5.654974130329474269e-01
-8.618439653696610692e-02
7.331376295258839049e-01
2.149136049800026704e+00
5.600030648827281077e-01
-6.653385847173047818e-01
-3.231153198696855300e-02
-2.468011636602070180e-01
2.633938645950426594e-01
6.315369089892575172e-01
-1.227709309676188409e+00
-1.925462774448196412e-01
-3.604385202506251579e-02
3.829455489556771175e-02
1.574555582079048902e-02
1.382169460745034384e-01
-3.896661813926013407e-01
4.135727825606580477e-01
9.447883323878417672e-01
-4.807226106977700031e-01
4.299291571746630680e-01
-6.324173045445873331e-01
9.111867918378778741e-01
1.940756736594652643e-01
-1.036316850258703681e+00
-3.192994426569302213e+00
-2.109294995724909361e-01
5.700870089388081485e-01
-2.566962772893317535e-01
-4.888542642738832877e-01
4.868072942009198378e-01
-4.033632678370202007e-01
2.629505326614210992e-01
-7.702843389605136537e-02
3.987385370075401114e-02
-6.087278061184841355e-02
-2.571552740599551967e-01
1.849381822462872471e-01
-4.365459002399336153e-01
-5.145526447132103831e-01
-3.292238933313722526e-01
-2.828378408278186207e+00
-3.749347687368491111e-01
-3.865189239179410152e-01
3.320058490797634376e-01
-9.088465138025407786e-01
2.163209511628142248e-02
-9.008274919415785176e-01
-5.605969961831598625e-02
5.993258844276767583e-01
-5.398502028667451214e-02
-6.216784215295348970e-01
-3.773246829186681639e-01
-7.486189986367144389e-01
6.595288877313393305e-01
-1.769328192516028242e+00
-1.075320160768003630e+00
-1.094835238290206458e+00
-2.118752814157198461e-01
1.860310578759082345e+00
5.199995567426107801e-01
9.068247348208200442e-01
-4.821474945391687195e-01
-7.756597145727450737e-01
-7.782899628336106268e-01
3.700437695119138670e-01
-9.652448766208964193e-01
3.556118779575882100e-02
5.324346066439728485e-03
4.494037140609850878e-02
2.088479004445110032e+00
2.648873647160481792e-01
1.148934873989173377e+00
2.352023502484775541e+00
-4.141921010032760808e-01
5.951395114917547996e-02
-5.788441031175307616e-01
3.687657281489942207e-01
-7.113228616567700557e-01
5.961638727704126478e-02
1.441432572286610370e+00
-4.915114928134114436e+00
-6.229908904858226792e-01
-4.999417867174549279e-01
3.730441335433233307e-01
-1.724690993192139754e-01
-9.554218760010763090e-01
-5.186424965472715698e-01
3.730972239583509736e-02
1.239390476124901275e+00
6.680388063616986560e-01
-8.873687702440449798e-02
3.620791662191345517e-01
1.636859345702048052e-01
-2.970370869714866746e-01
-1.253120155909597522e-01
1.098033784910092542e-01
-4.669963006545285733e-01
-8.566642431095254917e-01
-2.292289792665090253e+00
-1.330601862590512496e-01
-3.454208754969819162e-01
-2.521815369234169379e-01
3.743152171807080930e-01
-4.655024544520927621e-01
-1.845622899276367149e-02
1.697616932232445461e-02
-1.635167885449045455e+00
-1.043619211505152133e+00
2.459076766044968748e-02
-6.651285420543573412e-01
1.424378503685894692e-01
2.670106703189516040e+00
2.814205737902588655e-01
1.669546684149612048e-01
5.707640441044743440e-01
-1.448991308404186329e+00
-1.749634715782092675e-01
-2.955499768982571829e-01
6.438797600990603387e-01
4.699783398025537684e-01
3.383530503299392866e-01
-4.125214699915900063e-01
-2.867057144331742968e+00
1.488093915076139195e+00
1.364046827130512701e-02
-5.724160958839377145e-01
-4.575514692618936619e-01
-2.731896256684360202e-01
-1.555097895672704844e+00
4.356733934583280343e-02
1.388879823072944220e+00
9.133443501063067682e-01
-5.117738071790380872e-01
2.972819725108641897e+00
-7.197002868997500746e-01
-1.787960439722917072e-01
2.885266357158304817e-01
-1.019570128619740890e-01
-3.470114642594478438e-01
6.673784588324958023e-01
-9.565185653215668715e-02
-5.721571536465158703e-01
-8.771148587989845424e-01
2.249711537906095779e-02
-4.655603908505833166e-01
4.462313188219392934e+00
-4.718276122716379639e+00
7.897006061400609067e-02
2.321504344339569426e-01
-1.149894625461911069e-01
3.643043565248605953e-01
-6.818910189058755011e-02
2.599359013837437282e-01
3.792709448440447773e-01
8.089189057819636819e-01
3.599973993115289650e-01
1.470024248682471724e+00
5.460833931287490950e-01
1.132064806819318648e+00
-1.132300947834473936e-01
5.905189165857650802e-02
1.975182185169178428e+00
1.032920002172164731e+00
1.054401458222184174e-01
2.985672262254059905e-01
4.773467963261262548e-01
-4.843784472753114856e-01
-1.414129534105427854e+00
-1.426439791122555145e-01
-6.539753664008737255e-01
3.238064776352523322e-01
2.662352892493593526e-01
5.723577093150644668e-01
-1.129735518093505142e+00
1.879187747271388598e-01
-7.915129210718232500e-01
-7.365507296184697905e-01
1.072368471200245033e+00
5.556468999307728057e-02
5.747924273378632876e-01
7.932667561322724881e-01
5.307483613636003461e-02
-3.022094964186651800e-01
-6.968499106091324835e-01
3.637047330024839042e-01
4.604814413918420501e-01
6.018711335381262684e-01
-2.253982876900768872e-01
-7.739021827093216510e-01
-9.925045078448361258e-01
-2.186881423872601093e+00
6.720337739306658786e-01
5.309997255495808588e-01
-6.241753070925115665e-01
5.752826335574030558e-01
1.509334851408471234e+00
-3.153792895649866757e-01
-3.642623439363036342e-01
6.405881852756860617e-01
5.929224849642462658e-01
-4.344819418293814017e+00
-3.379656067752350723e-01
8.194748875778924413e-01
-5.436417009679661572e-01
6.680515572767873334e-01
4.707922523907061008e-01
-1.640257015116482753e-01
-6.249617008372254645e-01
-5.304939756388802330e-01
8.246758808273876307e-01
-6.627685430537977318e-01
1.564416646839613123e-01
1.243827133796270717e-01
-3.335315679518947030e-01
-7.229318574444945078e-01
2.141781284530249962e+00
4.171415392103403064e-01
4.282402914908879366e-01
2.031720533619979507e-02
2.329521056661933709e-01
7.042456368179694781e-02
-3.825005160761363765e+00
6.232947547307411407e-01
8.800763391914354639e-01
-3.212680240068908066e-01
1.716343640409743632e+00
5.211982825428603583e+00
1.495402417362878267e-01
-1.187118701053490599e-01
-2.703301812764585144e+00
-7.146565458768674439e-01
-5.056711584787145775e-01
6.153458412456818127e-01
-8.302229561172177683e-03
4.554914996295423180e+00
-2.238375975635803483e-02
-1.074766772993202418e-01
-2.762320477061578792e-04
-1.485720364357824952e+00
-5.798238953569451182e-01
-7.190289899372496185e-01
6.490736127068989780e-02
-2.279931262358055391e-02
3.436221751289499249e+00
-4.914640086365282823e-01
-2.733473314591446934e-01
-2.076836703581517174e-01
1.851376263800964470e-02
-2.166823739102404778e-01
-3.267522345277974472e-01
-2.096936954231095829e+00
5.335166092442102936e-01
2.005096882394158397e-01
4.197867322774627707e-01
-2.442438603986778478e-01
-2.968216403073239279e-02
-7.227535455108544671e-01
-1.081087749690085698e+00
8.724243094757991868e-01
-7.987619145297755741e-02
1.352076950745442874e+00
3.334274611524475351e-01
1.568275146406794551e+00
-2.476944880477784494e+00
-1.164407827084643077e-01
-2.307693659905194275e-02
5.722990319433800543e-01
1.178041479633313016e-01
4.949974833679757769e-01
-9.727416329948442852e-01
-7.110407567127545736e-01
-2.630212704264195178e+00
6.109270372636894653e-01
-1.119630770238803308e+00
-8.270111810637315042e-01
5.360462859707770811e-01
-1.066870155448035734e-01
4.492622585981844718e-01
7.772258962893249246e-01
8.609888384683575535e-02
-9.744209912002033125e-01
-2.472220992565060393e-01
9.477356575976304542e-01
5.376815520486015743e-01
-1.300539742295975909e+00
4.919894946982304729e-02
2.033902889043066320e-01
2.588263993351698211e-01
-3.230100374011052877e-01
6.065099345798690145e-01
1.912678389381100352e+00
-4.112495974766330331e-01
6.948195776293681902e-01
-7.212695070934257435e-01
-3.503819156747198932e-02
-1.102898394011737837e+00
-1.176607969323524738e+00
5.970918632577001395e-01
-4.261392736563355405e-02
-1.504963169439215154e-01
7.859673540534187763e-01
-2.741560957082967431e-01
-1.488963972405030756e-01
4.791789372538120539e-01
1.282256081773466061e+00
-7.946387943672594822e-01
-1.295515387285789188e+00
-1.190319596581580763e-01
-1.133941771757232431e+00
3.005608677350297686e-01
1.644201238805640397e-01
-5.735922902738264106e-01
-5.611502007115225232e-02
2.170662944658048321e-01
6.155309463232616629e-01
-2.275383372870631027e-01
-2.949238188220969503e-01
9.751638626685684708e-01
9.805018705330431628e-01
-1.088350401245451904e+00
1.552789611950531612e-01
-7.037199623354610800e-01
-1.573623518165727653e+00
-3.820920108329113607e-02
5.895894987100613188e-02
-4.880872536538542472e-01
-1.125915021404073763e-01
3.502943778561513066e-01
-2.880780598610354626e-01
-4.696728670215560147e-02
-1.448485805652213187e+00
1.355169164120335612e-01
-6.700023748648713529e-01
5.118073011511714565e-01
-3.653831776720609881e+00
-2.057276139958994776e-01
1.333958988702829696e-01
5.046322598524435321e-01
1.049554700396732043e+00
-2.087998087570217098e+00
2.347055747719236418e+00
-7.475540657059747025e-03
1.141166744184296360e-02
-2.781544749769931713e+00
-1.404332432544690701e-01
-2.528677944878475747e-01
1.565869844341412076e+00
-1.180060912748635449e+00
-1.712289880306824719e+00
1.607146160710615779e-01
1.567193880429801123e+00
-4.147655312159134411e+00
-1.859960229442039203e-01
-1.833458426163743216e+00
-7.718819418405904464e-01
7.844903561794092095e-01
2.153161826135037704e-01
1.069531270348244786e-02
6.677533505211477038e-01
-4.451381065304189644e-01
9.550089345391792328e-01
4.627272203381740390e-01
-2.833594697667232709e-01
-2.876785611782125551e-01
1.842905418863202416e-01
6.425408146450228841e-02
4.070254716540679385e-01
1.496640364819023183e+00
7.780861223147595318e+00
-1.056563653712092599e+00
4.387513293046542140e-01
-7.727444919883669217e-01
-2.830248488336480905e-01
1.322615224048214189e-01
-4.522850092155974444e+00
-2.644519402212021086e-01
-3.112310995133159008e-01
-4.433336804917587415e+00
-3.919449789790019345e-01
6.972803461763880939e-02
2.265157239050558324e+00
4.352309263472270429e-01
-5.663785643544716475e-01
-3.619101185294889556e-01
3.092915676116332890e-01
-4.676951017444234693e-01
3.768317873568408083e-02
8.300317408337351544e-02
-6.206783311784905832e-01
3.456146287654205396e-01
1.111531189068431624e+00
-5.275516413341836686e-02
6.522900381803711234e-01
-2.446448457344751137e+00
3.713238624491699280e-01
-1.926727350717204190e-01
8.314628155013844557e-01
1.287214175518972770e+00
-4.303964938362431769e-01
2.652501985533028961e-01
1.126082356229466841e+00
4.624367588924042094e-01
-1.677560257915140449e-02
2.196718809839078579e-01
-1.645889387600827147e+00
1.380090362148207905e+00
1.452404076322999227e-01
4.450998289149759590e-01
7.077692985732868536e-01
-7.255758879836377018e-02
4.075875671516245857e-01
1.204032681172614971e+00
-1.873958393895129859e-01
1.056462279545587607e-01
2.639457508067678121e-02
-1.780636945081132572e+00
1.885702571273861761e+00
5.111308474564194571e-01
5.296738321966191210e-01
-3.784240567002590538e-02
1.386632570401328257e-01
-3.316973527716624570e-01
6.264146797692567992e-01
8.031028762110047348e-01
-7.634159551183925495e-03
-2.687082523744636631e-01
-1.160739918482787125e-01
1.051477537813071406e-01
-2.120972077418390722e-01
5.192247123344276849e-01
7.177442265900122464e-01
4.131058823807224334e-01
8.154019837634808310e-01
-1.140487371646008663e+00
-2.485506198872413086e-01
4.784638291280316480e-01
-2.645837223103363556e+00
1.994171883041040427e+00
2.677240281678881506e-01
-2.557494257052357889e-01
-3.766717782768196354e-01
1.074933373486908428e+00
-1.062612293887604531e-01
6.099533016326614820e-01
-9.118860364979997080e-01
8.897539660764502978e-01
2.800045977454881929e-01
-6.135161322305161535e-01
1.281267084684644120e-01
-4.500211651357099440e-01
7.784070871392734237e-01
6.685238885462954639e-02
-1.446321591864795364e+00
6.100471846951909666e-02
-6.805575811774251527e-01
-7.811683138966201145e-01
5.044661520786821729e-01
-1.106476084036970703e-01
-3.517055487495251431e-01
-9.517770876311990036e-02
6.411475688639983739e-01
4.757149019835176795e-01
-1.147914174720787939e+00
3.817542612189807616e-01
3.033824013638252715e-01
1.120729730132494995e+00
-1.739303508926027531e-01
-5.424306149057572801e-01
8.047772029579760567e-01
2.377354064141251333e-01
-1.209309460170999162e-01
5.422541907094418079e-01
-5.104354710504679371e-01
-7.724618091915607110e-01
-3.112836945229533914e+00
-1.100294490322780427e-01
8.280640790181896804e-01
-3.720310405412216581e-01
5.273594523171953874e-01
-5.018522327733252464e-01
-1.312754967750120738e-01
6.614989278882001944e-01
4.342612221397472161e-01
1.862862199950975572e+00
-4.528223684609847255e-02
-5.726829558825108357e-01
-1.608894811684368487e-01
4.443811569563651531e-01
2.722666731587350050e-03
2.157002868061632106e-01
1.350580399922314545e-01
8.481916803267985916e-02
-4.421319058044638206e-01
-1.010456959296755636e-01
3.894895370800621204e-01
-5.002936624738787419e-01
-3.868707467550168144e-01
7.981966991283322432e-01
1.930406582894539091e-01
-7.285739926900565155e-01
-4.536158621325406259e-01
1.221969721352829552e+00
-4.074072666171529161e-02
-8.659542230870410917e-02
-2.141374377679663432e-01
3.722329280851779942e-01
-1.107444889412923100e-01
7.105196756757018450e-01
-1.493733803046774833e+00
-5.184647808951875492e-01
1.863359394873758193e-02
-1.037096083230967691e+00
-8.220262450790944975e-01
5.783891452713772058e-03
8.181027689109959811e-01
2.119502746946617666e+00
