1.016367615942016384e-01
-7.605935264932016382e-02
1.119822669170030149e+00
4.927904906900873461e-01
-4.188590460490448364e-01
-2.263057604979124005e+00
8.005470045734159878e-01
-2.325941278934584300e-01
-1.508739960656536871e-01
-4.861530853539566266e-01
2.942048937571671297e-01
1.271858430697739295e-01
-3.057573334091639450e-01
1.726018617623224172e+00
-8.889172759210393071e-01
-3.812969657292653025e-01
6.560846733102740913e-01
-2.869661712187421831e-01
5.844530395575957549e-01
-1.692037010478825154e-02
1.083932530110729431e+00
2.076449268388471658e-01
-5.096129565940277217e-01
3.576068972672408197e-01
-2.352477375402429183e-01
-3.224629825568940955e+00
1.517089062997053706e+00
-1.082799594682662292e+00
-1.600869531282279157e+00
3.064752625120645835e+00
-3.341490854177833203e-01
1.203139015655746158e-01
1.602070993585209102e+00
-1.995241892179643539e+00
4.521660239313617796e-02
3.016986079525606490e-01
-1.355902829547137811e+00
-4.371601131071387591e-01
-1.296436620390956362e-01
1.261158298921291054e-01
-1.349427608992831429e-01
-3.137637766161240349e-01
4.027814198260607492e-01
2.391268822191682464e+00
3.674975759952039955e-01
-1.597488576828387297e+00
-1.533887717069580547e-01
3.106312699874273775e-02
-1.721583625348266589e+00
1.047193256703944364e+00
-5.309231550109792863e+00
3.327679319313316397e-01
-1.040519719347437588e+00
2.552413333315492583e+00
-1.917556902709123268e+00
3.410091611684546442e-01
2.925453527384054841e-01
-2.093547092764858897e-01
-1.768577429711856164e+00
-8.539578734726338549e-02
1.357527082970654053e+00
-4.610476376993689063e-01
1.545206517061466611e+00
-1.385708920363710739e-01
-5.802043574350663757e-01
1.213011679716434893e-01
-1.672252797640257915e+00
-7.146119189905468794e-01
-1.542433506168250812e+00
-7.803726787442087642e-02
7.715392727001025852e-01
-1.404287215591904225e-01
1.239857909219546306e+00
-1.646274689722764695e+00
-1.290665093660761098e-01
-1.130680115883281101e+00
-1.422236751754972106e+00
2.749269758879377967e-01
-2.957460913799012103e-01
-1.806730926624278699e-01
-9.653120914348428672e-01
-3.761498748025137173e-01
-2.128677332874258366e-02
-6.392237039327511861e-01
-1.778839140661403251e+00
7.041285129540725274e-01
1.114713621723321335e+00
-1.848387165869085635e-01
-1.676305444408436207e+00
8.172639992162911149e-01
-3.283200989990075147e+00
5.539153586310535671e-01
-1.782166006617749598e+00
1.408343761675509287e-01
-1.407296682431565138e+00
9.417100692771021020e-01
-4.109911668553573705e+00
1.628597565346346088e-01
-2.017994937257637511e-01
7.351913974818431730e-02
7.039384644027381344e-02
-6.038771505803296469e-01
-1.660626897347108999e+00
1.046365364830350309e-01
8.396806048215051943e-01
1.404138860914536657e-01
2.027709522069387038e+00
-3.681089486294989999e-01
6.812511682929969226e-01
8.650221027399059848e-01
2.016031288344171668e-01
3.105603008288114530e+00
2.172055139023210124e+00
-2.161330336440975497e+00
5.861400524005526691e-01
-3.021869111978869316e-01
4.185244046133513446e-02
-8.552310213993775945e-02
7.154688118674296105e-01
-6.623777383737516899e-01
1.801889548293691135e-01
-2.687066214662551800e-01
9.977317654908794686e-02
1.026430300174543259e-02
-9.878652983199407434e-01
1.282906280809925637e+00
5.795297776886661374e-04
3.755474762133489963e-01
4.900933454222454744e-01
2.753007404625666066e+00
9.849227620549696471e-01
-2.359506887387547158e-01
1.188451649611770716e-01
5.080536073275113695e-01
2.548386877907869774e+00
-7.524999104315804876e-01
-2.642316655160309447e-01
-7.159974935212389813e-01
4.047608281559719856e+00
2.820395165336814225e-02
4.259817001491629229e-01
-1.768138430762207503e-01
-3.730052838544367644e-01
8.709989316524341385e-01
-3.001141221022252559e+00
8.242017775684530534e+00
-1.287333914037094296e+00
-4.491696381137691430e-02
-5.908366542772214292e-01
-1.047402066082571359e+00
7.677177754347656036e-01
-4.117206348805282357e-01
-3.888679322971612118e-01
-1.552986131852246876e+00
-4.391562767070481543e-01
-1.133755600937963876e-01
-5.941974319339314858e-01
-1.444376827453561496e-01
1.090633627653850857e+00
3.670507764710114085e+00
3.876704439687375658e-01
-5.321691023121527531e-01
9.474188229659830096e-02
-5.575107582635969727e-01
5.480919725674399112e-01
8.259224697094591505e-01
-1.672837078983183012e+00
-3.923592807956348683e-01
-3.139789046339215295e-01
1.252376881063691050e+00
2.152784382897495186e-01
2.505926775108435201e-01
1.153003737649148375e-01
1.007125412868459691e+00
1.527697807144908770e+00
-4.249932689188574142e-01
8.358819972416198230e-01
-4.983961297010757741e-01
1.280648009541342836e+00
-3.869308408847385028e-01
-9.880844825320982405e-01
-4.562519412180356504e+00
-4.485154582532444034e-01
6.708244992557883535e-01
-1.651664637883656639e-01
-7.709297436660296210e-01
6.731285561951602103e-01
-4.543369692479323207e-01
3.919326940187529695e-01
-2.179168682505215615e-01
1.584032732643032848e-01
1.503056682312992054e-01
-2.404715648956948226e-01
-1.091158395938124359e-02
-6.235772560413659349e-01
-6.307021879135118470e-01
-5.031920265320423136e-01
-3.516983809225588065e+00
-9.893543986813042590e-01
-4.265816194439780995e-01
2.235986649167208407e-01
-1.905248025947323010e+00
1.679743322533842620e-01
-1.541741617381276130e+00
-6.892555251646392822e-01
7.732665572369441520e-01
-4.317204914771233804e-01
-3.028918327365873742e-01
-5.194048729758046212e-01
-1.939944881659259934e+00
7.594770817258277296e-01
-1.828904367358988647e+00
-1.186399587447834580e+00
-1.312929885298534938e+00
-9.612185243469571760e-02
1.046595231500842660e+00
5.697603587005802828e-01
9.580907122440563972e-01
-8.461689513605553659e-01
-1.748597821583805390e+00
-5.580043475949739706e-01
1.901044794209879318e-01
-1.030046096346513451e+00
1.091699452332207249e-01
-1.647404437947491695e-01
-2.278184505889638556e-01
2.734470523325403413e+00
3.099144555407224444e-01
1.378409846745095146e+00
3.532626152572474254e+00
-7.758452497255019509e-01
3.684869338448200082e-01
-8.264404667144565897e-01
4.882233747495215992e-01
-1.381023701995554465e+00
1.207463837959945330e-01
1.470128993824248331e+00
-6.251376215102105505e+00
-5.802283898079964031e-01
-2.535042598358671073e-01
6.597497115397767953e-01
-6.062171617166093318e-01
-1.746587335506764926e+00
-7.503582903279947258e-01
3.515225814498625923e-01
1.182458920070619923e+00
1.229982452462212272e+00
-3.359377179671844960e-02
8.532164424750039444e-01
1.321590097537236885e-01
-3.856624944468058924e-01
1.277095822263992486e-01
9.196120720088436784e-02
-1.096567769074012766e+00
-1.624458238496442997e+00
-2.195977330851570208e+00
-1.075655648068935544e-01
-4.435889649872100104e-01
-3.016151176966277991e-01
4.682335518897077775e-01
-3.954699318087870341e-01
-9.753262910710039368e-02
1.132587636357771377e+00
-2.252326329938803440e+00
-1.062089710139305199e+00
6.049749128890781480e-02
-8.245636018614515006e-01
3.003733629216939760e-01
4.044178972139350847e+00
5.780646427716408242e-01
1.595469464809518290e-01
1.342467424096459139e+00
-2.234182735036405187e+00
-3.714151631117508789e-01
-5.588206366525368118e-02
3.434060963296740043e-01
4.258487523802390040e-01
2.386812980383425098e-01
-8.062650706448223348e-01
-2.974269070835283024e+00
2.628806692903134401e+00
-2.690158835745154464e-01
-9.460631172483265905e-01
-6.100886495056795367e-01
-4.267405504576022857e-01
-1.595917821017189153e+00
-9.763394372530678766e-02
2.116562489427562976e+00
1.121087207197397628e+00
-1.780336410317987506e-01
3.268423961473089889e+00
-1.283837089566046696e+00
-1.950549188010492208e-01
2.752128275020119808e-01
-9.979397509897552920e-02
-3.833261459002864635e-01
9.997706811852192788e-01
7.143103941059762985e-01
-4.835585214849043578e-01
-1.185380686136789929e+00
2.262891817487647228e-01
-6.726333723593114211e-01
5.833904679058761644e+00
-6.847362729816119042e+00
-1.919955460247703694e-01
1.125047346724989739e+00
-1.183494691718758006e-02
3.083939924347839923e-01
-1.117838046613904707e-01
3.891190285076945865e-01
-3.538420161907933348e-02
6.571557078581308220e-01
5.859595268059882844e-01
2.107728596676900157e+00
8.337595421795365169e-01
1.395438521408313370e+00
7.885613153138022469e-01
1.545170610775582765e-01
3.200402415283567947e+00
6.024955653006023315e-01
-3.594693190951122608e-01
-5.865211715433725770e-01
3.993180004394719651e-01
-5.953683023141298492e-01
-1.391722244592291879e+00
-7.112229984842899366e-01
-1.239521064647747473e+00
1.470696983262937740e+00
4.346777193013474094e-01
1.126988495980369986e+00
-5.996576228631189664e-01
7.027533103120046920e-02
-1.020543593294998885e+00
-3.692451467768182449e-01
1.619061684004738044e+00
2.931910365862190337e-01
1.700848383623087434e+00
3.136102888965072166e-01
3.846090871910445852e-01
-6.959769097139861804e-01
-1.071060477092413477e+00
5.891022301114132720e-01
6.402415928281907087e-01
7.641941523446769136e-01
-4.513360413265947724e-01
-1.971389709530734669e+00
-9.739964558807058248e-01
-4.372404628409447547e+00
-2.357408429033637232e-01
5.766459720285497248e-01
-6.319871986623286642e-01
8.332779457191470396e-01
2.725433319834685619e+00
-6.604476281378001135e-01
-9.786779080141646547e-01
6.039124765771267667e-01
7.045886347880968570e-01
-6.953531250685945686e+00
-4.787794125889935914e-01
8.509652237379409234e-01
-1.219116007697750081e+00
9.413862156362431954e-02
8.064198370796774595e-01
-5.347499804820137204e-01
-1.038902245999837604e+00
-7.189632582546833239e-01
1.089523963904108328e+00
-1.282920550466790210e+00
1.585736831402227986e-01
-2.032269578420768663e-01
-6.677048364542444991e-01
-9.530365102116479248e-01
2.513230231905800416e+00
3.582276264212687078e-01
3.132258547784593228e-01
4.728138484122222929e-01
-8.312385545429611389e-01
2.904310329859494111e-02
-3.473316134884445461e+00
2.601638914271084069e+00
1.409047685518911797e+00
-1.413558966459987354e-01
1.987974068877867984e+00
7.441152509260716030e+00
8.128856630949007900e-02
5.344482133064111240e-01
-3.843811894187004530e+00
-9.009470797168950273e-01
4.714218193570639606e-03
1.435215913104985086e+00
-5.050186929790271284e-01
6.053409275468656148e+00
2.193212961822491036e-01
3.823530186279884280e-01
1.178933061560276385e-01
-1.956983280906359868e+00
-9.284446275459885545e-01
-1.622134520737153141e+00
6.557004696116813802e-01
-2.570636329979981705e-01
4.323613615978172398e+00
-6.082371128284159711e-01
-3.265875896932562417e-01
-4.054106324087680679e-01
2.227119250627219993e-02
-4.428177180653511402e-01
-2.631058174964218122e-01
-2.286990922774072121e+00
1.334437297100645292e+00
2.389794369720913414e-01
2.172733672947731454e-01
-1.994158538665735114e-01
2.558494213797665728e-01
-6.399563018958168703e-01
-1.811086647646991343e+00
1.204691629763567917e+00
-4.463263201375245459e-01
1.682253686364907797e+00
1.788778563953840883e-01
2.423078649529732509e+00
-3.839879098777741362e+00
6.734272185160156132e-02
3.583662078133083573e-01
6.834052407439307197e-01
1.952251090066385586e-01
5.288237948101450758e-01
-1.077896092717677945e+00
-7.907580980228470224e-01
-2.578783863121074660e+00
1.005767882971977167e+00
-2.433926818234867895e+00
-5.958604073921567323e-01
7.362938494640024478e-01
3.550482214997121438e-02
5.229139261476790645e-01
8.263556179498676713e-01
1.960311624192907776e-01
-9.194218741670452388e-01
-3.943837594704040495e-01
1.470589610089394483e+00
1.308546549782298341e+00
-1.545940304230193796e+00
-8.870430673376278330e-01
2.170582196891827076e-01
1.760291745149259457e-01
-1.426266214510433006e+00
6.696387181380039078e-01
2.771200645759624326e+00
-5.439326156866288731e-01
7.696207462850098713e-01
-1.307106776309277185e+00
-1.399284433017089491e-01
-6.285045399570423630e-01
-1.704470778454568514e+00
6.334877974585528815e-01
5.492025434236676995e-01
-2.450904480238331185e-01
3.665230664434296348e-01
-5.285060553009096607e-01
3.555812055820857243e-01
-1.617269050979575351e-01
2.763046055512178079e+00
-9.469859043490965744e-01
-2.134875043546859530e+00
-2.885889433466778953e-01
-1.761090949736886735e+00
4.193568768015175086e-01
-2.530133965497639512e-02
-8.267708642263232877e-01
-7.358052781874370174e-01
4.862772581662751503e-01
1.099861904603996798e+00
2.082761651759852395e-01
-6.618945808130899389e-01
1.112271720965062105e+00
1.112415293689215767e+00
-7.556910642949071777e-01
2.890923022110291618e-01
-7.899329404399410004e-01
-1.789868763056048140e+00
6.109051438106721105e-02
-2.022887132354611039e-01
-5.530666817683188574e-01
-3.177935700089653537e-01
3.023443199076781829e-01
-3.550782744391254298e-01
-2.079798421696136546e-01
-9.362002469398825744e-01
5.761602642181855582e-01
-6.200180887132586971e-01
5.522036830776005933e-01
-3.670023464429278182e+00
-1.292478829378936045e-01
-1.443375741083470776e-01
8.016079599615022477e-01
6.163775239917754778e-01
-2.397975029654689116e+00
3.803673395548064384e+00
3.342117565156785264e-02
4.220938078728678211e-01
-3.744712046298101171e+00
-7.144012537599310209e-01
-3.002395527587283230e-01
2.166030311053548374e+00
-1.766612390639453523e+00
-3.029583227382682153e+00
-8.693903589515070141e-02
2.163853676847844909e+00
-3.257763444817396437e+00
-3.349118122669393904e-01
-2.800466265507147057e+00
-1.692146740462092014e+00
8.439257034055646089e-01
6.125425832100733770e-01
2.741840431399271139e-01
-2.540171663865258278e-01
-2.524200195875764274e-01
2.057922663308495714e+00
1.110051313723543931e+00
-3.003258881903574373e-01
-2.036624748765331894e-01
2.389026814668595289e-01
-1.408369756091636289e-02
3.793999467214320132e-01
2.239803362953360022e+00
1.279189768174970787e+01
-1.462469069038366376e+00
1.539376359140112394e+00
-7.495918923458488869e-01
-3.891379479624147431e-01
8.027874404481483150e-02
-5.441053858733058135e+00
-3.713768144974486929e-01
-4.509689043539639730e-01
-4.634461137544337639e+00
-6.680905257503439998e-01
-8.252193022313780713e-02
1.496297198051254274e+00
7.039002871717389143e-01
-1.012471676698692979e+00
-4.005168550128331839e-01
4.077248911406046727e-01
-8.311303764427541152e-01
-1.282316195979129880e-01
1.056412527139207053e-01
-7.475635475145399056e-01
3.515286989607239732e-01
1.847385942229293976e+00
7.289868082403075378e-02
5.142793407614991708e-01
-2.382255174995949965e+00
4.228156670073950352e-01
5.041656196425234882e-01
1.568867828954264354e+00
1.843462908281848112e+00
-7.200755957773596894e-01
9.124919744713738678e-01
1.296320989380703059e+00
3.002303992921785403e-01
-2.320132887275528633e-01
3.740263561384772339e-01
-2.353851893887280777e+00
2.116346072071614515e+00
4.953065822644679428e-01
5.166931296519127192e-01
8.567216807796350364e-02
1.613642130948636511e-02
1.105750623513208852e+00
2.353941133117166462e+00
-3.582243575375412270e-01
-8.167678016474709535e-02
-2.028086051363924697e-02
-2.623595247882596571e+00
2.162848196865229777e+00
7.045184268480946255e-01
7.387631655766223604e-01
2.868499519602513495e-02
3.480876867608714842e-01
4.692862198229379167e-02
1.269109129985220408e+00
1.235936249765499984e+00
-2.582571773737920018e-01
-2.535814729301593129e-01
-6.339680040331756306e-02
-7.793102350950043000e-02
1.280977844624028528e+00
5.787287077495834042e-01
9.042253229000414283e-01
4.733682247453626091e-01
-3.180922961452763154e-02
-1.345576982329394600e+00
-2.363246855790242518e-01
4.042831942422642766e-01
-4.036341100826448702e+00
3.951566812303960674e+00
5.894703105746820215e-01
-5.281602646223380049e-01
-2.325972341170647606e-01
3.917605988317966470e-01
-1.751989624469217355e-01
3.945912970959683519e-01
-1.235880003618328393e+00
1.643650003694013817e+00
1.924602707368343602e-01
-7.788146962037975074e-01
-3.071803740023466844e-02
-3.481859272097712621e-01
9.477054804331127569e-01
-2.532972536383801265e-01
-2.314685116006389265e+00
-3.212877254872216204e-01
-9.757156615352088336e-01
-1.272881525141470460e+00
5.601964583598070258e-01
8.408480059865745815e-02
-2.546298155019564580e-01
3.955449150811515269e-01
9.076415573311525931e-01
1.229642119523661759e+00
-1.667652629137665432e+00
9.565473815268061841e-01
5.537450173194260472e-01
1.838522558959692299e+00
-1.887990354621635891e-01
-5.850829788153866229e-02
7.507759645917473357e-01
5.710021502725755038e-01
-3.357886534177939031e-01
7.020616745917989121e-01
-8.526859393163763734e-01
-1.394156413215744905e+00
-4.887025789704046552e+00
3.325585497682194414e-02
1.316793236745357421e+00
-4.278207645504817358e-01
4.400870682181752813e-01
-5.412892280775364329e-01
-2.294409615164506588e-01
1.121226916332363599e+00
4.478704291384407732e-01
2.151018240678863602e+00
-9.729499495080741467e-02
-7.182244479036582474e-01
6.737456864768995302e-03
8.658770745089081622e-01
-2.545923645831892901e-01
4.978160556090582833e-01
6.060800451640738912e-02
1.215674952554911259e-01
-6.001852585392880579e-01
-3.584543015097818586e-01
4.848423201634548541e-01
-2.432015430083958041e-01
-1.074871944910124888e-01
-2.082422878813284389e-02
1.052726116772716713e-01
-1.540762306009439087e+00
-7.959317112491103297e-01
2.018262695365754311e+00
9.074454869823235514e-02
-9.988829056021238106e-02
-3.046468548622606812e-02
1.352399557303320288e+00
-3.289369896324041420e-01
8.944124051476194381e-01
-2.618741695130768488e+00
-7.022636076097840130e-01
4.058657842890322498e-01
-8.774365658475806740e-01
-1.066462804256898211e+00
3.333633028118049985e-02
9.229832729724529727e-01
3.287685246767885427e+00
