6.881446502597977910e-02
-3.791191309337978155e-02
7.234920436926970400e-01
2.753211881493232704e-01
6.642026047981518244e-02
-1.822134939655542407e+00
6.261580789526488555e-01
-2.166281023433022646e-01
-3.756319796402833866e-01
-3.796139796534780952e-01
9.876287868364723443e-02
-1.466937148062416596e-01
-1.501113117474350001e-01
1.292359521844151926e+00
-4.837072707342325861e-01
-1.300628296573619613e-01
4.347032804082473501e-01
-3.537744651452680578e-01
5.372288556645155033e-01
2.665140505185314423e-01
1.019946801808509163e+00
1.322886076410499934e-01
-6.363171518016936812e-01
4.925852024343390090e-01
-5.881808589284936301e-02
-2.539764641282584723e+00
6.703205745173638208e-01
-8.002530513827245118e-01
-9.215932713963277401e-01
2.041232560567324938e+00
-2.135447143140935811e-01
-1.321209953406503670e-02
1.410199953341554568e+00
-1.712510431042657100e+00
1.823796952723073517e-01
2.023850108657424263e-01
-8.717753872265810999e-01
-3.793828087227492651e-01
-2.121946097749037863e-01
2.551087712850642064e-01
1.643654660581158472e-02
-1.558567869513385606e-01
2.363722141139277255e-01
2.278214909719290304e+00
4.602394131473674377e-01
-1.734253633021275443e+00
-2.286445402467642829e-01
-8.099118621494741932e-01
-1.524646872500778683e+00
8.370553993485760902e-01
-4.219600322802031123e+00
2.929121279539664835e-01
-7.212562620127083157e-01
2.550564170863152569e+00
-1.510323717588899939e+00
1.045012997174492725e-01
3.319125795358978670e-01
-2.673210798913142061e-01
-1.416831652248837559e+00
-1.060126892765489992e-01
3.167420330150405583e-01
-3.739640595366334752e-01
8.873369992827491171e-01
-1.468086979893272193e-01
-4.493789301525747404e-01
-9.307126558529190546e-04
-1.300142719758542675e+00
-7.326991766683232932e-01
-1.318776024205791764e+00
-1.686065869452355592e-01
7.027813946426237912e-01
7.218948998439851661e-02
8.898554954082016355e-01
-1.185322086166736844e+00
-1.687813240269556703e-01
-8.831051111295342704e-01
-8.224308135319189361e-01
4.497008518841126290e-01
-3.933919334446522864e-01
-1.306662131754563611e-02
-7.190413712910852517e-01
-4.022451495220507600e-01
5.645304062999963179e-02
-5.474197479572449065e-01
-1.570112667135945328e+00
5.228313201243219854e-01
8.706698121425756609e-01
-1.602301729228843563e-01
-1.175523872223393829e+00
5.345794422348925101e-01
-2.445663367905702490e+00
5.974969284313710327e-01
-1.217524984519551490e+00
2.254351106415377337e-01
-1.425229792615912983e+00
8.091935627560495892e-01
-3.763897630472012423e+00
8.406920546885102152e-02
-3.626530715391833581e-01
3.195453592891466243e-01
1.333926638479377702e-01
-4.973302834063136335e-01
-9.084710435903448067e-01
2.045119277671278157e-01
4.079208329293395607e-01
3.613538321864033231e-01
1.612667177832758814e+00
-1.145213867782824274e-01
4.263152512801817173e-01
-8.005550908889909056e-01
3.437845962870065830e-01
2.040734186329637989e+00
1.583255072868861246e+00
-1.745969737451033899e+00
4.229750334551476976e-01
-2.956167555067360508e-01
-5.914955638597386295e-02
-1.395496564980085175e-01
6.406434250629423621e-01
-6.763229856934721562e-01
7.135213209661399325e-02
5.137227571721173641e-02
3.332602638752751312e-01
3.253824776288848919e-01
-9.938110865286022833e-01
9.079481686594595979e-01
9.945637107605211080e-02
3.813905322151786570e-01
7.614433536135056801e-02
2.288501710350866247e+00
5.930661037968523175e-01
-1.918363367237716499e-01
2.052590595271785306e-02
3.175846493923468322e-02
2.096516229730776004e+00
-5.561730234380888316e-01
-8.767611377307714393e-02
-6.941222996269688084e-01
3.614405450032270206e+00
-1.340825559533305456e-03
4.523210039582088032e-02
-2.010384958569184921e-01
-4.891036600440416549e-01
5.252242249565172161e-01
-2.285428721633985472e+00
5.857542759636573670e+00
-9.148304756520033720e-01
-1.314652575166346538e-01
-6.124598763030860704e-01
-8.054789160307581630e-01
5.326755286510570508e-01
-4.756016274224392770e-01
-1.030213051585690959e-01
-8.798872701597942880e-01
-4.008498082129903217e-01
-1.447976317538199331e-01
-4.396933187039385182e-01
8.400642745559906699e-02
8.288676973909629986e-01
2.699502816566864194e+00
3.335102993536827598e-01
-4.727813095164599133e-01
5.454185512322052426e-02
-5.784674533049609380e-02
5.751820269775818062e-01
6.950684009029424182e-01
-1.136761756022785619e+00
-3.070612375134932903e-01
-3.258326647091293049e-01
4.294082683092093067e-01
4.465918565554125030e-02
1.169902926303955509e-01
-2.167929838820562005e-01
4.674909257553792608e-01
1.125241636524678013e+00
-4.523865535659347126e-01
4.376994925085248012e-01
-7.176009767350878255e-01
1.031701736301022798e+00
-2.953844233922539586e-01
-8.059618440758058444e-01
-3.508403541313184437e+00
-2.903110984178020049e-01
6.395211592360539044e-01
-1.886496995815132305e-01
-3.426920283600359274e-01
4.876316326846398264e-01
-4.158632457815385486e-01
2.323842590372497685e-01
-1.615959733072212801e-01
9.859064206132518715e-02
1.888209510808292468e-01
-1.165618545413041884e+00
2.572323293646227443e-02
-3.949576202410226555e-01
-4.363063528165664895e-01
-3.662320631526615466e-01
-2.951979590144211407e+00
-7.107547076573600409e-01
-3.877419131026213495e-01
3.107738753426658729e-01
-1.332600576520997171e+00
-9.672287597027348638e-02
-1.046772645291793591e+00
-7.628709324030957806e-01
6.173161990081932338e-01
-3.985044345306508751e-01
-5.692604204641927845e-01
-4.497384415918099787e-01
-1.135185724762404424e+00
6.335132463402428638e-01
-1.582707681354702967e+00
-1.338801131856833582e+00
-9.282727256492405710e-01
-2.570313875753945654e-01
1.217286770201284396e+00
3.809807825840170747e-01
1.047631463227814530e+00
-5.250363716822511462e-01
-1.579894680220475411e+00
-7.000468038264213710e-01
2.555443646867195939e-01
-1.002525659789837764e+00
7.182757276320235473e-02
-1.498724066851699899e-01
-1.994405492482166642e-02
2.264933591693515158e+00
4.960266986774599651e-01
1.152099776420295152e+00
2.921541214295079403e+00
-7.959294094666766739e-01
3.118459455540341652e-01
-5.395904492230629845e-01
3.707904015179868673e-01
-1.047827491248293441e+00
7.148048945025775591e-02
1.198053831918909795e+00
-5.712583512547052322e+00
-7.898794131356009496e-01
-5.512304459313839278e-01
5.559218541212520570e-01
-4.192163741035133673e-01
-1.387113170556331321e+00
-6.648777474110817431e-01
-2.826932955655650850e-02
8.759091960720821746e-01
8.574767767585265155e-01
-8.722953495396064405e-02
7.289465295009671664e-01
5.274199171915419093e-01
-2.071594755546156685e-01
5.068692704763633899e-02
1.316474440524525447e-01
-6.108298649797921920e-01
-8.988033435239374258e-01
-1.810799329767968979e+00
-2.383344966032870382e-01
-3.218346270859457348e-01
-1.926160526700582132e-01
3.747467107483500315e-01
-4.728538783316106331e-01
-4.495632513934668534e-02
5.008847179252220450e-01
-1.604112176412875401e+00
-8.289679081288900964e-01
8.128998413694016323e-02
-6.914977286617730590e-01
1.706938944684336934e-01
3.125099416895916971e+00
3.232618821509665175e-01
4.091968696117416204e-01
7.921385270273514356e-01
-1.780436974812874329e+00
-8.368970151679491765e-03
-3.645643065079225420e-01
1.811824462589672335e-01
4.997346782742849713e-01
-1.677664771656940113e-01
-7.116292812957440983e-01
-2.584196716820793327e+00
2.274461292090702358e+00
-9.399699924411631519e-03
-8.199595499692274858e-01
-6.540399070011810867e-01
-2.128454578160664246e-01
-1.402702916726596527e+00
-1.311382759858319702e-01
1.651663032055095792e+00
1.088896829974064229e+00
-4.259824578705901366e-01
3.127541426811152991e+00
-1.001260542216741101e+00
-4.127194363443602021e-01
3.662126826734444229e-01
-5.810653417091352080e-02
-3.398736319035078335e-01
7.351982733332873554e-01
1.475283961392498955e-01
-4.620624992070821446e-01
-1.203286507039595277e+00
8.309751164509024401e-02
-6.123297698686300805e-01
4.372941014292662132e+00
-5.286986937735504988e+00
-1.977475275572214697e-01
7.191759119399107059e-01
1.024969958548404420e-03
2.648075779757628201e-01
-6.956951103306099199e-03
4.017635640770945149e-01
1.079763015359374717e-01
7.875081271218327128e-01
4.890498745492232180e-01
1.544306553780138813e+00
5.903699083097916356e-01
1.067651742256768843e+00
4.341814779008504321e-01
6.058441892247755367e-02
2.529560451374858410e+00
7.298327141172021859e-01
-9.738364487777659284e-02
4.592871772411828979e-01
2.895622465369280252e-01
-5.552576556753611170e-01
-1.913535055588108991e+00
-5.202124031581333297e-01
-6.347549458771217790e-01
-1.245656290354459683e+00
3.626953756958144481e-01
8.486929115979349181e-01
-6.600890303772820600e-01
2.643826110286299214e-01
-9.788414075290106098e-01
-3.120517696351199355e-01
1.277004000544115447e+00
3.251095717691784293e-01
1.391986715719404799e+00
3.883528679965255193e-01
8.668181271552585776e-02
-4.333708806418116732e-01
-8.383899809964781014e-01
5.573404280157936430e-01
3.254235797696390931e-01
7.211305706918526015e-01
-3.972846525913105720e-01
-1.441294501048038912e+00
-1.005557694917925238e+00
-2.798635475245828008e+00
1.905729395087991107e-01
5.243417590986065857e-01
-3.213199142156583088e-01
4.423426627281741297e-01
1.352648071064117774e+00
-4.509913258407844960e-01
-4.402786136469103440e-01
4.751387729132501847e-01
6.003068007253024030e-01
-5.063993435998426662e+00
-4.055669432380228367e-01
7.813980810515978037e-01
-8.794551505322970586e-01
3.997067844678507953e-01
7.636025866606384049e-01
-4.156014601657991303e-01
-7.327323940183334550e-01
-5.984174705433839003e-01
7.660929570384011900e-01
-9.376759743868153807e-01
2.132780354083967100e-01
3.342668641374342553e-02
-5.867840619322982620e-01
-7.818756890389026992e-01
2.410643759934755437e+00
2.972325438767681738e-01
2.785720166133484055e-01
2.813406170668821815e-01
-3.453587384311261888e-01
5.826571462826985598e-02
-3.958638239756628430e+00
1.036213507417408586e+00
8.697187577482902165e-01
-1.850868121238991304e-01
1.706238281444485638e+00
5.882523319097590964e+00
-3.970834878889700076e-02
7.255161509023733135e-02
-3.539219407567623765e+00
-6.744651693143441928e-01
-4.842933976313943956e-01
8.351081683821518498e-01
-2.902369340996671654e-01
5.659676715089155152e+00
1.060194008143219152e-01
1.505766958500216746e-01
1.395706809872645227e-01
-1.668576465500345885e+00
-7.058234458097211173e-01
-1.047971057348228818e+00
3.009378249163882635e-01
4.816259782332898282e-02
3.533286539714896257e+00
-6.173992671676398203e-01
-2.760214043012673146e-01
-3.373302866911302988e-01
3.156562935762734223e-02
-2.768906538518711713e-01
-3.123588113284824774e-01
-1.545293642857373806e+00
9.133858958347832457e-01
1.302957316824879808e-01
2.410321316200779718e-01
-2.333207427474203177e-01
2.195756856146151847e-01
-6.395711222144614405e-01
-1.533304406493387173e+00
8.914621400523399242e-01
-1.719231534417006435e-01
1.471646839786494132e+00
5.019391645397561774e-01
2.562962853061689028e+00
-3.007408181019162186e+00
2.271567927381593077e-02
2.219021182627201605e-01
5.005740433316389071e-01
1.130434881611899478e-01
2.823648090085532636e-01
-1.113048343066242563e+00
-6.426117464041883887e-01
-2.370025092447265003e+00
8.546482361144909223e-01
-2.001689849888671269e+00
-4.259005016154923107e-01
5.842743285106591911e-01
2.627411653226073562e-03
4.596856176833516439e-01
5.126769960896775391e-01
-7.792299141454855915e-02
-9.236945884610764379e-01
-4.967572253301593688e-01
1.131701354120592473e+00
5.086122167999558297e-01
-1.119221371631344386e+00
-5.926387432931677912e-01
1.331064828621316143e-01
2.429701651310128829e-02
-5.950332732778119693e-01
5.217548144830528312e-01
2.511211898965367340e+00
-3.524278048315002687e-01
8.485724377135502872e-01
-1.090762944722098782e+00
-8.262258987446090275e-02
-8.020074410971748113e-01
-8.362164277034210835e-01
5.639226404038332197e-01
3.687509939535104642e-01
-2.317759820291833694e-01
1.912224046760173379e-01
-3.221874005166590615e-01
2.790759256082957496e-01
-2.326062166096758144e-02
1.332559411863661669e+00
-7.436558524047715002e-01
-1.785848483614869364e+00
-2.048216991664089937e-01
-1.294998539972449514e+00
1.173105689558935072e-01
1.596417267008244656e-02
-4.806653357731636156e-01
-2.533519999571615666e-01
-6.238658251496823591e-03
6.549536002945041124e-01
-1.824004944748841561e-01
-3.812401029442517575e-01
1.030697224246187149e+00
1.026506482526193809e+00
-8.873283254207426918e-01
1.209677370766551602e-01
-8.197553738753875496e-01
-1.149504973878039182e+00
5.361511204053269301e-03
-2.102287946168315269e-01
-3.180617292470835356e-01
-2.563965987046246675e-01
3.022231153422968997e-01
-3.797103261738922764e-01
-1.915103493149762914e-01
-1.510366154684891882e+00
8.868780283260885300e-02
-6.827410602690882069e-01
2.543444576147290137e-01
-2.562106541453498476e+00
-1.709520655627127239e-01
-3.301071248268546560e-02
5.904341781692481472e-01
8.875762523709799234e-01
-1.621618811013762151e+00
3.569814852593645949e+00
-1.137655698742620625e-01
-1.255911862704382209e-01
-2.980489614409508548e+00
-4.417980270009894683e-01
-1.991076317541957963e-01
1.713060356262696482e+00
-1.696090101416839024e+00
-1.891685961855179121e+00
-5.305231832001307268e-02
1.740686988031207028e+00
-3.184657325041534648e+00
-4.395028238002132714e-01
-2.141214984215091821e+00
-1.386681499271563922e+00
8.072382980778307626e-01
2.133843530852332637e-01
3.184727253769741306e-01
-1.524718802946224416e-01
-3.962166124124228972e-01
1.540127147098051097e+00
9.048861827013026105e-01
-2.707738855886808738e-01
9.241340650791653177e-02
2.434954942677683420e-01
6.829614342805151450e-02
4.362203111717311010e-01
1.660726057248758547e+00
9.770232075860800336e+00
-1.220701894916695229e+00
1.151194145853696726e+00
-6.688086684068504928e-01
-3.478013124493241626e-01
9.994681869465038559e-02
-4.453546162269445219e+00
-3.512857811997096014e-01
-3.703112677240987249e-01
-2.430183897176412700e+00
-4.454458770372181631e-01
-7.932357943648460363e-02
1.021940326972971214e+00
3.696241952092655936e-01
-1.169501287662046973e+00
-6.527758963606444809e-01
4.194369304195809112e-01
-5.222732245984446076e-01
-2.156214019945180416e-01
-8.326647393820153786e-02
-6.724293504255369758e-01
3.270782890302093571e-01
1.237469547987418705e+00
-4.499168567971800065e-02
6.783481321574711398e-01
-2.330568246539482580e+00
1.387841544174926445e-01
1.869365443015221506e-01
1.270125670030892273e+00
1.403671493933011050e+00
-3.260150170133820913e-01
5.278228475819283227e-01
1.159373954827859876e+00
4.735430914379162859e-01
-1.070177671792488100e-01
3.571064263817769202e-01
-1.770335502313823417e+00
1.568407286597385042e+00
2.841653375015384397e-01
3.918488168684400863e-01
7.324237161356853543e-01
-1.319407121178214071e-01
5.920825795748143605e-01
1.481249455236863355e+00
-2.774084785483061921e-01
-2.292013781457555299e-01
-4.480022490825396123e-03
-2.129831051577515399e+00
1.902887680656788483e+00
6.313414899230881394e-01
4.335434157789161969e-01
-8.441120213895869639e-02
4.463824903338008410e-01
-1.906648311671807136e-02
8.014881785492328214e-01
1.000835699649037513e+00
-2.399406819285629933e-01
-2.999342452659562452e-01
-5.283321074987563232e-02
-2.580802135597696223e-01
2.447630771192658705e-01
6.770615347390132044e-01
9.092725112874624482e-01
4.963626545723308081e-01
1.075702107309816746e+00
-1.238564725502958819e+00
-2.090706359470345110e-01
3.818378485171446957e-01
-3.433443892085214166e+00
2.791684982480118649e+00
3.114395817032796221e-01
-4.057210283460241929e-01
-3.432316462349033204e-01
1.322312311440272170e+00
-3.956011789258135902e-01
7.752307052407936272e-01
-9.916280665800774052e-01
1.071295783068372476e+00
1.477774794572061789e-01
-6.785727372005733171e-01
1.696505362087860624e-02
-4.135383317643669399e-01
7.650936045998215640e-01
-5.263692030384545945e-03
-1.808167705976936990e+00
-1.835395941687902599e-01
-9.220871162268829968e-01
-5.658744129756796415e-01
6.576478470592475034e-01
1.312829213890763791e-01
-1.977278972707982030e-01
4.131949812074806744e-02
7.211030124783937012e-01
8.478609895645006223e-01
-1.313144651123363982e+00
5.963023883322706720e-01
3.944249876654951636e-01
1.323331535084371069e+00
-2.088005869611616327e-01
-3.988181544022097458e-01
7.608001189475271930e-01
4.450748957162078967e-01
-4.174382032764129696e-02
6.907433144689253401e-01
-4.607339957857938262e-01
-8.788146092665642950e-01
-4.278008682699010023e+00
-1.072923101826952358e-01
8.870273672479731530e-01
-3.412148483555084710e-01
1.065202308928236835e-01
-4.740162791216362415e-01
-2.973299122198138078e-01
6.177502070941207624e-01
4.160749936470530264e-01
1.892852612596754414e+00
-5.208633972727973183e-02
-6.161431164178515774e-01
2.862447864865753921e-02
6.108760615367934133e-01
-1.814155191243713161e-01
2.675736849322176147e-01
8.991736722377206836e-02
1.662073014886083500e-01
-4.999534745596403429e-01
-3.083722788625150035e-01
3.848085388819901809e-01
-1.594055880678471593e-01
-4.346498768398611712e-01
1.482511759868309631e-01
1.082499739005964995e-01
-8.739277745865507985e-01
-5.026279309015375674e-01
1.367951871587858914e+00
-3.640018447416916436e-02
-8.241063111340911351e-02
-2.514125273017718820e-01
1.088961327329285078e+00
-9.347681044779442006e-02
9.440389171459590001e-01
-1.966941638603378228e+00
-5.943984899791143750e-01
1.692786400571313354e-01
-1.106035638644528030e+00
-8.561621781957168276e-01
-7.614551425737796364e-02
7.294167455521004539e-01
2.442815724302229707e+00
