-1.893359397491894969e-02
-9.289890585889347407e-02
1.034512744326508971e+00
2.430948881251295546e-01
7.711684177562955211e-02
-1.823694445809317166e+00
3.205872393589527247e-01
1.253378722590794137e-01
6.426074035096998038e-01
-1.046237880549429899e+00
7.316915383558285635e-01
7.319628892725474345e-02
8.415735725805617573e-02
9.814777783035193437e-01
-5.809478078980230276e-01
-1.268146067743776417e-01
-3.865044712288175921e-01
-4.105839162926790409e-01
6.611539978367892978e-01
3.766078533461885147e-01
1.381207340666209760e+00
4.391325991155307640e-01
8.696590874811969130e-01
5.550066360440411017e-01
-3.348087896543046060e-01
-2.550611416087140260e+00
4.923908932754026413e-01
-1.471930763118313168e+00
-9.522584777533474876e-01
-5.863002710821008101e-02
-5.267467359390441001e-02
-6.147414449982686879e-02
1.354505458367845749e+00
-2.728464780698523384e+00
9.444993796966352773e-02
4.145741482805742617e-01
-5.910285297403991001e-01
-2.110869519655654558e-01
-2.582972996900593787e-01
-2.955475962580510485e-01
-2.562176084664353204e-01
-1.801075807072149426e-01
1.621166391483812030e-01
1.693835213305034060e+00
1.029365725642027662e+00
-1.338454291215515735e+00
-9.915759027084168620e-02
-6.949788776078136276e-02
-2.333006180213439418e+00
1.162669578062541342e+00
-1.468145508187671977e+00
2.715185678878403452e-01
-8.446076473594511524e-01
4.213114903638015996e+00
-1.743381305982586449e+00
1.731199441949082540e-01
2.794581382164807448e-01
-2.049996852279811210e-01
-4.524051717983966769e-01
-8.263649090597552371e-02
2.745451015618305401e-02
-4.660668768338807610e-01
-3.279001764490341309e-02
-2.820490902839266067e-01
-6.774365988614616807e-02
3.243087551922889666e-01
-4.643858399079748844e-01
-6.496818235481315318e-01
-1.146626135095513366e+00
-6.123307157140160939e-01
6.351266721435825380e-01
-3.043842277926946394e-01
4.830641691291588380e-01
-1.029429247134054037e+00
-3.613052081378400060e-01
-9.530746498658749788e-01
-1.330943033554718546e+00
-4.177273642458416703e-01
-7.790252324012117979e-01
1.578064718567219749e-01
-6.021595106832389188e-01
8.964783390039086086e-01
2.476722908251333122e-01
-4.483734741945640256e-01
-1.375246626879422118e+00
4.767882132238165926e-03
9.487802081251417441e-01
-3.339741656351100096e-01
4.037305471072241136e-01
3.560530570652399973e+00
-2.472984601394427440e+00
8.450679746830991323e-01
-1.189282607349891219e+00
3.013404948370638006e-02
-1.909973013573782241e+00
9.061673001121004489e-01
-2.625672975593333014e+00
-4.893434242525782074e-02
1.046127000302332632e-01
3.772302998513715755e-01
-5.821751602682075782e-02
-3.027528311251990178e-01
-1.617344204567588317e+00
1.982963359958031802e-01
5.371623239076309675e-01
1.208517712315229087e+00
1.382934367000408837e+00
-8.068387470880157564e-02
1.564370676735312160e-01
-1.414499582444002534e+00
-4.298408081581492901e-01
7.792085618456385809e-01
1.167386886579191208e+00
-1.753447076616349687e+00
4.350541399569242129e-01
-9.759845911657204498e-01
7.593796570214093877e-02
-1.509792404876180161e-01
5.216537233258207173e-01
2.466541981981185128e+00
-1.530179649793027008e-01
4.370383259556624989e-01
7.102477210268383079e-01
2.663005448213259241e-01
-1.074686833222292526e+00
1.092267190132490295e+00
2.467861984529822195e-01
7.355757914315819157e-01
1.262256082678377966e-01
2.350875904277441197e+00
2.347310128368670146e+00
-3.264836595863190305e-01
6.189700672607657134e-02
7.621317523990362996e-01
2.067286338364831888e+00
-5.979903254249352429e-01
-3.839016841608781649e-01
-4.698769102494838590e-01
3.902529290183364807e+00
-6.173146788082886638e-02
8.496487246688735895e-02
-4.039324298027775484e-01
3.771436460300687799e-01
2.582661928323093381e-01
-1.163075186135846373e+00
4.919237247816298897e+00
6.312835653087756071e-02
-5.659525616698413142e-03
-4.989830351690808796e-01
-9.414352490172698262e-01
1.106085357988295215e+00
-3.418178936811748780e-01
-1.842385855890802393e+00
-6.908268762467515423e-01
-4.567509715410932314e-01
-9.976951727671640180e-02
3.045584396266181812e-02
8.466477362764400494e-02
8.647979102310296984e-01
2.121769748596726846e+00
3.886172857358567989e-01
-9.913142023172940576e-01
4.714023652076836379e-01
1.242456243765479584e+00
4.499624906989974082e-01
9.589451069983383480e-01
-3.582910751506876434e-01
-2.697377330403089024e-01
-1.301553393028629657e-01
3.716115720072991624e-01
3.822894083864760706e-01
-2.571442528977426201e-01
-9.757920860233201821e-02
5.451758248729976497e-01
5.230767050395690454e-01
-4.045334504063115566e-01
2.902532728909129611e-01
-1.004741946341659364e+00
1.175660468601102959e+00
-1.043091182374561221e+00
-1.257507668312657589e+00
-3.378803356290372317e+00
-1.224985324094774342e+00
1.358367303269063520e+00
-3.482890770326446117e-01
-5.782836518194098829e-01
1.382155358742475082e-01
-4.105017975917091833e-01
1.822476961196439205e-01
5.096636767113617295e-03
1.448904438053417454e-01
-2.479045299529429314e-01
-1.709841195942616299e+00
5.815759833233841158e-01
-5.436301750788111731e-01
-3.514791703033887105e-02
-4.310721934319627913e-01
-1.882153270731990569e+00
-5.367301092002250140e-01
-3.897301425290372046e-01
5.315206292076648520e-01
-1.252660196984467733e+00
3.250713420739461679e+00
-8.044533564804154935e-01
9.031620917553359051e-01
6.964863846192934638e-01
-4.142564693237101858e-01
-2.127952041759530177e-01
-6.020609386844211208e-01
-4.522264965125499359e+00
1.494295901179587993e+00
-1.400941062953152905e+00
-1.146767981132377212e+00
-1.011085077961742185e+00
-2.019682747782722554e-01
8.745613146496472590e-01
5.263690199942752113e-01
1.416494767220394912e+00
-2.960357268829185706e-01
-1.559349359780487276e+00
-8.755876259056583066e-01
4.188754667310408131e-01
-9.915218723453749217e-01
9.466596994670489762e-02
-8.864730298970391331e-03
-4.652206904624477390e-01
2.311528361938640863e+00
7.548851316071902851e-01
1.039395984167735376e+00
2.921866031055738944e+00
-2.307467752737468736e-01
8.420069420758361511e-01
-3.548618274519957927e-01
-2.393431484049990399e-02
-1.309578755096462599e+00
-5.307077794532552573e-02
4.944204024803686703e-01
-4.791097292620592363e+00
-4.992150404655866791e-01
-2.537304306843588542e-01
5.619213049867224363e-01
-4.109372712659202787e-01
-1.237135411576633537e+00
-7.710781031990883161e-01
6.223222733534278933e-02
6.840494000803516439e-01
9.839243552443638352e-01
-5.461233702934155387e-02
2.731704583212412607e-01
5.753087712064623993e-01
-1.322260104500763700e-01
1.181533456484341604e-01
-6.546295169739384245e-02
-3.679882584005228496e-01
-6.337721191519568587e-01
-1.395620979553616525e+00
-2.330882541454725176e-01
-3.534246110702887744e-01
8.812103414358469777e-01
3.775017617268983106e-01
-1.410512112051525713e-01
4.935530151807726029e-01
-5.330622664349781159e-01
-2.601134410181130008e+00
-1.145989889918649363e-01
1.766620024802119659e-01
-7.074875157760208699e-01
2.718949551351401706e-01
3.455671564155801789e+00
1.879348641885704718e-01
3.110738748640016760e-01
1.666768152533890657e-01
-1.591772991674842874e+00
-8.131247335802919141e-01
-1.592457003617943900e-01
2.229606370257892212e-01
3.685029552106553474e-01
-2.062971409650091459e-01
-4.950053577027377916e-01
-1.513554482179974014e+00
5.236063453300367598e+00
5.047863773873700888e-03
-7.746161375429313489e-01
-5.730536520917871579e-01
-4.620218879775184750e-01
5.316353869496159845e-02
1.817384967448310573e-01
1.726029869266606287e+00
-2.599518260863631358e+00
2.202329203025375493e-01
2.822972623560925154e+00
-1.327752602398280413e+00
-3.869754010735840244e-01
4.996130069155866327e-01
-5.752456455242835887e-01
-2.240832014500869107e+00
3.287292083898853967e+00
-3.818121124138873501e-01
-7.176288613819610251e-01
-1.046462979415199834e+00
1.086053966473583543e-01
-4.471528301995940646e-01
5.219088416624947158e+00
-4.758242944914618633e+00
-5.349239290738133645e-01
1.673247624183696880e+00
-7.505350886994892612e-01
3.002093082589503137e-01
-4.334646257817298398e-02
3.626172195136455056e-01
1.652317353840559444e-01
1.108787869599400677e+00
3.433050766574293755e-01
1.017950175746326291e+00
9.848532944671417599e-02
1.131592706903916667e+00
5.627509226943898657e-01
7.533103251475760376e-02
2.395716804955515755e+00
4.149917508256145693e-01
4.262401211136800927e-01
3.247634573641155487e-01
1.268170911597813477e+00
-7.227830256789662400e-01
-1.771258528221445694e+00
9.620671313952036119e-01
-8.063815647775878226e-01
-7.983137651671692314e-01
2.775467998565397387e-01
9.605572586310371364e-01
-5.429550994650169660e-01
4.844724012900847310e-01
-2.690440662160448415e+00
-4.800163511390078686e-01
1.184868307546439903e+00
1.678278270058314592e-01
1.574347824118140338e+00
2.641953230022427435e-01
-3.783798130024733641e-01
-4.031137215038160804e-01
-9.336948467064464241e-01
5.075342002267612118e-01
4.473829806873608206e-03
1.871228636429846048e+00
-3.909636122063173125e-01
-2.269308658098452725e+00
-1.012285097236014675e+00
-2.652186536586580878e+00
2.100307181594013306e-02
5.396117804608323576e-01
-1.558332308332136984e+00
2.952905838538172345e-01
3.481169717448440171e-01
-3.701478214393286725e-01
-1.725204317107194296e-01
8.008407992982702339e-02
5.450491219256946573e-01
-4.406831063616044375e+00
-1.631492709503195304e-01
7.386442155005256138e-01
-1.066781421810567121e+00
4.843459947826316281e-01
5.529478934748990326e-01
-2.668630978990845781e-01
-3.995466643328013934e-01
-7.147109981263306544e-01
6.922934224303447515e-01
-4.358536046573154854e-01
-1.128825070577738066e-02
1.443780370953814118e-01
-6.216922567025778834e-01
-1.133763643695069545e+00
2.289159141573812395e+00
4.090694107693369497e-01
3.628262010304712515e-01
3.799806736897562986e-01
-1.647842615242536279e-01
2.937428127615749340e-01
-2.435628253190892600e+00
9.941847805955070783e-01
9.347173968271463851e-01
-2.601662882825663270e-01
2.147100476428298599e+00
4.492579361169997121e+00
1.836787849920435978e-01
1.320813460289539665e-02
-2.912614145594466741e+00
-6.244190366093582689e-01
9.443276801836414380e-02
1.395258160293442184e-01
-3.397190521458257062e-01
5.562149569978717345e+00
3.134954788001823589e-01
7.131648594011143205e-02
-2.280094745371566423e-02
-1.369635584985234633e+00
-9.145596163481188867e-01
-9.208919598028258990e-01
1.190533962473128704e-01
-1.687228425132955567e-01
3.535739353812067609e+00
-3.008138469785334723e-01
-5.679233218066820355e-01
-3.108776890766675183e-01
8.754321683123444942e-02
-1.525345889958064083e-01
-2.342616138026724637e-01
-2.275345678114218728e+00
8.823990230808577140e-01
-7.257568348118487167e-02
-1.031102795109505088e+00
-2.235988814021518389e-01
3.198517009516969045e-01
-9.159089094325456593e-01
-5.006142981655722357e-01
1.470768124445712477e+00
-5.323962055033327756e-01
1.665421339079029117e+00
8.637086574063324029e-02
3.067030910305322600e+00
-3.162502953303207853e+00
6.150325547022511552e-02
6.523376523076382938e-01
-4.711616240379254417e-01
-3.960731255667063189e-02
5.890354419215926285e-02
-8.185319591223495506e-01
-5.668041743341648564e-01
-1.289844470945808341e+00
5.150054545414650686e-01
-1.834003439662590385e+00
3.976773362057561823e-01
4.955008434550440266e-01
-2.642417079632374266e-01
7.905172604873536013e-01
6.952854333783519136e-01
1.946828450833076318e-01
-4.544818251339824977e-01
-1.421557905209659967e-01
1.039414348762494944e+00
2.412322237023922789e+00
-1.487532938209718214e+00
-5.307222284909263177e-01
1.005148789663740105e-01
4.958422984452559579e-02
-1.338256061913657202e+00
5.154995232575702024e-01
2.100601151479887907e+00
-1.985517752878055986e-01
9.971421569355090053e-01
-1.692339964481753611e+00
-1.139222421964845577e-01
-4.039493396787157686e-01
-1.407093974179422835e+00
6.190117921034196113e-01
3.088665983032777285e-01
3.952243075055357213e-01
-2.480463516982185090e-01
-6.657358408677992445e-01
1.130341702931953796e+00
-4.942122629786666055e-01
1.691744351969655114e+00
-5.810049307536158114e-01
-3.126103948891349127e+00
-2.532304453988816206e-01
-1.407999721818236516e+00
2.726364575519429900e-01
1.506015383425071963e-01
-3.745190407912092345e-01
-2.699625784208305457e-01
3.014053685327404142e-01
4.265618782436084166e-01
4.347762080273015473e-01
-2.349382752770359795e-02
1.117341406394904313e+00
1.198502994380719500e+00
-1.171324803237210999e+00
8.031814503256108628e-02
-7.907007370916944167e-01
-2.155545615478724919e+00
1.420572461870426434e-02
-5.601373333716166414e-01
-4.376099990540222584e-01
-2.242173346235252218e-01
3.494061325437639809e+00
-2.463277524840201405e-01
4.264402680717961636e-02
-1.441341064200380107e+00
2.981573995323528736e-01
-1.132496896907432049e+00
-1.220378637368860486e-01
-3.305838063789243719e+00
-3.482351503897696543e-01
-1.183355510186764881e-01
6.153855677430745130e-01
1.671027120186598380e-01
-1.085202581328606142e+00
3.457944104031318133e+00
-1.246192550782793673e-01
-2.766135856136235360e-01
-4.870565541391764341e+00
-4.768816607164125809e-01
-2.737842063306962226e-01
1.414478455948423807e+00
-1.875009464509059587e+00
-2.193012073918757743e+00
-8.736306512490660259e-02
1.619314001047214235e+00
-3.286881288449259308e+00
-2.828040768528971016e-01
-2.114084590852231660e+00
-3.366401705030642733e-01
8.240759899357213980e-01
1.085785116164056652e-01
4.826859575198495511e-01
1.333452565384520283e-01
-3.421607728332213827e-01
1.841361799259134679e+00
9.505508197710408336e-01
-3.246792189393060135e-01
8.633306727610835785e-02
4.345491460659786642e-01
-1.684098329649273695e-02
7.906476271991917937e-01
1.989060800519629302e+00
1.045243446427021894e+01
-1.241925518588071320e+00
1.242813980436501264e+00
-1.623439431841977587e-01
2.070182976766442362e+00
-8.118959813232934364e-04
-4.125348932445730199e+00
-2.560075928761931796e-02
-4.550885466881940400e-01
-2.472704524166776441e+00
4.320700326842088490e-01
4.603649293643560791e-02
1.242035210294794023e+00
1.340769387911295851e-01
-5.767522894384358167e-01
-5.033471804242396486e-01
3.974433030069662864e-01
-2.731158340493218262e-01
5.390295496572021783e-01
3.732496655471959079e-01
-8.253373316798847670e-01
2.725529528358616727e-01
1.801572292188971414e+00
6.365041775061649476e-01
1.376627189638308657e-01
-2.362604790214878125e+00
-4.779354081645395547e-01
-4.443073174705751693e-01
1.580380937895353055e+00
1.726542971688815653e+00
-4.761582053231486755e-01
6.556699193020152361e-01
1.052788980258781759e+00
4.707908034384923890e-01
-1.049500339324607318e-01
8.791773836701775036e-01
-1.585971406468839273e+00
1.709044746731614106e+00
3.841606119733265157e-01
7.159590383176116513e-01
7.880316356729588634e-01
-2.930380721466932514e-01
8.215194817120909931e-01
1.197061964704720483e+00
-1.591292987835203898e-01
-1.500161667159826795e+00
-1.509750723139170192e-01
-1.707404353987314050e+00
2.456164253038028100e+00
8.883836076423752282e-01
7.652531996633153977e-01
-1.308213727535985083e-01
5.728510671232798224e-01
5.227605158014014819e+00
2.192522333254778300e+00
1.815385437141384006e+00
-2.008812022248278595e-01
-2.959746605270026087e-01
-4.962280688603216139e-01
4.313069267817298824e-02
-5.209596000020420004e-01
-1.137269777477608601e-01
8.071361852407259452e-01
7.993893354708364596e-01
-1.418029096881618933e-01
-1.078584318523838181e+00
-2.376302498849072742e-01
6.511997404838020254e-01
-3.093307843485172182e+00
2.946757276614186960e+00
6.775906746133555369e-01
-3.206376439948743773e-01
-4.050337400668049259e-01
9.273724642563077047e-01
-1.163258143938290079e+00
6.317668836533137933e-01
-9.686842665841272071e-01
3.628456421400660048e+00
1.800712842163177119e-01
-1.089620565510562411e+00
-8.558656097889325021e-02
-4.685643785477755507e-02
1.581803702283603341e+00
3.100331399347025507e-01
-1.627515783377749159e+00
1.450945014304018399e-03
-2.364698589337551615e-01
-1.120559443030424651e+00
1.396423470520237853e+00
3.159793998941801130e-02
-1.494177578131360151e-01
1.841876219269731330e-01
7.086831856381387018e-01
4.921858696096348407e-01
-1.337323785366169693e+00
6.019549799665980805e-01
4.954088957395342274e-01
1.254026801316671103e+00
-1.871192664826216434e-01
-3.341584750693026851e-01
7.595010081680482195e-01
3.731544230406110274e-01
-3.969532899237807055e-01
1.493482185200120327e+00
-2.443246254732793221e-01
-1.447789721560369669e-01
-4.158929443831878459e+00
-7.635363037532576502e-01
1.162738357009534651e+00
-5.476590006894248575e-01
1.889870460752428039e-01
-3.670076024967282580e-01
-1.039238112622791865e+00
-5.493597069519584597e-02
1.399316582551433541e+00
1.847997464910589471e+00
-2.262021017132634926e-01
-4.760531838620059020e-01
3.342794163708652788e-01
7.292492426074408396e-01
2.055989229845983091e-01
1.059059496507963050e-01
5.868428314133359303e-01
1.920956543037818098e-01
-3.696154463434434545e-01
-9.276351982227434290e-01
3.775518055281643637e-01
2.453436183997051434e-01
-6.822399501852273451e-02
1.891207496956787415e-01
2.327553320280735805e-01
-8.247753757359669313e-01
-4.631458922067233086e-01
1.508481521605218756e+00
-9.037277832127299515e-02
1.023223677911683227e+00
-8.935037006426588269e-03
1.193733684719550769e+00
-8.800929637249836623e-02
1.768471674603521171e-01
-1.439950566900918050e+00
-5.094730481712373971e-01
-4.899171080271405576e-02
-8.908412522034467873e-01
-6.982870509528347203e-01
-1.386595172707191237e-01
9.440358951170637614e-01
2.159453152574830170e+00
