2.715813862585458871e-01
-1.045295187532081088e-02
8.866435519517565922e-01
1.405087783465559237e-01
-1.875673284868704938e-01
-1.877842945009348563e+00
6.584685767112642418e-01
-4.604184213558081273e-01
-1.978662464425907930e-01
-5.197525052584153205e-01
1.244260134310755661e-01
6.822492588760451504e-01
3.743537830920031229e-01
1.461388327617428651e+00
-5.022851959592157245e-01
-2.334144782439404320e-01
9.323216390998783076e-01
-1.884562497937141146e-01
6.258948259374286227e-01
2.256029509903393626e-01
1.055901884219864417e+00
1.829219465804436950e-01
-4.808159146681844076e-01
4.803999456646393940e-01
-1.779232334498612178e-01
-1.702959004502896612e+00
5.641404355296549822e-01
-9.667384384891726246e-01
-8.366573785635066374e-01
2.504128699309095207e+00
-1.640078849497736690e-01
-2.091998962797257666e-01
1.487944383790630098e+00
-1.842372846875619308e+00
-2.945016130953209688e-02
2.745015580444174486e-01
-9.022462948169911456e-01
-1.118043377451570508e-01
-1.455381434683123143e-01
-1.041724774102408338e-02
-2.088466153182970408e-01
-1.381809023869712827e-01
4.668929118069696516e-02
2.341427917155651794e+00
5.676874387261654498e-01
-1.601252532663889561e+00
-1.344284594738626437e-01
-6.589287125524040389e-01
-1.719653899874899361e+00
9.349071632336288795e-01
-4.045717750648035071e+00
4.784354578046027262e-01
-1.114943002310899267e+00
2.271539219508194485e+00
-1.517525335912186968e+00
1.815125180033183572e-01
2.718174702653106678e-01
-8.343927136921615306e-02
-1.500224400337761388e+00
-8.600385253833672805e-02
5.599242373259002425e-01
-4.181089618731870794e-01
1.016347789767118259e+00
-2.101607963071406848e-01
-7.781512927875665619e-01
-2.460939235674697856e-01
-1.236111037025218851e+00
-8.204542617533415738e-01
-1.329536375900909784e+00
-2.589753767266551043e-01
8.259456997661417388e-01
2.410993328216040898e-01
9.117754740920636092e-01
-1.111941201659664591e+00
-1.845788077469465716e-01
-5.184276165565686600e-01
-8.768532455576173446e-01
2.299984868803096605e-01
-5.149342074813184622e-01
2.810075986798813430e-01
-6.955257078255214775e-01
-7.142626745524605081e-02
6.280043067013045821e-01
-5.272433645172626138e-01
-1.369461170907577907e+00
1.059647111549349430e-01
9.632648954837846889e-02
-2.315425273358337199e-01
-1.285219728614352075e+00
5.104113843594719757e-01
-2.190148466108425840e+00
6.770386829151495700e-01
-1.428599369756380355e+00
1.612949281500008492e-01
-1.938898553961547533e+00
7.965437811008743152e-01
-5.898432973514069033e+00
2.294896553577090437e-01
-4.091993257995979461e-01
4.186796768664802215e-01
1.162145717227573427e-01
-6.358708363785028350e-01
-1.083547413926222003e+00
3.200093773424443344e-01
5.687533274288752994e-01
2.218692063330927888e-01
1.360788238198160194e+00
2.247914178585125322e-02
3.826524750434927569e-01
-4.654733782536235043e-01
2.599736608472008048e-01
1.999378657936637493e+00
1.310346620439674759e+00
-1.788477403722406045e+00
5.603921019934801073e-01
-4.473968332561576444e-01
-1.829696006012183906e-02
-1.365195470343973649e-01
9.571817033636643712e-01
-3.647240819800390277e-01
6.105839971831930613e-02
7.009772591633531280e-02
1.359256803807515346e-01
-4.458216683614855957e-02
-8.029064958936238394e-01
1.371797699593296116e+00
-1.703253146817809149e-01
3.320048303353170804e-01
8.156355257177565488e-01
2.330797062530021169e+00
6.230382901680816543e-01
-3.451552693809220029e-01
-2.230289263236507474e-02
1.759410314453778990e-01
2.153700689175454208e+00
-6.022068280723125167e-01
-1.692416765095490772e-01
-4.340608621460803063e-01
3.825154182058757346e+00
-1.891942593959833607e-01
-1.374854709292015198e-01
-1.720622297129826839e-01
-8.240998756347078791e-01
1.986273616792273156e-01
-2.135135160087545003e+00
7.430030262238990879e+00
-1.195023201398239365e+00
-8.527993371078519680e-02
-8.295728527407163488e-01
-9.588062685415863484e-01
1.166142932946200306e+00
-3.699122133098419196e-01
-2.375250107333856942e-01
-1.128860249770135660e+00
-4.561212778024011372e-01
-1.413886505689991024e-01
-4.361510953054706374e-01
6.126295680180242342e-03
9.051281893400092704e-01
2.626269079091528624e+00
5.748975880674858097e-01
-7.881734915308430400e-01
1.904443076936487844e-01
-4.373566348296191175e-01
6.675631734996035904e-01
6.979823445429130802e-01
-1.212848795478803199e+00
-2.874156137017066515e-01
-2.256915148409993355e-01
8.058877528241638055e-01
2.855036392889921670e-02
3.665536868463270537e-01
-1.356968614106009441e-01
5.277749835098158870e-01
1.169878503214297316e+00
-4.410743152494676078e-01
8.040687108654376303e-01
-6.002745927511484725e-01
1.312154172829464116e+00
-2.409209571801552430e-01
-1.627489907076996811e+00
-3.643502425641788722e+00
-4.823661164549030156e-01
4.959097646589584185e-01
1.438299460476243422e-02
-1.151900415890160456e+00
3.331306536603234614e-01
-4.402595428322138016e-01
3.566140707985716030e-01
-5.983515529760966012e-02
1.322934038711607307e-01
1.429188118370784133e-01
-1.300055258026455052e+00
-1.637963796089617063e-02
-4.805607170601711720e-01
-6.781259573722169254e-01
-6.083915013738646627e-01
-2.655520971393297458e+00
-4.152149803621033031e-01
-2.747032329428201192e-01
4.109638336142414916e-01
-1.388656898630692416e+00
6.445776595785157603e-03
-4.943183926393600602e-01
-6.113232178888072799e-02
6.509825574400922577e-01
-6.760052820825444009e-01
-3.712678291840199596e-01
-5.050747640658637128e-01
-1.214044784582659853e+00
7.207756141103419667e-01
-1.309089670103318337e+00
-1.155935689739350902e+00
-1.458960031398027324e+00
-2.780159720290710790e-01
1.954786231523625739e+00
3.661888940052997476e-01
1.035219211025555364e+00
-4.711073494990316024e-01
-1.099292214676415913e+00
-7.445209923157053433e-01
2.073830434096965436e-01
-9.307244638761736910e-01
1.513810263216724683e-01
-2.953025530438197488e-01
-6.843614549740806297e-02
2.376874185903342873e+00
9.632572358245856670e-01
1.232954867285753542e+00
3.034318884488953483e+00
-6.827067216494696611e-01
-8.665371257044507391e-02
-9.168312824941817762e-01
3.865308497587217618e-01
-1.153442496529452077e+00
4.055868365624697436e-01
1.408277112944912757e+00
-6.178376028516287199e+00
-3.003650695996613607e-01
-6.732567626187944132e-01
6.353773378338558597e-01
-5.061485280177453472e-01
-1.557038519108217667e+00
-6.249354295376854385e-01
2.044777001317048537e-01
9.685796628363766425e-01
7.699832930549621590e-01
-8.954425854413040897e-02
6.672494835487644549e-01
5.789306066266698414e-01
-1.607095658516000947e-01
2.691918471517499786e-02
1.426970440655197792e-01
-8.715891504359014608e-01
-9.773352089620774841e-01
-2.114279434740735208e+00
-2.641317278698199211e-02
-4.506203327180497431e-01
1.504755376770035638e-02
4.871613993520403918e-01
-5.387941590640554779e-01
1.212392657103297661e-01
3.822150695557604561e-01
-2.057987536484751523e+00
-7.945169472767859009e-01
1.128088630281772753e-01
-1.087703933045883753e+00
1.918537184564761966e-01
2.426675313908453369e+00
2.644563837103245940e-01
1.696532874902151322e-01
9.179296675575261411e-01
-1.785836083890617321e+00
-6.320285234343268055e-01
-6.303920310626360823e-01
5.395106848796189514e-01
4.583350691709231484e-04
-2.001809061368968745e-01
-6.759234094750720123e-01
-9.056121214338535008e-01
2.308608021769193996e+00
-1.635061648147798086e-01
-3.866079113372603571e-01
-3.491130020367748110e-01
-5.243955003862631470e-01
-1.319808842410216343e+00
-1.449339931610325316e-01
1.581039460561412646e+00
9.137063102299580741e-01
-2.564122153554230232e-01
3.133231000956294032e+00
-1.130301015435086098e+00
-1.553687249922740266e-01
3.416854517352891918e-01
-3.426354257919912438e-01
-7.599041670497180823e-01
7.358545047821198892e-01
4.771495431502200124e-01
-4.626553021290464307e-01
-5.521484642707978896e-01
2.126405917758326658e-01
-4.874149138047476071e-01
6.792586673182633206e+00
-2.629367165089749214e+00
-2.395539605721073995e-01
9.957369984627012505e-01
2.694471424928055608e-02
2.393199962435134387e-01
-2.317817450828454084e-01
2.859611447312599974e-01
4.613907879805250745e-01
7.795896652326255172e-01
4.267013305198331663e-01
1.596820634985254506e+00
4.844372057585455971e-01
1.156281382340288655e+00
-4.694513581872921115e-01
1.925541053783928203e-01
2.688292969189300941e+00
5.972936875243840538e-01
-4.804121125606963111e-02
1.638569313480950085e-01
4.108245685852935924e-01
-4.872555209054735825e-01
-6.210809655867124413e-01
-7.300924951580031186e-01
-2.033964729718082509e+00
-6.503749075976833494e-01
3.648291330325859061e-01
6.690827475876729435e-01
-1.233552334539242068e+00
2.946348941020135448e-01
-1.099762314766463911e+00
-6.871082120940582572e-01
1.212303597428416646e+00
2.520881510662584257e-01
1.384714236972294010e+00
6.852054363377869661e-01
1.642880321747300920e-01
-6.917324362739871724e-01
-1.056560988135830659e+00
6.149169418982124435e-01
6.422725441376969657e-01
3.903743561992489286e-01
-2.640252423168186757e-01
-1.370103107644250029e+00
-9.357440330917611293e-01
-2.904933238330486667e+00
3.551287721199529179e-01
7.134485420468372752e-01
-4.516476552227271513e-01
7.252863145189822891e-01
2.229537317854966894e+00
-5.328316384764301139e-01
-5.980040547374220194e-01
2.756191287588254935e-01
5.107488482073203606e-01
-5.708171629241026501e+00
-4.608000174420802675e-01
8.991022532144149482e-01
-8.337525481105539926e-01
4.193906283003985269e-01
4.415157240540097394e-01
-1.431108556256073805e-01
-8.570194756052599283e-01
-5.303376069032046392e-01
8.388133280018755800e-01
-1.121678345985483993e+00
4.924557392390511990e-02
-2.530218770330777134e-01
-3.025153805742679669e-01
-1.482079327823506265e+00
2.466358011627628688e+00
1.989876534471211600e-01
2.830474544913621493e-01
2.779376157994788987e-01
-5.012223326960798531e-01
1.288356550607920037e-01
-3.254457972400443211e+00
6.447232449973390178e-01
7.684076955118703811e-01
-2.114364696658606879e-01
2.361490028644680716e+00
6.404001378549620149e+00
1.205867986986636081e-01
2.102599367778677508e-01
-3.893538323639222032e+00
-7.828632781710138655e-01
-2.073045430584593563e-01
5.004430686427217001e-01
-3.569199938768222724e-01
4.807941979345667249e+00
1.995069152866294215e-01
2.805263552835284835e-01
1.450596955639792407e-01
-1.510503366406567238e+00
-5.928601562974252781e-01
-1.005676904612573308e+00
1.218036992053579265e-01
-1.629280106103797310e-01
3.496405906217030957e+00
-4.243635954028510127e-01
-3.730583402010276828e-01
-3.954732379946536147e-01
3.362564154843745157e-01
-7.567580451879646342e-01
-5.723967243311244291e-01
-1.867278685529237592e+00
8.010614349562947822e-01
2.352623067098340570e-01
-2.235763203292898127e-01
-2.268617985915978297e-01
-1.003247945178232653e-01
-6.239883329334128259e-01
-1.407455233566174524e+00
7.384199972656045885e-01
2.522597436136153615e-01
1.169396293007779031e+00
7.755622762129743553e-01
3.043904278887812787e+00
-3.318830307725911588e+00
1.404683308342586368e-01
1.849440150040557451e-01
6.015091959892785445e-01
8.720741237620638353e-02
5.984929961178104829e-01
-6.273280529165243813e-01
-8.763294947189550488e-01
-3.297653337930976924e+00
7.921805963810750750e-01
-2.462648614546242953e+00
-6.064008511906578969e-01
6.290982652191773328e-01
-5.166531225986019660e-01
3.716225674052346939e-01
1.838592823933709597e-01
-2.210478814634341815e-01
-1.099598964925805777e+00
-4.199080385268149085e-01
1.033497773160699795e+00
6.965582661080568228e-01
-1.579632902356722379e+00
-3.405732058187164180e-01
2.879532379249751806e-01
1.668004275795703373e-01
-8.542796441682842801e-01
6.231533767521661993e-01
2.141244411915471879e+00
-5.725476466996805985e-02
5.766730486613299567e-01
-4.880293101278128098e-01
-1.130153261128594433e-01
-4.396458579004575151e-01
-3.814320474621210044e-01
4.371576582495766417e-01
1.918419157009189080e-01
-1.477213991580152430e-01
5.809070917255116928e-01
-3.079183363175868049e-01
2.351212252374672573e-01
2.950115086726489144e-01
1.453909111164675805e+00
-9.262516752398878284e-01
-1.717485229178092210e+00
-2.678868570890667322e-01
-1.250708103453825881e+00
1.770330662275651501e-01
8.747922538288344096e-02
-4.356525739999155267e-01
-1.541069257786152613e-01
1.128285413559184658e-01
8.088175791962770589e-01
-1.057273788871432751e+00
-4.376575299686917830e-01
9.179807481288299043e-01
1.294054137707825181e+00
-1.218804619570702519e+00
1.089317733222129048e-01
-5.484871910757036506e-01
-8.502112706356382832e-01
-8.575829866733962470e-03
-1.692903581713817440e-01
-6.009556688939045044e-01
-6.235865301538781047e-01
3.104665770286098025e-01
-3.237449720915408502e-02
-1.814233041283327408e-01
-1.456360872364033776e+00
-6.197798462838401967e-01
-8.617462325104005005e-01
7.325207998138177912e-01
-3.419431222557643757e+00
-4.277495683223991318e-01
-4.425921168059708706e-03
7.040108839053754730e-01
8.249137434945946756e-01
-2.230083356365558434e+00
3.419319064909657868e+00
1.282831226026029947e-01
1.025081205868954709e-01
-3.052692940624761597e+00
-4.487517394609005228e-01
-2.207639814148746882e-01
2.368486583324985517e+00
-7.202259819314562606e-01
-2.305223927895826641e+00
-3.785960812242249174e-02
1.934579360242499657e+00
-3.380010564688846753e+00
-6.729242520777257708e-01
-2.323790509171850260e+00
-6.884141963027047284e-01
-2.879383801191670589e-02
1.572774861626664022e-01
1.921372575436798569e-02
6.708749755111361734e-01
-3.175483958819207420e-01
1.466200290860852240e+00
9.562591081432789686e-01
-1.579541919538753614e-01
-4.007795128395830186e-01
3.143126405616128993e-01
-4.392601428528145058e-02
4.920727715774146360e-01
1.732726602182067532e+00
9.478515227255481790e+00
-1.165030078537762304e+00
1.228781255338997180e+00
-8.701542463854705645e-01
-2.728188619406572424e-01
7.649733286493796969e-02
-4.549389385109308570e+00
-2.088921525550123670e-01
-5.112979497014504826e-01
-3.244683978887979769e+00
-4.486130657744190064e-01
-1.190723646394180185e-01
2.100087296251281099e+00
5.030052701696841044e-01
-9.702338084746363611e-01
-2.869566595727852665e-01
5.439864666272848925e-01
-4.672228303911086233e-01
-2.026020967342342938e-02
-1.751609850138846625e-02
-5.793323743743624687e-01
3.539217832541550757e-01
1.398467322374223221e+00
-1.032456411819818731e-01
8.938460903011967718e-01
-1.823304834044278566e+00
3.109910097805070328e-01
5.077946357178113601e-01
9.821409880169402751e-01
1.686649383005756064e+00
-9.793118065566817076e-01
5.186704686120343633e-01
1.050520369467135007e+00
4.612873148584757388e-01
-1.022509114624420290e-02
5.234779248830965237e-01
-1.708612896144518833e+00
1.665461046962389613e+00
5.369328616794972753e-01
2.060919620545948738e-01
7.282706066991511129e-01
-1.322036713734074664e-02
1.732728637246217618e+00
1.885540199817198781e+00
-3.479188587817597100e-01
-8.032520050038062243e-01
2.247621158992330753e-02
-2.858308363156865095e+00
1.981453532038273346e+00
5.469907746288067418e-01
8.488601513844583613e-01
-1.117509732249710591e-01
5.356473743814934574e-01
-4.007564633010407551e-01
1.079132636359454889e+00
7.884966388297294237e-01
-6.091670349272425289e-02
-4.502435236867262658e-01
-6.038605136004143031e-02
-2.422817762346268500e-01
-1.432956534672697180e-01
6.898063789271782209e-01
8.834150418895614365e-01
5.394392876842505347e-01
1.541750554286005714e+00
-1.265772019369880708e+00
-2.410520116369162802e-01
4.320777473077673236e-01
-3.478739581370870582e+00
3.222300854332465825e+00
3.937796508866408529e-01
-5.373153616730812487e-01
-4.266176007112597035e-01
1.075557566656106578e+00
-5.159685684756717405e-01
1.007270561346986559e+00
-9.078936350667572430e-01
1.329846217982935563e+00
1.550959270034649451e-01
-8.314712615499174619e-01
-1.448053684958232334e-01
-4.408812651468866362e-01
4.581607311142001926e-01
-4.105599748360207885e-02
-2.076950261943199649e+00
-4.709597374253622626e-02
-9.582856011284367481e-01
-8.423413777362964705e-01
7.401681959121987342e-01
-1.424470812207232762e-01
-3.183537703481619241e-01
9.100261526387416755e-02
7.700154709043243173e-01
6.824769743712533199e-01
-1.270933133896951395e+00
5.716341918714485937e-01
4.271849113465314152e-01
1.522792821970302857e+00
-1.533042573459225122e-01
-6.390631683060697954e-01
8.890235052189163767e-01
5.861646057981394486e-01
-8.567818840585007811e-02
4.665590420850191933e-01
-1.156907555449297575e+00
-6.124885809021074490e-01
-4.193354245175303419e+00
9.950347805898315801e-02
8.586313591566050452e-01
-4.739671494279926178e-01
1.684830677787799436e-01
-3.457354632961598950e-01
-2.727312141273619539e-01
7.833373502821884271e-01
3.531709956892143953e-01
1.976207303374111657e+00
-2.375935459244397641e-01
-5.995939935682006450e-01
2.363954650866111340e-01
4.794849999048435008e-01
-1.265623173049101047e-01
1.479010130165603343e-01
3.676764781057392795e-02
1.811376519556711917e-01
-5.980294924979298044e-01
-3.582019533298833602e-01
6.318202604733051952e-01
-3.727736987250410139e-01
-2.178720707795507028e-01
3.303045369201166870e-01
8.589878952367613341e-02
-1.308997287748280058e+00
-5.279980372408095146e-01
1.440067449251939413e+00
7.622148768574378563e-02
-1.394948752400838876e-01
-2.444099373028751077e-01
1.185951074239507408e+00
5.082702364094351943e-02
8.226209629306999727e-01
-2.275835943077574086e+00
-6.809178368185329067e-01
8.804069509871582655e-01
-1.222689837320737549e+00
-1.305922526292869756e+00
-7.072031545095256583e-03
7.855621193355770693e-01
2.556641092167099671e+00
