2.342114526117475282e-01
-1.609752223802997928e-01
1.632897128637514461e+00
8.240473124441171082e-01
-8.316917856124761421e-01
-2.404595260920830313e+00
1.067619451968560895e+00
-7.283960647526175336e-01
5.603880573648751806e-01
-7.425189717234608189e-01
8.928321506904909333e-01
2.314937745703588012e-02
-6.510450106813512328e-01
1.495092285428104351e+00
-1.060075334685079529e+00
-6.485244349369120309e-01
7.167584378809211954e-01
-2.370344389931098028e-01
5.395390669975786979e-01
-1.170572640331522529e-01
2.028468942544688680e+00
3.608791185502315257e-01
-1.779215281009909333e-01
8.085601254796008497e-03
-3.943872407481817666e-01
-3.451946421994547709e+00
2.480035623550643997e+00
-1.205804860219674035e+00
-1.828156294606087418e+00
3.877911945034827834e+00
-4.849354710717160843e-01
9.365254283318488748e-02
1.653451377568603942e+00
-2.092828011816197709e+00
-1.351863925489047435e-01
2.786557745301070366e-01
-1.689144028157436583e+00
-9.145581511234734950e-02
-5.046841500610298459e-01
-2.627946330014288012e-01
-4.240466929625117398e-01
-7.727722517268339475e-01
8.250278459668357600e-01
3.194350258806671672e+00
2.906010014793757312e-01
-1.768563023625984609e+00
-4.706910953403265485e-01
1.948618977340450531e-01
-2.284083411051914148e+00
1.399022099236965744e+00
-6.292923617359707400e+00
1.730194865873795895e-01
-9.975591135090242645e-01
2.961413767628220395e+00
-2.359651953255955004e+00
8.156430969187418167e-01
1.953210713568149237e-01
-1.863675055684594628e-01
-1.776581843269691152e+00
-2.429754231520105806e-02
2.199687774665754603e+00
-4.870544039440424244e-01
2.051788311397360953e+00
-3.427971344279046040e-01
-8.921690322538443629e-01
1.861160194562638814e-01
-2.258386106436965246e+00
-7.695057199902994860e-01
-1.784030585357532006e+00
1.544667611707875587e-01
9.774683466841365131e-01
3.699068844260027800e-01
1.292088437609878682e+00
-1.946576533694186706e+00
-4.942159777591310227e-02
-1.442953404655123117e+00
-2.001499664044757765e+00
1.587523636658041970e-01
-2.347422127361352695e-01
-3.619950410140087005e-01
-1.590606796601820028e+00
-8.548437057207544099e-01
3.356099590708408464e-02
-8.213612083584163059e-01
-2.266803988982654783e+00
6.276181753782337225e-01
9.461108317442982196e-01
-2.583974125116266785e-01
-1.999481792974172389e+00
1.065448333926340974e+00
-4.150472204010319466e+00
7.508889831381653224e-01
-2.438316484626581016e+00
1.317113809398447466e-01
-1.290124151835660760e+00
1.231958361372289978e+00
-3.197888402024524623e+00
2.016282835421461805e-01
1.036142224224217978e-01
-8.128541206551596066e-01
9.379543523759256707e-02
-6.628946967645360511e-01
-1.811748674161941075e+00
1.306923907568385002e-01
1.371483495046295076e+00
-1.603212323921801019e-01
2.278913378803524292e+00
-6.150715889989939456e-01
9.511851650956416604e-01
1.013915636281882415e-01
1.260986602515793975e-01
2.559789578183392145e+00
2.296626648968341566e+00
-2.402269996161743748e+00
7.265094892405737914e-01
-3.578694515263163844e-01
1.657954034835387169e-01
9.941510855878998854e-02
-2.937257955893309846e-01
-5.721733666137653884e-01
2.826033868440943064e-01
-3.503346773981939610e-01
-4.747818659753950676e-01
-2.235996418811528608e-01
-9.173525610550531395e-01
1.696782540509580439e+00
-6.569145147801727647e-03
2.989444607514120111e-01
7.542889092665282513e-01
3.041514964809891364e+00
1.622539338726324054e+00
-1.663035003073098095e-01
3.074598921338070889e-01
6.738891682213359324e-01
2.815229398111558368e+00
-1.181546715281285076e+00
4.640273242310761215e-01
-8.019343512847952882e-01
4.617305717562421030e+00
-6.061519907775819727e-02
1.363500527786698779e-01
-2.864007594215956520e-01
-1.555970767741415295e-01
1.232293990236630554e+00
-2.469275788297013108e+00
1.013345234998851119e+01
-1.246969572720511676e+00
5.333531941923660979e-02
-4.792172446313514023e-01
-1.215801757247586323e+00
7.870430382379758338e-01
-2.844847037000967638e-01
-6.561578368531880701e-01
-2.524435522361984763e+00
-5.681882943783524986e-01
-8.306376340116140844e-03
-7.824141064301933790e-01
-3.335511788372190201e-01
1.347216182187884082e+00
4.631023108588499859e+00
5.036980578189024227e-01
-7.461087242569259814e-01
1.786304536796324283e-01
-1.081761240818742920e+00
3.384291506619405698e-01
9.372661275363100009e-01
-1.905764712962037200e+00
-4.428450972688234843e-01
-3.027774083892376122e-01
2.357884698183324357e+00
5.012284732420226874e-01
3.243542512572793468e-01
3.330220942226067571e-01
1.683758994767033723e+00
3.062502684282494059e+00
-5.171446723098327425e-01
9.135783822186226422e-01
6.221150581581336159e-01
1.404642786126682585e+00
-3.378647996335456538e-01
-1.127864924480938891e+00
-6.570874313236053865e+00
-2.522983667183240075e-01
6.028190306297719347e-01
-9.643708091883682054e-02
-1.227502357015235690e+00
5.214503684717390897e-01
-3.639509545072061591e-01
6.347795424176461143e-01
-3.648681140260363054e-01
1.929005162749873881e-01
1.423648816547966600e-01
-1.084119430501998105e+00
-6.438763531394661732e-02
-7.329034401862620784e-01
-7.826727167083049608e-01
-6.672255562176129251e-01
-3.447798632767150373e+00
-1.399841807462801846e+00
-4.096982131334975796e-01
1.551418551070274099e-01
-2.565199719149748869e+00
3.645025236762728937e-01
-2.169367121218523042e+00
1.592255025608579899e-01
8.382142824669651660e-01
-3.176000518782626236e-01
-2.592179169746360867e-01
-4.704907402273836303e-01
-3.824314089623885859e+00
9.371083407590896641e-01
-8.586909464363597921e-01
-1.041423948193162197e+00
-2.876534224169741805e+00
4.659736902703792011e-02
1.343636128599628998e+00
6.747120548297109721e-01
6.639413467481500852e-01
-9.686746302104778383e-01
-1.600838842889099167e+00
-3.104448028373614221e-01
1.456046252364886218e-01
-1.132333863431909116e+00
1.075338698091761191e-01
-2.584776517715574595e-01
-2.559633046692894043e-01
3.223843345175624098e+00
-1.799928205112166779e-02
1.366687826342864120e+00
4.262374010202053753e+00
-8.799777859939154068e-01
4.690576170933817846e-01
-2.346489820775411683e+00
8.560379353344771403e-01
-1.616299309885521618e+00
2.736973008240890792e-02
1.740055073044092016e+00
-7.160111486259478575e+00
-4.019962187358063210e-01
-9.356350461571047439e-02
5.583660536899048843e-01
-7.608078702017073702e-01
-1.922138466013339597e+00
-1.017335642233293758e+00
7.720444939132511397e-01
2.266124816542117060e+00
1.472254455083394920e+00
9.818702707154851328e-02
7.512154499511191075e-01
-4.754301505518522541e-02
-4.251013331074642854e-01
2.005622916977215231e-01
6.804578864618739120e-02
-2.515450682983877417e+00
-2.406540639660268432e+00
-2.729405195375330884e+00
-1.107676586642413474e-01
-5.279611905340381162e-01
-2.066487059209963784e-01
5.851831268995344448e-01
-4.030165369277223242e-01
-3.031928265798818911e-01
5.189099537709503940e-01
-3.301939581650627176e+00
-1.339832852674438080e+00
5.411418354093023436e-02
-9.831141713656498249e-01
5.437184082911030725e-01
5.844815258340466890e+00
7.984167567335027638e-01
1.842577891806719270e+00
1.674297075995721418e+00
-1.454510089159238184e+00
-2.811341326003945484e-01
2.007247818885140866e-01
4.714986716548738577e-01
-2.808073478359493502e-01
7.923287716006827130e-01
-8.470284927688056520e-01
-3.549351788463890323e+00
3.569596152424554081e+00
-1.972663353493321337e-01
-7.272330860342646197e-01
-7.347407067533260339e-01
-5.497871049522792264e-01
-1.742277628065584727e+00
4.246777688258517730e-02
2.452063966940216666e+00
1.208022895969953048e+00
2.442182331872333467e-01
4.866394804724432532e+00
-1.329016641162968471e+00
-1.043842817864341910e-03
1.644829152273466488e-01
-4.862753704511273423e-01
-4.528010925384544083e-01
1.463315759670712701e+00
1.517532897463768959e+00
-3.654490794144635846e-01
-1.168653037418205809e+00
3.011989726095427033e-01
-5.802745575697826341e-01
7.582910980288684044e+00
-8.901083684734807377e+00
-7.052844147370194994e-02
1.350386711883406532e+00
6.630332932691629377e-01
5.439796285365191553e-01
-2.406263629895850908e-01
4.201125783366121413e-01
-6.414467599455396518e-02
4.286147667419449858e-01
5.608258732408064606e-01
2.621385500348672348e+00
6.266236887936338373e-01
1.322582234860144368e+00
2.321398919036578024e-01
3.150182782228953537e-01
3.532596121224215402e+00
4.763860291395874413e-01
-5.133756570803605923e-01
-3.844843607527148044e-01
-2.654465151481957830e-01
-8.185057584767355676e-01
-9.184505847464408124e-01
-1.144349493274266383e+00
-1.883073568382685137e+00
2.262300883317298172e+00
4.783889872523874320e-01
1.309753674747228258e+00
-5.037485611093558413e-01
-1.318993994283653159e-01
-1.882238464696237568e+00
-3.699870607308902715e-01
1.718382202300622330e+00
2.600286490540780759e-01
1.255179669887400484e+00
1.149011023067288140e-01
5.415096831640091590e-01
-7.081475515793425046e-01
-1.445982051550216418e+00
8.898262807260753915e-01
9.780141665393609074e-01
2.060972501313829142e-02
-4.883844043431878057e-01
-2.365219045549999510e+00
-9.452749266487239233e-01
-6.722850567123503041e+00
-8.098246632094017183e-01
9.357603308780348961e-01
-9.497123999510298509e-01
1.035509580734197410e+00
4.188003596816336049e+00
-9.056968494711008510e-01
-1.287468857259198129e+00
8.877755469086664464e-01
3.546190948233732265e-01
-9.037420672307199254e+00
-6.177133014674677236e-01
9.237775091256199556e-01
-1.757273137943669683e+00
-1.578287458646647767e-01
5.635970374964158758e-01
-4.091288822091378452e-01
-1.224068417382059293e+00
-7.782955159341357065e-01
1.364679372769364907e+00
-1.520035571702907040e+00
4.729343432092480981e-01
-2.849133941917342261e-01
-6.559720442394920692e-01
-8.324491955610150429e-01
2.444898156754050866e+00
5.171518463038710101e-01
4.070082136497059633e-01
1.859347844940957728e+00
-1.438842255446397989e+00
3.971917762721994399e-02
-3.155324114094921306e+00
3.240844784870948736e+00
1.460734477985996316e+00
-2.226877438777204177e-02
2.117488651097579222e+00
8.813557726447644569e+00
6.171975960112859733e-02
1.247750841601428462e+00
-4.564830161090109861e+00
-1.254022235189796053e+00
-9.263960575393970220e-03
1.911030529260132615e+00
-7.243854962086170302e-01
6.087644575502075384e+00
3.943018003222139578e-01
2.954350983142180476e-01
-2.572008676802097979e-02
-2.690699796659323351e+00
-1.343063005473478011e+00
-2.243500106827754248e+00
5.958275193558320026e-01
-5.355661771993676101e-01
5.219839731692113460e+00
-6.296328070668559818e-01
-3.516892081640123902e-01
-4.579807887899209895e-01
-2.591533889555187042e-01
-6.815982469235186691e-01
-2.079883474212289307e-01
-2.481759162854412004e+00
1.940030789116465648e+00
3.319112653406537938e-01
5.654998914042761449e-01
-1.302862707457820290e-01
1.537954010273428485e-01
-6.706712332072721772e-01
-2.164051875137654957e+00
1.586709094367402262e+00
-7.532246932387028915e-01
2.097319103676016816e+00
2.268443003343938169e-02
2.252518198656977777e+00
-5.499008414194719307e+00
5.812975323092312019e-02
3.193361455456315556e-01
8.863404912262032864e-01
1.372431128296875691e-01
2.275460276422287542e-01
-1.310206206507318782e+00
-1.020890646911428501e+00
-3.102059249618538850e+00
1.102663597504219606e+00
-1.961180094502978033e+00
-8.379105716198546050e-01
7.908798935510361616e-01
-1.074258582088779002e-01
5.574579832279225045e-01
1.144930245256167822e+00
1.708620845161183954e-01
-7.619028031702799186e-01
-4.980137975911468340e-01
1.630954696948807570e+00
1.457988119017779471e+00
-2.038587676135446447e+00
-2.148826815942556756e+00
2.490656846512879774e-01
3.549606585560816652e-01
-1.975872312060430458e+00
4.276786794919321677e-01
2.976011257451767200e+00
-6.929687101069464950e-01
8.235353063004802188e-01
-1.515088807006238492e+00
-1.559942174321543584e-01
-4.789486276806162457e-01
-1.657367694484855436e+00
7.319910032567246150e-01
5.556287999319702298e-01
-2.863420133574055837e-02
6.607423549757921455e-01
-6.304801477886252670e-01
1.673704135627424039e-01
-6.411840978983245343e-01
3.670873419030443952e+00
-1.154229543346214415e+00
-3.323177681405217854e+00
-5.251970832009884571e-01
-2.116180706927926813e+00
6.234823659152873843e-01
-1.250170950630588584e-01
-1.060820185830049223e+00
-2.819226411741064364e+00
9.165807851088256797e-01
1.228333540222274367e+00
5.268572210364379504e-01
-1.022801053866981169e+00
1.232980063690960026e+00
1.099800218475141200e+00
-6.858262847904453841e-01
4.275196727599335222e-01
-7.001308923940703366e-01
-2.173709211133521890e+00
1.227502937617721973e-01
-1.918334392497334506e-01
-1.460635679652761976e+00
-2.869998166950482599e-02
1.341010722270918332e-01
-2.152623665170608491e-01
2.880565150440439481e-03
-9.696574887946876053e-01
1.096723769664540660e+00
-6.012582467936851138e-01
3.879598340540492685e-01
-5.380009086735519475e+00
-6.327421430271551461e-02
-1.722221764609453420e-01
9.457240564740738709e-01
5.264028574732221299e-01
-3.508962253531480169e+00
4.053725633498304504e+00
2.921433338439113347e-01
1.124385221978341898e+00
-3.701844654446313054e+00
-9.143821608924413979e-01
-6.157116891528608971e-01
2.247833822952408411e+00
-2.313877391162761032e+00
-4.529786855122033273e+00
-2.970924888182389090e-01
2.631233406010202280e+00
-4.762124471115550151e+00
-2.633710062338780467e-01
-3.381277686710457253e+00
-2.128778452895803586e+00
8.686412572812747257e-01
7.797980784204134874e-01
1.441005505808036491e-01
2.058256466625017767e-03
-8.572342665556526020e-02
2.540602229124568456e+00
8.163754537390435218e-01
-4.702204981830884756e-01
-2.302748227249978852e-01
9.402466980997671586e-02
-1.068457243529502276e-01
4.366607338398862392e-01
2.773076925983552599e+00
1.534366990050061297e+01
-1.701543934478276121e+00
2.249999936579264670e+00
-6.035735206657695251e-01
-5.395594457051332560e-01
7.882838111769013834e-02
-5.030481805027294584e+00
-4.112655413408455862e-01
-5.023456383767542777e-01
-6.396028434129680917e+00
-8.567656081441045179e-01
-1.151844858847250047e-01
2.273542614152528341e+00
9.949289888493151324e-01
-8.299671623747761906e-01
-3.483828741062983125e-02
3.194763711944523243e-01
-1.198602036845898500e+00
7.669755621617005414e-02
3.235821516996822966e-01
2.333943103432178923e-01
3.745864830479150309e-01
2.292111769092467721e+00
-2.215514096922918119e-01
3.127347602855809483e-01
-2.691998619565982409e+00
7.677886776445372874e-01
1.137287907686907129e+00
1.843669180252842654e+00
2.170327931403712274e+00
-5.191177561446156385e-01
1.752341937103066627e+00
1.687801178148731651e+00
2.077952046945996667e-01
-4.736338218296369806e-01
4.800557918073493635e-01
-2.941829113689447883e+00
2.494922065738735650e+00
1.015512871734606914e+00
6.335831636732268679e-01
-8.399946102107814783e-01
-2.161190282857121392e-02
9.780977417015894737e-01
4.068515556427493074e+00
-4.373452468769346568e-01
4.827597322278156522e-01
-6.843941453916813078e-03
-7.246460273309369704e-01
2.522798876946088953e+00
8.667850000564191193e-01
1.062394614521451341e+00
1.294681661109050030e-01
-1.772508390145124957e-02
1.561711257638843664e-01
1.268427609280914359e+00
1.506421577300070425e+00
-3.626672303148055221e-01
-2.104598724770389007e-01
-2.394631503026282415e-01
-6.939786001539550997e-02
2.275167686382964849e+00
5.391987325541645060e-01
6.125296589431911132e-01
3.266351362115784696e-01
-1.202159766877742619e+00
-1.586607357284701036e+00
-1.418992867423461979e-01
4.317922941998575403e-01
-4.356885017842616392e+00
3.926748586616162662e+00
8.303097133942756169e-01
-6.598141737756595404e-01
-4.514056002967938852e-01
1.690472313480054223e-01
-2.558991365991685196e-01
-1.392770772323373429e-01
-1.487133962591713043e+00
1.897705625372974270e+00
3.733859649261436764e-02
-9.447625890245466840e-01
1.295736864675109956e-01
2.047075191125904969e-02
1.227781109600738052e+00
-4.459126155023834248e-01
-2.709925553464186621e+00
-4.267625466662650635e-01
-7.463932776289042836e-01
-1.803763674507612436e+00
1.396472539714148642e+00
5.939366105701021636e-01
-2.682690221925198015e-01
8.095871182049674264e-01
1.042470785869842098e+00
1.534962279828783860e+00
-2.175636976710696224e+00
1.473488530480717706e+00
7.166605441037987578e-01
1.857813289809172375e+00
-1.682172820747857289e-01
-3.628748620054697005e-01
8.655701151410536420e-01
7.509767008274563782e-01
-6.791946507554234014e-01
8.819543710450542529e-01
-1.202133035528156091e+00
-1.077288236317774262e+00
-4.702424234400281122e+00
-9.100712104585204631e-01
1.779376682729104431e+00
-5.526893756977991901e-01
6.250779527097444221e-01
-5.765973254374932022e-01
-2.763859179975138303e-01
1.374917912835189382e+00
7.429250222066980935e-01
2.741271001475404478e+00
6.409337544727927716e-02
-7.592783926064242683e-01
-3.755648929072892550e-02
7.354996220878613489e-01
-4.824372380454219345e-01
7.050913815355529524e-01
6.681034484873243917e-02
-8.358040592758489429e-02
-6.282832088677883231e-01
-1.536641739482814406e-01
4.746374896317665515e-01
-1.920197557832437618e-01
2.160463239851085626e-01
-4.452209215868289105e-01
1.335844286799931502e-01
-2.027466519022715019e+00
-9.682730667716149542e-01
4.095740960171075251e+00
1.294346220888289156e-01
-4.024065280020453494e-01
7.724308439209743860e-01
1.943876454927843334e+00
-4.377828085947542691e-01
-3.045702097022146004e-01
-3.003566980317256885e+00
-9.480648464261229869e-01
3.603300534191735682e-01
-1.104552123292407817e+00
-1.602183502666692405e+00
2.298857189387292776e-01
1.139126416755118276e+00
3.715923634652044782e+00
