4.355033419164205249e-02
-4.342771491175761306e-02
1.018309652464578940e+00
4.300601139632269088e-01
-1.712784880988813263e-01
-1.944301725048096063e+00
7.798210784756465230e-01
-2.689564290539270819e-01
3.281589723196748354e-02
-5.039930057736901059e-01
2.552368653923661745e-01
8.511407260101811964e-03
-2.626885561932047475e-01
1.318310454446870006e+00
-6.812845921008755523e-01
-3.721503219142036079e-01
6.390846046461184926e-01
-2.739463593366950889e-01
5.928863985253689517e-01
1.414001866680196784e-01
1.183668416842158289e+00
1.907176132449859007e-01
-3.720947501761360243e-01
2.381163869052902726e-01
-1.763842531745229425e-01
-2.773954423633876232e+00
1.338826894122149724e+00
-1.044889068359840856e+00
-1.224872454177503345e+00
2.433270617175850692e+00
-2.637923266901854857e-01
3.820986043335285187e-02
1.435676237366350083e+00
-2.098390186104281963e+00
7.569864548283061767e-02
2.076085018732669318e-01
-1.162974821712448703e+00
-3.415586512207804404e-01
-2.713902165334668992e-01
1.481561624054573978e-02
-1.091168951450606078e-01
-3.119331843484350886e-01
3.049217951047352160e-01
2.489532503008351938e+00
5.213976757521346928e-01
-1.629793034146118202e+00
-2.853744020350878485e-01
-8.877882094893534137e-02
-1.685914612183240679e+00
1.003888068719892557e+00
-4.382632663410989338e+00
3.500326829685571628e-01
-9.346142106659904858e-01
2.634596905487751606e+00
-1.761779478451050540e+00
3.831915195074239167e-01
1.920487257765905731e-01
-2.212525255769204335e-01
-1.377130683688772228e+00
-8.566278813308100815e-02
1.028309898590444638e+00
-4.168480529347209362e-01
1.336576124088627360e+00
-2.668976748344275007e-01
-6.368369294272594461e-01
2.303442166695032767e-01
-1.449748811374397039e+00
-7.940742522662290748e-01
-1.371485772708497031e+00
-6.218596943530832477e-02
8.735753071880620890e-01
-5.606146887704561987e-02
9.834002036941780212e-01
-1.432223430728594371e+00
-1.478406267220450099e-01
-9.644568588474543569e-01
-1.154045997012490332e+00
3.090178029066501519e-01
-2.947400611171772655e-01
-5.141410867822539255e-02
-9.755938003051244367e-01
-4.170618347384221769e-01
-1.661896962857374316e-01
-5.549310061693870644e-01
-1.648853625616240048e+00
6.148696349173448095e-01
9.639837457220764572e-01
-1.934747936677691238e-01
-1.438291265049334244e+00
9.205630610051039886e-01
-2.720367845275411867e+00
7.001213317776185940e-01
-1.741753902825987854e+00
9.617505666841778822e-02
-1.313651785441048547e+00
9.416571294542752657e-01
-3.470018045374983817e+00
1.038085933424108126e-01
-7.045939948352206161e-02
-6.607102922621699292e-02
1.432409961237110785e-01
-5.529088052829037592e-01
-1.331098805786468331e+00
1.770050711327012527e-01
8.065481521432864565e-01
1.507290982166632487e-01
1.744845849466827969e+00
-2.632981561771140511e-01
5.136272973449055312e-01
-3.313302247415185475e-02
3.730038680058049838e-01
2.177650757010605176e+00
1.816545927833925989e+00
-1.991883769480019328e+00
5.464737660912208916e-01
-3.131302755768517465e-01
4.164189075795477618e-02
-6.641335259466082941e-02
4.763625937090882334e-01
-6.101895913083361656e-01
1.481203204066230406e-01
-1.285515572318011446e-01
-1.276257212266167750e-02
-1.433691068464958696e-01
-9.913956565697801260e-01
1.237781702678758311e+00
8.558791312491249859e-02
3.850723110768984880e-01
4.014719093250788129e-01
2.427701756574531355e+00
8.099628293443488225e-01
-1.540857273008034434e-01
1.085197396731012315e-01
3.020787055121990083e-01
2.267714135044834212e+00
-6.270143750711475450e-01
5.526972492451191071e-02
-6.896572912380318776e-01
3.967807761597510918e+00
-8.389519950136521687e-02
1.584036120955084337e-01
-1.829767497322246639e-01
-4.494915732088783922e-01
7.214790064336596975e-01
-2.147961014747124420e+00
7.048606380190012288e+00
-8.519201407865967246e-01
-1.350296739223443010e-01
-5.411525370502416887e-01
-9.230772763701182715e-01
7.768101542513760061e-01
-3.224951477640942143e-01
-3.364685090088582742e-01
-1.300333518164207502e+00
-4.212739878357130152e-01
-7.111083205619259107e-02
-3.108371154884421173e-01
-8.391463891822983912e-02
1.014149408894710502e+00
3.242505649534585643e+00
4.247686969115765931e-01
-5.666695125983675085e-01
-2.470772125806073444e-03
-3.821753859222694616e-01
5.521171336429073762e-01
8.102991156451258004e-01
-1.277103808626012915e+00
-3.494913740513614364e-01
-3.134187757115783901e-01
1.173722688945011638e+00
2.633697313396535233e-01
1.900963306002056430e-01
1.607402756915987385e-01
8.659529351273351772e-01
1.472294896192119396e+00
-4.983255667736994354e-01
5.988600240022403653e-01
-3.034568733817979425e-01
1.087545648865227088e+00
-4.461649393132471331e-01
-9.123660744623804941e-01
-4.446795539472759629e+00
-3.758704027034175388e-01
6.691774474955670682e-01
-6.828212078337139723e-02
-7.417092577516933849e-01
4.252479816091096487e-01
-4.117438232566912326e-01
3.897685641549052393e-01
-1.250282977742579738e-01
1.350035407119893338e-01
1.445780899868902292e-01
-1.013249642443425191e+00
-2.211296907095452666e-02
-5.459803598773536049e-01
-4.727563982003842868e-01
-5.073242125810578651e-01
-3.118889142014325433e+00
-9.652921829717394653e-01
-4.233251313977552943e-01
3.160546466119229514e-01
-1.721342571808499144e+00
-1.186692603252155649e-02
-1.339062830650747271e+00
-5.346227655956177216e-01
7.091604746746794641e-01
-3.996081853602082012e-01
-3.013026501660858170e-01
-4.999777680817468206e-01
-1.875565427355413650e+00
9.238958850501032272e-01
-1.204112147442419234e+00
-1.185164200244729127e+00
-1.503056109242827842e+00
-1.338469622139966675e-01
1.348072025761685389e+00
4.778331270904891959e-01
8.472839192325927193e-01
-7.566215930867664641e-01
-1.658306464462071972e+00
-5.675264393168814037e-01
2.854497876233919040e-01
-8.955871160677459919e-01
1.153255208287216060e-01
-1.756033009027938296e-01
-2.080878409416933583e-01
2.564699200848993943e+00
4.248306340175057594e-01
1.204301882559190240e+00
3.379679864136719392e+00
-8.671001578438566337e-01
2.936883473735392713e-01
-9.862157215796201193e-01
5.196067852660335440e-01
-1.213709134899751962e+00
-1.391006994583399436e-01
1.253891172439055790e+00
-5.902133997159417333e+00
-5.656119255744173069e-01
-3.425381356192850335e-01
6.820422526539874353e-01
-6.843612511837970924e-01
-1.644877848120875452e+00
-7.360574673064349538e-01
2.345346561293585874e-01
1.318142937005229554e+00
1.001204878304886803e+00
-2.714166542161761814e-02
8.232813929029995093e-01
5.414658545746465768e-01
-2.405685217705615941e-01
1.486585480110702573e-01
8.680369387963440819e-02
-1.084085145008524265e+00
-1.420454779741931794e+00
-1.949662930651540949e+00
-1.457298225900562072e-01
-4.911185824254591936e-01
-2.451628669025460450e-01
4.207486003895377080e-01
-4.664375527779788255e-01
1.000034969232995938e-02
6.788022824115255149e-01
-2.086129368573771181e+00
-8.880047038896418110e-01
1.038789748765796550e-01
-7.914177792352991014e-01
3.088517969360559667e-01
3.566632074735867963e+00
4.577930130977160839e-01
5.627580995924280627e-01
1.194487657559665461e+00
-1.431991920262430718e+00
-2.631114737313623997e-01
-3.235804155936727322e-01
2.059317926388079811e-01
2.993965503825758434e-01
-2.528535418876915603e-02
-7.011159939882773973e-01
-2.842339335296367508e+00
2.754933609300124431e+00
-9.849620568078026883e-02
-7.207284297238686355e-01
-6.711274193679501732e-01
-3.776345175524256081e-01
-1.393992795661737505e+00
-1.774489239148715480e-01
1.908320986760559723e+00
1.183692305393408528e+00
-1.016446420834484117e-02
3.474439679447564711e+00
-1.208482997536360459e+00
-2.463621729936164018e-01
3.189094522692178524e-01
-2.362992950796568570e-01
-5.879299491589521365e-01
1.029023260566884979e+00
6.622660406709669489e-01
-3.667705277301369637e-01
-8.907607314694291345e-01
1.911321540446746514e-01
-6.059455291821320699e-01
5.556351757817087567e+00
-5.914488819132341035e+00
-2.563001977287608368e-01
1.148904621244681845e+00
1.185587889921413951e-01
3.335186735424398585e-01
-2.090717435426876492e-01
4.068661289960646688e-01
-8.311166689132513941e-02
7.032199664244384030e-01
5.284902572247119901e-01
1.824785886634975984e+00
4.501974539589839175e-01
1.226656051244764400e+00
5.640979119954865340e-01
1.674351873698678717e-01
2.949085895543270830e+00
4.516328773898236060e-01
-3.124473241517866651e-01
-5.770187220803726924e-02
1.925891180899059751e-01
-6.158225254243742119e-01
-1.404041589443114635e+00
-8.783164292537413154e-01
-1.249385742444510283e+00
2.681853751855551304e-01
4.466697717518624544e-01
1.061276888117612227e+00
-4.786546004646520802e-01
1.128499487480277563e-01
-1.243129852286372516e+00
-3.360367856465101832e-01
1.457682442578255522e+00
3.151234678014389057e-01
1.441348662988120699e+00
3.239008441426903806e-01
2.451983302276035670e-01
-7.102036664056255999e-01
-1.057532964263901976e+00
6.263524540758962367e-01
5.391375019429580639e-01
6.127646278108705991e-01
-4.443464822957179372e-01
-2.286935340063479316e+00
-9.408454453305320486e-01
-4.040777146482967375e+00
-1.168243586427083064e-01
6.565830042500363506e-01
-6.957750920678734685e-01
6.994441268547416657e-01
2.321179757768678353e+00
-5.911166280819418750e-01
-7.566031887928442723e-01
6.469257306420671538e-01
5.159059914715274919e-01
-6.385627014624648545e+00
-4.726966672875562714e-01
8.265100814359763737e-01
-1.253701027065596385e+00
8.530265530831883380e-02
5.987424226512794156e-01
-4.711582175429599451e-01
-8.492364395040824521e-01
-6.931015309647794442e-01
9.795863290260095058e-01
-1.132015530552689553e+00
2.896740927850800507e-01
-7.059688704612809840e-02
-5.924510321590686912e-01
-7.970321868230577644e-01
2.401570079092434806e+00
3.169361612430522390e-01
2.804482062838025702e-01
7.289062348572773464e-01
-7.503223857234313510e-01
6.715885572265779813e-02
-3.483805703241498630e+00
2.003382464673048702e+00
1.217737495831637817e+00
-1.447652664878909534e-01
1.872145875069410215e+00
6.887473416214212385e+00
6.191149256137847001e-02
5.143305047749545666e-01
-4.023830804644122239e+00
-9.748033440636016955e-01
-1.416149631605378711e-01
1.206762091413088100e+00
-5.180031495801569186e-01
5.406330876770626404e+00
1.801605961135689937e-01
3.010382302459357895e-01
3.710896527673550674e-03
-1.982027236344005461e+00
-8.068061798772623305e-01
-1.401890448404702783e+00
6.528786106985278170e-01
-2.411457299260060250e-01
3.724494690376222383e+00
-5.954292563143217532e-01
-3.244985850213222278e-01
-3.396891467157017175e-01
6.504206967935018124e-02
-3.895826160317946152e-01
-3.548382052958863331e-01
-1.867845676894141826e+00
1.073847625756230162e+00
1.882900258005794636e-01
1.006788673413811785e-01
-1.967458929007222523e-01
1.954581963312606030e-01
-4.939750980502204403e-01
-1.711200423098892420e+00
1.139374289194838852e+00
-3.488590419731923409e-01
1.672151985678860475e+00
2.647430552108022694e-01
2.494376668870653013e+00
-3.662873741643125847e+00
1.567077540352962983e-01
2.798038542784135330e-01
5.705966385554298581e-01
1.232632819674761432e-01
3.968568984414954648e-01
-1.002316245973468245e+00
-7.803299029445956991e-01
-2.377651496585591939e+00
8.997682503333135351e-01
-2.195249963488630662e+00
-5.302058277023203869e-01
6.329914298068711753e-01
-4.558018158620916194e-02
4.306957148404750857e-01
7.510356835985414481e-01
-1.457540482501124834e-01
-7.354341665825212537e-01
-4.768885994719250232e-01
1.260955202587036528e+00
1.323867435960585981e+00
-1.416443686089468246e+00
-9.762904009695337892e-01
2.168105506987972053e-01
1.928575797889917898e-01
-1.345681555495864767e+00
5.336817091546789404e-01
2.517754347448489582e+00
-2.119834649270555260e-01
7.548281511117468368e-01
-1.302205144078512733e+00
-1.024021756335276728e-01
-6.001051363384448667e-01
-1.242545077091869343e+00
6.175940920462729133e-01
4.311988492113582039e-01
-1.439033409826283028e-01
3.093741733627975443e-01
-4.153523163882977265e-01
4.317413188714201433e-01
-2.620376259670770813e-01
2.245204862755488140e+00
-7.597316977461820997e-01
-2.252424136054365089e+00
-2.816924739261567612e-01
-1.461434358179694692e+00
3.027012408232961915e-01
-1.867492672121801034e-02
-5.326567630197619474e-01
-1.095246566188929682e+00
3.542732671468055705e-01
9.211335235052643400e-01
-8.403307161435757955e-02
-5.287579832660600498e-01
1.017913144910347123e+00
1.070243025095300338e+00
-7.954334541586405294e-01
2.867475943026915886e-01
-6.051850302156658312e-01
-1.482557096319463419e+00
4.869456438204265020e-02
-9.350274607634265212e-02
-6.613134439904376771e-01
-3.083826034083703149e-01
2.412725320704179888e-01
-3.213629722650913068e-01
-1.629294915846008773e-01
-1.211937433297992417e+00
1.493934262637729438e-01
-6.784592102549102943e-01
4.347639510797906559e-01
-3.940052432644038927e+00
-1.819472179509007970e-01
-7.454880642319999806e-02
7.608546559675224419e-01
5.888244176158050625e-01
-2.073159239602868631e+00
3.276551909101463878e+00
4.567706015457943108e-02
3.002428127921475398e-01
-3.213108307265903907e+00
-6.109877307804835178e-01
-3.438291764075864787e-01
1.792907183943674099e+00
-1.511746203489861662e+00
-2.955674745067525588e+00
-9.862495326749110003e-02
2.045168282077179267e+00
-3.015358255992548475e+00
-3.736295004023199029e-01
-2.562242742599869061e+00
-1.484066394246177811e+00
8.399208957533910169e-01
4.946594392275179830e-01
2.034161507664097313e-01
-6.010151763618545862e-02
-2.256873026798667525e-01
2.080356087929865261e+00
8.636574531727853055e-01
-2.590813991216123213e-01
-9.267389525018934759e-02
1.578604499789292848e-01
1.480321323496750462e-02
4.583031028497612236e-01
2.070877199546637293e+00
1.165272576719583952e+01
-1.341149509379920390e+00
1.519856491191245773e+00
-6.692700300585620043e-01
-3.579561571670817344e-01
5.947102326534062927e-02
-4.482643435854662073e+00
-1.758929072720190334e-01
-4.716925590049363404e-01
-3.048988756818485246e+00
-5.064242314731766115e-01
-9.840706732373728782e-03
1.231765594434189648e+00
6.180956813272624473e-01
-1.195778942511179110e+00
-2.895317842075147974e-01
4.254283947983480973e-01
-6.657447740522720592e-01
-1.767194196222396929e-01
6.876132444843624514e-02
-4.805133337678972327e-01
3.611672035397727187e-01
1.527128272718754953e+00
-5.537003613735132918e-02
6.683376827614710969e-01
-2.646480491675688107e+00
2.801802413745138609e-01
4.713351551961525998e-01
1.597424731851952107e+00
1.754487944665660271e+00
-5.624854212150475208e-01
9.752711638994866483e-01
1.191712290619391768e+00
3.843781350051342915e-01
-2.530772835856790470e-01
4.234220694297839982e-01
-2.138732511776911149e+00
1.958259615002664544e+00
6.842526843288353477e-01
3.548082238660027476e-01
1.721517754442418099e-02
-1.389066448887381344e-01
7.711667988742002544e-01
2.327899794923723231e+00
-3.142394911837777527e-01
-1.312088974233291683e-01
1.622154010638563598e-03
-2.095694178172762268e+00
2.091061880884079294e+00
6.762269748681443149e-01
6.861491099737797583e-01
-3.543008332847907144e-02
4.330123755936610697e-01
1.546548834880769573e-02
9.541686951107112291e-01
1.072699175616997680e+00
-2.554811595485627640e-01
-2.149354424185007939e-01
-1.432748209477742729e-01
-3.580960752145562198e-01
1.285833953260901330e+00
5.698198627078528977e-01
7.468732272624816204e-01
4.693315075891478227e-01
2.282044406064451525e-01
-1.245655886688536107e+00
-2.587107352825767093e-01
2.787979066283314822e-01
-3.939226070919776390e+00
3.494751219801820685e+00
4.642128544769530962e-01
-4.454728840806609358e-01
-3.224603071357973194e-01
4.149161721639968992e-01
-3.825004078670510288e-01
3.525756552024183477e-01
-1.113655548741732337e+00
1.447645129100794792e+00
1.188056366364181743e-01
-7.575635316043043410e-01
-4.158346349217273419e-02
-2.519615475960084727e-01
7.780039542051461199e-01
-1.741776614350794006e-01
-2.126123149063654960e+00
-2.618416102174027649e-01
-8.909231438716522788e-01
-1.017104933903496544e+00
7.222617065957952498e-01
1.833395639346134531e-01
-1.908498890837778961e-01
3.873976516293039518e-01
8.498913917887703784e-01
1.064098574223879989e+00
-1.525825961684830201e+00
8.944414249962048258e-01
5.277942511078896892e-01
1.527364617760847088e+00
-1.838870581483831312e-01
-3.267130289646964503e-01
7.577248171198348592e-01
5.358834166997610282e-01
-2.464424361288779786e-01
6.852575193503221973e-01
-6.744516826675562848e-01
-9.631290475775193816e-01
-4.437447988065660986e+00
-8.146662371596236074e-02
1.242719251618174647e+00
-4.235824373423288658e-01
2.764737201500756525e-01
-4.969811655832579445e-01
-3.697395898238525769e-01
8.390482520813928868e-01
3.945165755586399481e-01
2.064408498813436577e+00
-4.410080533399914071e-02
-6.440657557483152607e-01
5.883416271259680336e-02
6.557848155424893521e-01
-3.032003033771345502e-01
3.439501816535570633e-01
8.598414355838218670e-02
1.015937375955731359e-01
-5.261614625024031433e-01
-2.857659225134261960e-01
4.363124317100522953e-01
-9.454579758824348257e-02
-1.023781246552798452e-01
-2.238097120191914410e-02
1.685881551200140993e-01
-1.408133355230442474e+00
-6.852822074524660412e-01
2.196171290406130794e+00
-9.714880754125736206e-03
-1.824517854416876361e-01
-4.561131077788998373e-02
1.389363669841551685e+00
-2.398879273199315543e-01
4.154453750938285617e-01
-2.331627407991155643e+00
-7.294120511158206366e-01
4.457069784695678050e-01
-9.567747895817585446e-01
-1.007237056004610221e+00
2.546232870121013098e-02
8.176335326056207720e-01
2.909282608130080217e+00
