3.337769456886949815e-01
-2.787791044285112818e-01
1.056282899572658751e+00
2.758405336675738839e-01
-3.552572824420980879e-01
-1.949844041991118937e+00
4.785800133153534364e-01
-5.360028219248677006e-01
-1.704827174300976855e-02
-5.225418050018222349e-01
1.996805081718053265e-01
1.563019873824903705e+00
-6.039230970497000417e-02
1.772327420423249533e+00
-5.267811483697072417e-01
-2.617297011717536481e-01
8.558345597961445339e-01
-9.335560575293821994e-02
5.633247159801302306e-01
1.997260264027962418e-01
1.038061818858357910e+00
2.516558935286890564e-01
-4.146545899622720022e-01
1.112773611146434249e-01
-3.047745191621968330e-01
-1.927181404052900504e+00
3.265524791929746984e-01
-1.079901976035881228e+00
-2.036040149908022734e-01
2.711218913885997228e+00
-1.447710163795900840e-01
-3.701045843298199634e-01
1.920681988065314094e+00
-1.238869076705539474e+00
6.681717195250443109e-02
4.042190335973375737e-01
-9.570855573142125206e-01
-1.488658593859097934e-01
-2.914841420814458517e-01
-2.042819703027200229e-01
-5.529271604982307631e-01
-3.360221126855747475e-01
-5.254374532561895128e-02
2.353141163635789290e+00
4.221353162738576414e-01
-9.895984552067745854e-01
-2.193710476473331727e-01
-3.197754089430003832e-01
-1.807401540303621656e+00
1.112991905368205803e+00
-4.171871141990056486e+00
3.382441416645980969e-01
-1.234162715485907613e+00
1.155643793100029848e+00
-1.454426470435081775e+00
-5.850461782318586157e-03
2.817009191667286805e-01
1.172960406650015858e-01
-1.353987791428993503e+00
-1.190605894807485743e-01
3.626728243118380046e-01
-4.527276486043219084e-01
1.287457409802921227e+00
-9.703671002257957534e-02
-9.010013294598605560e-01
-3.047962376344305335e-01
-1.290473965682171320e+00
-6.569305895071669843e-01
-1.292605230250347681e+00
-2.893240099501413476e-01
8.383343728296518416e-01
2.380438493077213502e-01
1.261316119529317881e+00
-1.087890133798756098e+00
-3.233282625989868375e-01
-7.964802306690829115e-01
-1.099495768047230593e+00
6.788110590999180127e-02
-7.303510644497829274e-01
4.266461724518994525e-01
-8.050776924464914108e-01
3.430135288280462547e-01
2.023218370633808050e+00
-5.060314521926546627e-01
-1.261406808725110906e+00
-2.299642644245614986e-01
-3.771159729631303748e-01
-2.316985735150417502e-01
-1.306435448439823510e+00
-5.210090823413726646e-01
-2.306853038748831519e+00
8.909223421305121349e-01
-1.482000688447015824e+00
2.423353733909654750e-01
-2.587603626346787422e+00
8.567288202124128116e-01
-7.542068872551585201e+00
4.181381634439351735e-01
-4.399292799073247773e-01
4.420180888553694176e-01
3.595952060034948716e-02
-7.455487015531883088e-01
-8.703449067881832146e-01
3.683695741609172569e-01
4.159702241443594684e-01
1.919624813120476281e-01
1.009017856297992122e+00
2.327560649751553301e-01
4.176040294570530498e-01
-3.950129914906441719e-01
-1.967316455813311327e-01
2.057300809313630019e+00
9.934474803419495181e-01
-1.775139195005360548e+00
6.509259802910339898e-01
-4.517308159559437764e-01
-4.347029090548764491e-02
-1.253159798943309644e-01
4.211854520620454956e-01
-3.357075092542791128e-01
2.942177083396505313e-02
-1.146165523609770365e-01
-3.318809658929417483e-01
1.726956509093841019e-02
-1.284378933810537360e+00
1.301487673671542167e+00
-4.035574032459377514e-01
1.931034216088864941e-01
1.054343904983968461e+00
2.596328861503653052e+00
8.704364451463814101e-01
-5.715191669313273160e-01
-4.689619308576163659e-02
3.066842257433510799e-01
1.980445428265845242e+00
-5.948488595190452033e-01
-4.280507579079143587e-01
-3.303545088841401967e-01
3.981796559450515804e+00
-7.600566081570220289e-01
-3.301620316141440914e-01
-5.866563060064729218e-02
-6.818501010192482559e-01
1.283271656672272387e-01
-2.244053406077759938e+00
7.440567749982064605e+00
-1.585220009967491794e+00
6.333627087956292256e-02
-3.784733719980093447e-01
-1.170058528571591427e+00
1.480963288451010884e+00
-4.296778344336097399e-01
-2.889126422754666468e-01
-1.394212543478729804e+00
-5.134515911654601306e-01
-9.289165465281147560e-02
-6.513371132006435804e-01
-1.676883119768958208e-01
9.908544335373375977e-01
2.964491600313924557e+00
6.050063990543278480e-01
-1.037523523345061482e+00
3.662069891474341032e-01
-4.374149105551408123e-01
5.517728073761052343e-01
5.733499401152466479e-01
-1.522519263398992573e+00
-2.742809650646947373e-01
-3.994258009428005435e-02
6.204894538605008059e-01
-1.220508898916445317e-01
2.796956585866831602e-01
-4.319518052109514450e-01
7.848984834513155207e-01
1.269117658392720838e+00
-6.114644395360250284e-01
9.727916805572718317e-01
-3.939992778499210591e-01
1.851912622388846241e+00
-4.203174628108496402e-01
-2.368804885044837327e+00
-3.673624587456707058e+00
-4.571930310271443698e-01
3.679856689522470470e-01
-3.611796796025464051e-02
-1.580992540172267757e+00
5.554818718034411074e-01
-4.161001708623535689e-01
3.446355688176395704e-01
-9.307772528686814040e-02
1.197931701552743672e-01
-5.962557754268541649e-02
-1.205673014197992776e+00
-1.930692279004676548e-01
-5.005301191687927531e-01
-8.365569840833886328e-01
-5.675508898940863078e-01
-2.637922563444593749e+00
-6.536356808083998438e-02
-3.131777075147639255e-01
4.105089408784721172e-01
-1.321376322475065423e+00
1.011346508127789062e-01
-1.562892205417806268e+00
-5.983705092480157139e-02
7.813697586905810066e-01
-1.231344635817412936e+00
-2.034645292049178100e-01
-5.597083865229331989e-01
-1.368365211723209462e+00
5.278792597237220718e-01
-1.626623577301004486e+00
-7.532654392738941107e-01
-2.240160749508693261e+00
-2.943595964920551755e-01
2.717712362090302314e+00
5.527406118820041847e-01
9.908395486725257717e-01
-6.178681063865454348e-01
-4.605319405100540275e-01
-9.367950169237242442e-01
1.625191792871230612e-01
-8.935276787393291453e-01
2.224916568396358429e-01
4.198867454351462025e-01
-1.342348036354334695e-01
2.451283822173505822e+00
1.163471385706376759e+00
1.217188474427752798e+00
3.114424880316602362e+00
-4.637586457169716736e-01
4.596556682629268087e-01
-7.450990125789521690e-01
4.858380141233821226e-01
-1.157032190134818617e+00
3.060892493930034153e-01
1.819570588553461210e+00
-6.339971588405123981e+00
2.046953464503753484e-02
-6.960710923357942281e-01
5.294866128742659050e-01
-3.472969541783595404e-01
-1.424382298462242069e+00
-6.120680805569209681e-01
4.119592272174649739e-01
1.179995428353706188e+00
7.404866464696089334e-01
-6.684891274454356214e-02
5.002508565893545311e-01
-4.429032782778017374e-01
-3.956425535424173967e-01
-1.119049196503436316e-01
1.904776799136653764e-01
-1.111550010694091206e+00
-1.113250092497306776e+00
-2.844809228215443131e+00
3.067560005854219618e-01
-4.454243327993016033e-01
1.379744532898114773e-01
5.390538629141452542e-01
-5.008820559890626578e-01
1.991975646526824018e-01
-7.164297255704121792e-01
-2.288572900830203594e+00
-1.306899696261222488e+00
1.590327307590190531e-01
-1.356538043688294115e+00
3.647160693347827332e-01
2.556295479760188449e+00
3.825614157058490061e-01
4.280127223139257309e-02
8.825988159513105114e-01
-1.779604415110821680e+00
-1.187900922799804526e+00
-3.094663002913077832e-01
1.055413749642071686e+00
-1.010909035590665805e-01
-4.912487909494983040e-01
-5.971399007141005022e-01
-2.267754740383926659e+00
2.233093816666960940e+00
-7.921817920135859614e-02
-1.129846673370413779e+00
-1.888541996296112802e-01
-8.222717942301357441e-01
-1.303455092332128862e+00
6.226787655307965130e-02
1.899710557452052750e+00
1.271587699137695537e+00
-2.345020380474285016e-01
3.382409649826961129e+00
-9.698823490928689672e-01
1.230728576234919602e-01
2.682554546112104199e-01
-4.001253888350365662e-01
-1.016030761835088336e+00
8.964199109975408142e-01
4.249442794419379110e-01
-5.790354169644597038e-01
-2.763967519285810415e-01
1.824404077276838010e-01
-4.212445707437884046e-01
8.609886389103795779e+00
-3.846560005710502494e+00
-1.711907764354604899e-01
6.207301123642057217e-01
-1.206584660586152921e-02
2.366720189143811104e-01
-3.056698257081826298e-01
2.019262732231621726e-01
8.418543992655580510e-01
5.096865630674369818e-01
2.742884186103186628e-01
1.792090778762309933e+00
5.324970683309986352e-01
1.204486284830704301e+00
-9.369766977310092226e-01
3.258784327868181618e-01
2.313755017630214184e+00
6.306918207065392856e-01
5.512694307768729873e-02
-8.739944230067198117e-02
4.767289419458459188e-01
-5.165831477355995460e-01
6.178826284345453335e-01
-7.327186648695107607e-01
-1.981136033465686452e+00
1.325865831595591349e+00
-1.951416398769014737e-01
8.189492167844195092e-02
-1.981274531835470309e+00
2.795925438136110941e-01
-9.538288561098853258e-01
-1.189479440056453896e+00
1.449849251625225044e+00
1.143359478374280647e-01
2.030049801828096856e-01
9.283641922975358618e-01
2.015077073827795384e-01
-7.117671305864828879e-01
-1.086171342732680012e+00
4.441675583200415112e-01
9.046163018167023839e-01
6.737199602497002671e-01
-1.651866622403619089e-01
-1.233556678274847052e+00
-9.913108858270098800e-01
-3.319753290617515340e+00
6.592850437278868769e-01
8.897926976330525761e-01
-8.329982410626177725e-01
8.429597973757154694e-01
3.306105434480381966e+00
-4.898234912700077937e-01
-6.369119452315529228e-01
7.744349873604453594e-01
1.103104866364473136e+00
-6.277691720748484805e+00
-4.856663761536326174e-01
9.919568987223338352e-01
-7.327950086505133909e-01
3.272343155984736573e-01
3.901094414062573623e-01
-3.180258614054934929e-01
-1.025794386215610476e+00
-4.512631336823940131e-01
1.002271573520389758e+00
-1.063498995418719950e+00
-1.009901181506804996e-01
-3.699243819266555544e-01
-3.753044533708487784e-01
-1.729098064948086266e+00
2.435497459253437302e+00
2.145142753505753785e-01
4.189639249423144918e-01
1.330886411342941111e-01
1.246948982998901112e-01
1.269214571323818153e-01
-2.904849210786485614e+00
5.533148192889709716e-01
9.744739289908801450e-01
-3.238417976612364968e-01
2.619301797982835467e+00
5.395885485940929094e+00
2.416375404876965338e-01
2.502952622436920849e-01
-3.264539381430001441e+00
-8.426479150018578723e-01
-6.908930122412521024e-02
7.608308203351840104e-01
-2.787967851653480600e-01
3.661044801702653118e+00
2.869480908157911458e-01
1.349165462041616581e-01
9.106680700252357819e-02
-1.473593360734478219e+00
-8.234922567767550827e-01
-1.016535449310729256e+00
-3.337124387470000175e-02
-3.835571097089572890e-01
3.184890723493837505e+00
-3.571375171237732848e-01
-4.604082627612141043e-01
-3.078164063514332027e-01
1.345723860581266029e-01
-8.153800761771172745e-01
-5.935361186447933868e-01
-1.381768781292605386e+00
7.153358315656458410e-01
3.199712201827679126e-01
-2.778897845580884929e-01
-3.155941952297104947e-01
-2.344351957698472266e-01
-6.978047081943508090e-01
-9.268490163802478587e-01
6.350430455983446798e-01
1.770078423779884447e-01
9.425937653619465006e-01
8.418546563017189621e-01
3.849291666577615789e+00
-3.046672107525703055e+00
2.154313521980182056e-02
6.707308464392948422e-02
6.929328580203788501e-01
1.732421332438596751e-01
1.036622215036753891e+00
-9.609982176883535843e-01
-9.546118032086936545e-01
-5.066603394547097849e+00
7.421653341293319439e-01
-1.900815001627747858e+00
-1.063226687268503445e+00
6.128858674260839745e-01
-6.017643729963318977e-01
4.085269526411193786e-01
6.633911623729822349e-01
5.814417623605114271e-02
-1.025341465138605690e+00
-3.100248902637335324e-01
7.987914365621490154e-01
1.571081231995366867e+00
-1.671893647886826928e+00
2.898290759725650201e-01
2.704521845995392360e-01
3.904895447686507759e-01
-9.093602263535325303e-01
5.546919586987490991e-01
2.016013334675714308e+00
5.347856351666435692e-02
4.607653176020205521e-01
-3.082397626874733287e-02
-8.529043478975051329e-02
-1.034569584331057168e+00
-1.405653030592612929e+00
4.974007868183806247e-01
-5.494789042646583410e-02
3.294156482326410229e-01
1.167111378430428781e+00
-2.578446542059130708e-01
6.861406938074450235e-01
9.521765017767356287e-01
1.783661908352706771e+00
-8.947714750369940573e-01
-1.393525407324977650e+00
-3.810306543344112451e-01
-1.303018326599947541e+00
3.136256537772901254e-01
2.797695638661688577e-01
-6.827471554495098127e-01
5.551675785574639033e-03
4.116797689069712218e-01
9.570458565708491738e-01
-1.290452346148391660e+00
-3.698705986192776241e-01
7.177659580945784379e-01
1.514012284035784806e+00
-1.471013426329649265e+00
1.024569994661152506e-01
-6.193485526048790879e-01
-1.001041355583279335e+00
-9.455072954127788365e-02
-4.992562419454070477e-02
-6.381683280198144903e-01
-5.507631869229276944e-01
4.221238568264726876e-01
2.063482352165391664e-01
-9.466155143890939150e-02
-1.240563051686364604e+00
-3.036949551286548532e-01
-9.454371437583583004e-01
1.355058160787551813e+00
-4.452436675272504196e+00
-3.081421558525233584e-01
5.310932112975325081e-02
6.651209603535526149e-01
9.814833764815829031e-01
-2.633780037506947114e+00
1.038638283319362809e+00
3.502023298698855869e-01
3.620993134720185136e-01
-3.399441212355609032e+00
-3.143591662579650059e-01
-3.171035837555005177e-01
2.921545468320837280e+00
-9.057616046477425797e-01
-2.479104012156718717e+00
-9.059115808211296028e-02
2.098440448976756745e+00
-4.217836455740527235e+00
-3.692098284851443313e-01
-2.429300319476937364e+00
1.057081135988382492e-01
-8.423141860478713383e-01
1.774075194596653471e-01
-3.418385721670655908e-01
1.416483021977851475e+00
-3.753826483378578938e-01
1.699584982712243120e+00
1.227697803748897698e+00
-1.566535318949607292e-01
-6.533253346608874912e-01
4.761254945557417129e-01
-7.091577023276285363e-02
4.932386905190605519e-01
1.781371536571475733e+00
9.530907313758644861e+00
-1.153233884829077516e+00
1.102749754820178341e+00
-1.040786496574899411e+00
-3.228197792954884959e-01
7.521360916547453757e-02
-5.479127852312160485e+00
-2.948525666238231979e-01
-4.985632454109187872e-01
-6.359542583640415359e+00
-5.700144089191588881e-01
2.036881507963165527e-01
3.878655620930634651e+00
5.739081530430538702e-01
-1.526070383249767959e-01
-1.557468995514631749e-01
5.019113694134785808e-01
-5.959267771880900622e-01
9.879771195710562726e-02
1.944611663102049914e-01
-6.100875130838997462e-01
4.021711513244464742e-01
1.732522509658049881e+00
-9.311637828549990115e-02
8.626024134373572183e-01
-3.277390737525967435e+00
5.917409272859369684e-01
8.028912865079884664e-02
8.265289594999076783e-01
1.921319702835334153e+00
-1.319510073540298256e+00
6.638847975583306305e-02
1.218485313190698305e+00
4.632460161988756209e-01
7.223021641292259876e-02
5.950875348373581009e-01
-1.763666458967084516e+00
1.866187321591614934e+00
8.139745568428906619e-01
2.444174738994439045e-01
2.805336111221375384e-01
6.992636590810345776e-02
1.987899768494722386e+00
2.062904938729201110e+00
-3.008212948452562152e-01
-7.831057946623666277e-01
-3.572484902116734862e-02
-2.535637928183653855e+00
2.261015166186219894e+00
4.727655482102980922e-01
9.924514232070811293e-01
-7.396837173721304559e-02
3.086219565794193209e-01
-3.920258193004848568e-01
1.144980294630599804e+00
5.620071686894627661e-01
1.229730682196840674e-01
-4.860502691468243097e-01
-2.346325107436921242e-01
5.223208058688089128e-03
-5.213551479886127105e-01
7.396500283666775921e-01
9.305247625610373330e-01
4.987237369606165593e-01
1.179022512819198898e+00
-1.217751607157155691e+00
-3.332789910150363855e-01
3.522154049340510684e-01
-3.019141345723052705e+00
3.129063620090171582e+00
3.943088796171472787e-01
-5.819647933031281140e-01
-3.698021813239600331e-01
1.504028504220249030e+00
-2.714457081526618909e-01
1.043536285595173752e+00
-9.333026631942293871e-01
1.359573491883096175e+00
1.953367216897648195e-01
-8.435398078483711259e-01
-8.392007584402680354e-02
-4.255338077603416647e-01
3.616379844792194098e-01
-3.239167779474320247e-02
-1.977182266464029947e+00
7.154331254031462417e-02
-7.820194438963072869e-01
-1.067207702409875392e+00
1.024839208507995592e+00
-3.339738002304967202e-01
-4.254329022999236987e-01
-1.012176464650756808e-01
7.655927501102064436e-01
6.202652130751988846e-01
-1.358950375663091847e+00
5.158095364239854153e-01
4.783404660992391921e-01
1.671775312988945217e+00
-1.456799545309672983e-01
-8.082814605119024165e-01
9.567834528363856617e-01
4.736082795897094688e-01
-2.117880396591702852e-01
4.812945615347817840e-01
-1.988984312943975041e+00
-8.630623271403514707e-01
-3.696337842547460895e+00
2.124763275104631643e-01
1.028107729064980935e+00
-4.972894371705656180e-01
4.837578223750232942e-01
-3.896404292666189040e-01
-2.554189138748794510e-02
9.799134742156326849e-01
4.449129029354307874e-01
1.977225947265126349e+00
-3.487252086579920585e-01
-6.152710095652912381e-01
3.108731716585059757e-01
2.905896753399618837e-01
7.153155955133258526e-03
1.777563123749472673e-01
1.270921197512985823e-01
1.128121133687813998e-01
-6.750395408600933234e-01
-2.834281710654965591e-01
7.771608987793147127e-01
-7.498781260729819875e-01
-1.052998675927036970e-01
1.033474652777462310e+00
1.693772439185179182e-02
-2.204192846351069157e+00
-5.831217596196986985e-01
1.421661362755412439e+00
7.280368626947431032e-02
-1.616658980059578199e-01
1.247874257005757159e-01
7.521328232377436640e-01
-3.005692826141569129e-02
7.609507623868497772e-01
-2.285169860781630202e+00
-6.459271410945653935e-01
5.021801931138314412e-01
-1.276420402555968003e+00
-1.796573219085562556e+00
7.246389638089006935e-02
8.479494605863472367e-01
2.647465704889464977e+00
