4.291398933756943035e-02
-2.092653678052874000e-01
7.076367019325456864e-01
1.557474167677450061e-01
3.599115748553886607e-01
-1.925171019584317467e+00
3.026282736287106978e-01
-1.447143608449649177e-01
2.400023552538825822e-01
-4.713204043476880711e-01
-3.355891017828024903e-02
-8.101917191773483351e-02
1.017118393032756946e-01
9.117287429059071080e-01
-1.696948606156887807e-01
-7.488575912797165723e-02
6.197673641446734827e-01
-8.962213270946231547e-02
6.156964510021261106e-01
1.656066767446326971e-01
8.582835787793462456e-01
1.962998256130604746e-01
-2.474677490751552023e-01
4.158993123207821996e-01
-3.100815027235434562e-01
-2.249153328075470970e+00
-1.815807292467292236e-02
-1.210678496158664297e+00
-5.176261804034838487e-01
1.118641830433050766e+00
-1.306024733294692750e-02
2.828337978502343947e-02
1.340776001039741150e+00
-1.774723481858160534e+00
3.167229217641501782e-01
2.975593418435490412e-01
-1.001976306162949193e+00
-1.780323157263192790e-01
-2.660942676047695077e-01
-1.060314843126369394e-01
-1.426093277969081585e-02
-2.337439565693699983e-01
-1.330682161679976883e-01
1.764425650247574140e+00
4.460303795360546220e-01
-1.375470517406413684e+00
-1.752324503506801634e-01
-1.508999684853596923e-01
-1.278846798704286414e+00
8.420541637567713344e-01
-2.559151018187598048e+00
2.178876479633909957e-01
-8.908953399367900428e-01
2.315931344252174284e+00
-1.123457873054996226e+00
2.969053734637833175e-01
1.762567707118244398e-01
-1.543292681860954085e-01
-8.984211121545715439e-01
-1.106985732812998738e-02
2.590888559856823758e-01
-4.553623340406039444e-01
1.294424820354499239e+00
-2.104996005074634413e-01
-4.143046603317155907e-01
4.625245513649796081e-01
-6.735635044440159147e-01
-5.367174336791051825e-01
-7.264218174832963726e-01
-2.453590153827794607e-01
6.975933830527947244e-01
-1.422797813743432449e-01
6.098823260604214758e-01
-9.679094517833258804e-01
-3.621767094395257902e-01
-1.026120194831299903e+00
-8.705145056428613692e-01
-7.937320751274512531e-04
-5.098395240744397761e-01
1.451974028786597037e-01
-8.797330708126972487e-01
4.265134651518754927e-01
4.560424277519402603e-01
-5.168852633351861403e-01
-1.802952447978457551e+00
1.179593375756309570e-01
8.791321484104865913e-01
-2.774102348550817054e-01
-8.477689323626733664e-01
6.506744745085794035e-01
-1.879599554668104577e+00
9.670046854031271177e-01
-1.521998314134721308e+00
-8.802155382295670516e-02
-1.462087791730420694e+00
1.132060551602542375e+00
-2.846125672742319423e+00
2.835541296805956790e-01
1.478707820013402674e-01
6.285924405308247476e-01
-3.093997446898289969e-02
-4.713502260190004511e-01
-5.338309180128989473e-01
1.622849193425359160e-01
1.766289066355254678e-01
4.486708067733664596e-01
1.231291399766540895e+00
-1.578118517739718341e-01
-6.983233496084163827e-02
-3.495686116787454223e-01
5.389694673158407223e-01
1.930405244848373947e+00
1.013551152145583112e+00
-1.689565752519882391e+00
5.015662634282146426e-01
-5.506088307566112672e-01
-1.528122816542423212e-01
-1.116165158190273177e-01
3.193683216547487658e-01
-2.332353124119760646e-01
-8.943049250261711491e-02
-9.370482803163052155e-02
3.395697104784058118e-02
-1.457813927038500712e-01
-1.099123978096069543e+00
1.065444212864278040e+00
2.336864615457765193e-01
5.093714879093097503e-01
2.569956676302824761e-01
1.473555407297963971e+00
8.188708328219809207e-01
-1.492044462894339396e-01
4.699492756669267080e-02
1.777375813798347248e-02
1.973055349560254967e+00
-3.142266548746633914e-01
-3.394599399699271824e-01
-7.322221679036302611e-01
3.544096456766815173e+00
-2.774028470836616966e-01
-1.990121378061422419e-01
-2.125047220627932498e-01
-4.815824973967997025e-01
2.688418700795288663e-01
-2.133986982202177973e+00
3.653071702742708649e+00
-1.367076395085960461e-01
-2.679895525014499569e-01
-5.109946578175591503e-01
-9.450032114541859762e-01
8.895481993683991284e-01
-2.407243725417928804e-01
-2.711550525805532241e-01
-3.577649181006262724e-01
-3.918024230197466595e-01
-7.201236618218784247e-02
4.925414852393841247e-01
-1.914199121114882329e-01
9.066246441131252665e-01
2.770719150299674194e+00
4.365221138628117004e-01
-3.818894413847016556e-01
-2.904540423036892083e-01
1.554561558436147461e-02
2.961397704491268712e-01
7.297032532746865474e-01
-5.304472320887613224e-01
-2.718564812295511945e-01
-1.346526099646863650e-01
6.367332901171856019e-01
4.807250814839238440e-01
1.272653899757601181e-01
-3.721682336340101371e-02
6.975821154260629653e-01
1.292904814205647401e+00
-3.868806707901906172e-01
3.212770560760138672e-01
-8.267842104982768836e-01
7.953330447065463105e-01
-1.001503641579072124e+00
-6.413082160462146852e-01
-3.233498766377817635e+00
-2.435481550426732422e-01
7.595947820660468031e-01
-8.421393363091696227e-02
-7.886751703659523605e-01
4.627628622742857578e-01
-4.160497184945041171e-01
1.293973842837607413e-01
2.605720753148249580e-01
1.119128018739757868e-01
-1.485696929357306351e-01
-1.189662463989038521e+00
-3.517394155149877744e-02
-5.366394882132571320e-01
-9.871858942686595473e-02
-2.964805891919711778e-01
-2.383498838956716881e+00
-7.420763243997634540e-01
-4.083023383592237487e-01
5.726159209286394436e-01
-1.443639638872100228e+00
2.293102360716495758e-01
-2.972699453176286255e-01
5.806857363366575431e-01
6.591522541163289395e-01
-4.267716381187768859e-01
-3.257080297341157227e-01
-8.232641824130838559e-01
-1.000179232558752185e+00
8.910963957834842075e-01
-1.080916383122330071e+00
-1.163274203507506099e+00
-9.661085295854834332e-01
-5.609343444155920899e-01
8.796047586312782940e-01
2.852014084952713135e-01
8.573598521018086505e-01
-3.166900050305004322e-01
-8.425790253914762218e-01
-9.572666895231884965e-01
2.406401624710291509e-01
-6.612292487813992148e-01
1.506521222107161384e-01
-3.994230649552504286e-01
-1.823812749421491464e-01
2.129046686223933449e+00
1.164925169151007189e+00
9.789248737231688313e-01
2.849855883139026158e+00
-7.479733373704372523e-01
-1.598960581295542915e-02
-4.637236775268144262e-01
4.317370273731796493e-01
-8.679629556319260475e-01
1.048714356396980296e-01
8.958131315387248828e-01
-5.420865288164915086e+00
-4.794042294766775458e-01
-7.455737483216666739e-01
7.870021773270646781e-01
-5.458501925468693949e-01
-1.188760131938309872e+00
-6.135765632090490751e-01
1.131773332364159335e-01
9.213096764677278783e-01
1.079071452966902767e+00
-4.833339991611211583e-02
4.850606916472806618e-01
3.408039746365062461e-01
-1.801517761384184013e-01
-3.582981349257918779e-02
6.256657885503402738e-02
-4.532487677941177129e-01
-6.831234890615651700e-01
-9.528431941030299779e-01
-1.375734444632461806e-01
-7.559650796550825280e-01
-5.082007749925783191e-01
2.629801346314792343e-01
-5.063516742386064973e-01
2.208130803892169036e-01
6.998466566577793424e-02
-1.326144909934492411e+00
-5.990103690402693859e-01
3.483501632496803224e-01
-4.584155954554105517e-01
4.798451224770742263e-01
1.771533867586521982e+00
9.583913900728432966e-02
-1.424883743939077407e-01
9.606080815760990044e-01
-1.185261323955825397e+00
2.697576072260082780e-02
-1.824248602295838184e-01
-1.122851175629477338e-02
4.982092100585274741e-01
8.380185639872625436e-04
-5.930464904816249438e-01
-2.008635307596359887e+00
2.350437859672629415e+00
-3.901855221537147145e-01
-7.464844163943956667e-01
-4.006944888257700232e-01
-1.972746554874045544e-01
-1.360683196019374819e+00
-3.986846983294017877e-01
1.343631569688823912e+00
1.323057331881695831e+00
-1.169383111560640953e-01
2.556027746243558774e+00
-9.660662936863118055e-01
-2.600430238206674072e-01
4.442022927565135726e-01
-2.023547615397419674e-01
-8.765151820904087954e-01
7.373314965720547676e-01
-2.633733362819754564e-01
-3.576656100470729238e-01
-1.099136751014425872e+00
1.391353314535528074e-01
-4.074137626021250291e-01
4.581972222423313035e+00
-3.932948913870463858e+00
-5.369186082729729970e-01
1.283628155990377939e+00
-2.805741690105458819e-01
3.447075124389387124e-02
-2.295177318685426293e-02
1.935884905428718328e-01
5.475732576163590271e-02
9.001161728809754514e-01
6.028005914729898107e-01
1.396939698658369977e+00
1.008714142293962168e-02
9.989753031220471868e-01
5.985613784500468659e-01
2.257178014010005340e-01
1.565955939276225894e+00
5.485096292893851810e-01
1.078239068313686377e-01
5.979140628932765322e-01
6.974289995749670679e-01
-4.255101994865438386e-01
-1.587392934998662852e+00
-6.758849498161847436e-01
-6.736494738930771664e-01
1.087375200301547773e+00
5.438319369630353339e-01
6.903029619367977432e-01
-7.539361171254436167e-01
3.096656018786804188e-01
-9.711732947653070047e-01
-5.902979557192111759e-01
1.679390339212886385e+00
1.407709404328029990e-01
1.122303131327279102e+00
5.521139656745821522e-01
6.387973484162113857e-01
-6.146955304355340433e-01
-1.000072960917808729e+00
4.589481827686298088e-01
5.708502601991017888e-01
1.253019435508086366e+00
-2.769879939189952567e-01
-3.246948441091129567e+00
-9.707920513195549272e-01
-3.082805393320527720e+00
2.409842380139623486e-01
5.124429435008924782e-01
-5.567750910993695124e-01
4.995865242303465514e-01
1.548977544610506685e-01
-3.079572797282161822e-01
-3.184692307425126545e-01
1.278958351281832551e+00
7.377531387589021383e-01
-4.121665545877405634e+00
-3.497045402780671886e-01
7.174773217329170061e-01
-9.848789258265981950e-01
-1.526904993644860598e-02
3.989135485877617904e-01
-8.185988383305139449e-01
-8.354881968674670034e-01
-5.543968471740269299e-01
8.390107930065232589e-01
-8.576604339753637340e-01
1.307151694727520796e-01
9.854049202679571184e-02
-2.852631355047276496e-01
-1.264036629295915315e+00
2.447496098936186026e+00
1.892425317414606345e-01
3.838695482094869327e-01
-1.694766824362878288e-02
-4.533128735780518337e-01
1.398639678288326332e-02
-3.379533714628589980e+00
4.496604619591200724e-01
2.299617046510115337e+00
-2.901112780042520711e-01
1.868383967320474515e+00
6.127522626940550943e+00
2.975605477823846656e-01
3.857411104100960664e-02
-2.660565669023365665e+00
-8.080209791158474708e-01
-1.475431366870403604e-01
8.612310927035882191e-01
-1.185034539646899338e-01
4.619955822247947097e+00
1.059543452999738289e-01
7.732589922315100117e-02
-2.949010150463714508e-01
-1.478962825488326249e+00
-4.796107968273587985e-01
-6.920468489636759646e-01
7.577319517204623711e-01
-2.375544737133540862e-01
2.786368668665185400e+00
-5.731023004358507533e-01
-4.501212018714141339e-01
2.079754585634606412e-02
3.392683231168306390e-01
-2.829483010617099281e-01
-3.307805291004838333e-01
-1.257561079657965042e+00
9.334607021717405972e-02
2.276367239920260022e-01
-5.450329417126470455e-02
-3.870964782083446409e-01
1.997813649220346599e-01
-3.913978227760732675e-01
-1.193237086600137609e+00
8.159735383109617546e-01
-2.389215153573085171e-01
1.369416495791960120e+00
-3.419092004830093234e-02
3.060765267516263766e+00
-2.771953098148340011e+00
1.282137695934693622e-01
3.680794671397413231e-01
2.794074882390170655e-01
9.251815902219355514e-02
5.456566144728937084e-01
-9.371709713437990086e-01
-5.291152795402666031e-01
-2.165335256209401926e+00
5.140838727888974447e-01
-2.388405635953761763e+00
-6.721893209963014648e-01
2.874740202054285598e-01
2.038435839127637206e-01
3.930454328743998582e-01
6.053586751500961149e-01
-4.983650975825464902e-01
-2.347727452266820669e-01
-6.463252581172991285e-01
1.180491711333105043e+00
2.380232847541775776e+00
-1.058262931525837836e+00
-1.469316996210761339e-01
1.777375424488473188e-01
2.214584400963276190e-01
-8.361106128809118188e-01
3.258089299309366860e-01
1.804984888856545400e+00
7.207083123120295864e-01
9.137187313508162712e-01
-1.402818960319688557e+00
-1.375930302981345603e-02
-5.934083679943805700e-01
-8.798133000007507531e-01
7.396666927249471168e-01
3.588655402790066895e-01
-9.999976500565382898e-02
7.206380718921569228e-02
-4.138699470790456747e-01
3.662052965207694410e-01
3.707849083887986841e-01
1.340494375049980258e+00
1.367887759872827846e-01
-1.285237090790226855e+00
-4.622042881032322748e-01
-1.074466139880392079e+00
2.889299728714027626e-01
8.785144399334873788e-02
-5.401270322152132985e-01
-2.305692508438464960e-01
-8.096607122376515975e-02
5.986090647656214792e-01
7.532621843492841307e-02
-8.057760721058210285e-02
8.334064931460645198e-01
1.012631847735567359e+00
-9.880745113210643860e-01
1.979997401161602555e-01
-6.001000275498058478e-01
-9.226202948402857373e-01
7.377309923124414359e-02
-3.043655701974572192e-02
-2.527733563840715569e-01
-6.849790868832272839e-01
3.220252354956231744e-01
-1.379032831747804000e-01
-2.898201091273999719e-02
-1.717439556015060154e+00
-6.360925474773998500e-02
-6.552794784531935646e-01
-1.358565211092034875e-01
-2.130675660350465961e+00
-2.685291373086658995e-01
1.406676832914162678e-01
7.153718182853385787e-01
3.087394966588308254e-02
-1.211871439808607009e+00
2.723309323224846867e+00
-2.392161979747813721e-02
-1.245722245328167027e-01
-2.120534922531789768e+00
-1.479425400849629368e-01
-1.323803192946307883e-01
1.309454057975687480e+00
-1.339244678558413781e+00
-1.822197949393841832e+00
-8.501094740418735363e-02
1.584093346108756961e+00
-2.884777581663467760e+00
-1.279385742145419946e-01
-1.976756342015762558e+00
-7.333036904449621307e-01
9.290037941922294484e-01
2.007301940562802034e-01
4.068664709652472511e-01
-2.347419897372073072e-01
-3.203356527335298187e-01
1.527512587257476184e+00
8.439034062527249747e-01
-1.945879081143898209e-02
-6.190644929370269639e-02
3.965099347684890030e-01
8.462745487707401190e-03
4.768327664824418832e-01
1.483334341238229825e+00
9.192018040109354970e+00
-1.055405917802437310e+00
1.156942270027683017e+00
-5.432448484581968717e-01
-3.056658379056558239e-01
6.744191756148226746e-02
-3.926062674247158935e+00
1.094323039811026105e-01
-4.763341055791763812e-01
-2.478584887703088047e+00
-2.738004125536869782e-01
4.576814007552514885e-01
1.117753716633114180e+00
2.371932223062270251e-01
1.587698575845341020e-01
-6.805415689540200708e-01
4.462429229586452606e-01
-2.527876352302163010e-01
-1.390313156620471557e-01
2.789311066445094300e-01
-8.199833491446294476e-01
2.869279861325746417e-01
1.228832062160821970e+00
1.742726784499918913e-01
1.049829836100238056e+00
-2.868031220848366925e+00
-5.448429483517173988e-02
7.565714481755286824e-02
1.313913666010432246e+00
1.778503423292416397e+00
-2.000224633594898938e-01
5.354006460062001871e-01
9.135519622842364074e-01
5.847667279531622020e-01
-4.333286387352889429e-02
4.176542118716428664e-01
-1.267847071305096884e+00
1.630620349206435060e+00
9.970551081495534484e-01
3.567845843778630344e-01
2.722433872619701711e-01
-2.713121096710237046e-01
-1.887333286888704942e-01
1.339220302630604653e+00
-2.244344640138313807e-01
-6.889748141344250731e-01
4.295400335236182476e-02
-1.694433724846131195e+00
2.307950904170908757e+00
5.962419137638442779e-01
6.157243357061802369e-01
-1.629507350951047151e-01
3.512601435028020469e-01
-1.267665625817375297e+00
4.633138164958197636e-01
6.878791233205807654e-01
-1.765538995695507263e-01
-1.792050896871752730e-01
-2.841182079223263379e-01
-6.025158581801222102e-01
-2.589298489843496198e-01
6.934245738313904450e-01
7.365026508820827766e-01
5.655639872402152823e-01
9.167520498979555565e-01
-9.976439561288099611e-01
-4.167486600075983594e-01
-4.511913142409908206e-02
-3.055534615601331438e+00
2.586203120431861624e+00
3.610093386171702723e-01
-3.830242791075545439e-01
-3.266570184846913083e-01
1.315716034837393300e+00
-7.044615421231007479e-01
3.009636591779414339e-01
-7.385450396836196196e-01
1.346801190077798527e+00
3.287416328712275959e-01
-5.721000806962089902e-01
-1.336488604339283459e-01
-3.700180144831777818e-01
2.020427366406420122e-01
-2.397478454184211183e-02
-1.337935574712565856e+00
6.668444981950845396e-02
-8.921594165371511398e-01
-6.395496138408831577e-01
8.001623229421881422e-01
4.151283581479256468e-02
-2.206090654011319263e-01
-1.136949010896412537e-01
7.579064190085929020e-01
6.646003991068262229e-01
-1.276027241680779412e+00
4.937362879372501623e-01
5.426338772211645178e-01
1.084038661582219509e+00
-2.357553028012620844e-01
-8.834499933999472310e-01
8.385618848927738345e-01
6.110726078020615182e-01
5.085281202763738961e-02
4.497322560600345298e-01
-2.345471239982082068e-01
-7.852043025839225976e-01
-4.519723679656977744e+00
3.801231792730679349e-01
1.226687365054331957e+00
-4.206762526999833218e-01
1.529926596948058548e-01
-5.600465234191047692e-01
-1.610348214884448903e-01
6.133405796120443565e-01
2.901253266738823555e-01
1.340574377795989536e+00
-1.245767808182437486e-01
-4.839174923490126567e-01
-6.854038783768887089e-02
5.797362523154606651e-01
-4.552326267592146647e-02
3.117183897516431768e-02
6.400379820072971127e-02
2.252343157676375274e-01
-5.055242296597483032e-01
-5.830634650555864829e-01
4.632461650553547361e-02
-1.327328973548116964e-01
9.406949342027037808e-02
2.202131112797912071e-01
4.925581389865101301e-01
-4.679692569783742706e-01
-4.650982228508295790e-01
1.399808014687818014e+00
-1.728951477690356953e-01
-1.340404796181376701e-01
-1.404603958264247776e-01
4.581017099726175101e-01
-8.883496071010307804e-02
5.833149043864663819e-01
-1.894664505817913236e+00
-3.896428647424592384e-01
2.098102419406724095e-01
-8.339740495108963758e-01
-7.167424392116801268e-01
-1.058111772700192632e-01
8.573459462771801931e-01
2.295050716218207665e+00
