7.943306506670137768e-02
-2.796596409390396665e-01
6.489950302027814866e-01
3.400585002776757571e-01
1.637589716295991260e-01
-1.897519989839080212e+00
3.485851246125304947e-01
-2.245860605236494334e-01
4.970198767785090344e-02
-4.304538850739270672e-01
2.768549280040320110e-02
5.150275738955888416e-01
2.979200452348990807e-02
1.178975492084290533e+00
-3.762249900320213669e-01
-2.576835413246265083e-01
6.347705318327460100e-01
-2.865595464469453124e-01
5.537374921250587390e-01
1.075756444450150229e-01
9.455247465974078169e-01
1.181625956839957164e-01
-4.050507500033736497e-01
4.345477671690285981e-01
-3.280162852841392862e-01
-2.084621769119970658e+00
1.332179843937953412e-01
-9.217147232005971080e-01
-8.684814004163042833e-01
1.946320073345362500e+00
-8.675799670483039239e-02
-3.354151228534806017e-02
1.513303216348475866e+00
-1.711854453394289433e+00
2.441337327063289597e-01
1.839158281766472558e-01
-9.580415535468583821e-01
-6.151846520640213978e-01
-2.208136967882570190e-01
-1.294213859488247409e-01
-1.636340832328253003e-01
-2.110704348608208325e-01
-1.245729581226401664e-02
1.878450864824556588e+00
4.012791279134448885e-01
-1.264432713500710737e+00
-3.431180368128989855e-01
-3.648503262001733249e-01
-1.373979515844107047e+00
8.660876617327013527e-01
-3.099706838134967057e+00
2.149624312443922103e-01
-9.843260933526687406e-01
2.404678774033405908e+00
-1.173261149476902743e+00
4.216497243876030782e-02
2.346891178204522366e-01
-1.818019167728633645e-01
-9.480257969416571173e-01
-1.304812610378056591e-02
4.147267036701385301e-01
-4.852828535371339624e-01
1.232612815768199255e+00
-1.826245628989534298e-01
-6.997406832006090038e-01
3.638343403199514881e-01
-9.157648629165211496e-01
-5.703705184155357655e-01
-9.659316656186814898e-01
-1.756506176150747778e-01
7.734378079828430064e-01
1.419737041545751123e-02
6.932824694977314239e-01
-1.193352875780209432e+00
-3.189767662868354114e-01
-1.153072788405187898e+00
-1.004374393224656048e+00
1.333062258829598445e-01
-6.055249198672726374e-01
-3.291069913623407422e-02
-6.722541009698259629e-01
8.113408355335845201e-02
4.179677349134796605e-01
-4.335659827038855219e-01
-1.321891574368018851e+00
3.571639648283616575e-01
8.322684589188587001e-01
-2.249752412832871917e-01
-9.863771931593994235e-01
8.336430148486586589e-01
-1.993248972411218567e+00
9.592128916158760843e-01
-1.484235513047072130e+00
7.734069573304087897e-02
-1.328221847187664784e+00
1.135008147329750416e+00
-3.084711235600720247e+00
3.601961212646123123e-01
1.851289575740173998e-01
3.438299251505166354e-01
-1.033772765965235152e-02
-4.915055523692192785e-01
-8.428795151495144244e-01
1.450130685017580467e-01
4.128155531944682766e-01
3.110402427384499902e-01
1.236567528035985575e+00
-1.101231079493689702e-01
2.226480033277287440e-01
-5.640874870416746623e-01
2.273373128464952625e-02
1.550647647230650739e+00
1.757453717919488012e+00
-1.809753644587941412e+00
5.059863324336530965e-01
-4.068149720113803935e-01
-8.323285035085303818e-02
-1.374715607464000733e-01
2.316012443181640901e-01
-4.190053398500973025e-01
-3.646166939349634872e-02
-1.734623177565157992e-01
1.732671638431010352e-01
-3.072860339350514947e-01
-1.114171165575938538e+00
1.105925689032914772e+00
9.231512694981486300e-02
6.357575122941615531e-01
4.625162379827688630e-01
2.024996075933183537e+00
1.065926836444400339e+00
-2.251109660506152021e-01
8.859018488542728942e-02
1.052151987853107845e-01
1.822985177995604777e+00
-2.586047747199197722e-01
-3.437136130564197867e-01
-6.176313612180179824e-01
3.413247066278637387e+00
-3.017072681846632021e-01
-1.801737447515453505e-01
-1.057957731801539708e-01
-3.168900233492246699e-01
6.039969302144062580e-01
-1.603020937394313616e+00
5.425977806884524135e+00
-5.821064379339916384e-01
-1.762726510717720907e-01
-6.119707779019680771e-01
-9.652107251573027735e-01
8.601345703214273719e-01
-3.578689256788853412e-01
-9.672344047021218250e-02
-7.608737379438491599e-01
-4.410234304287762308e-01
-9.174926623959375749e-02
1.908639003760188857e-01
-1.712616324180197547e-01
9.425490120112633985e-01
2.517785544331762271e+00
3.364057024632935433e-01
-5.297856785561945170e-01
-1.898594289755315412e-01
-8.575926901522232249e-02
2.527287749309490850e-01
8.413831814919081609e-01
-8.975716052556729219e-01
-2.400029396566248918e-01
-1.263234235385068405e-01
5.666697021545407109e-01
2.157497648252966749e-01
9.343509817436305986e-02
2.333060269351767413e-01
6.213911685091144665e-01
1.407586591445875834e+00
-4.359644245737618884e-01
3.918701910061193061e-01
-6.479860291868299038e-01
7.329909001605007246e-01
-5.946074387135137362e-01
-7.099893086071806803e-01
-3.370119293789567649e+00
-1.904116265308432032e-01
7.373546847266736481e-01
-1.201248436309858419e-01
-1.005609525771085089e+00
6.230455609329279554e-01
-3.899130532205112298e-01
2.263941001653589080e-01
8.801638116132080858e-02
9.916484422437786550e-02
-5.365116484809808600e-02
-1.079563892501084865e+00
6.332543240081096869e-03
-5.056275635532683221e-01
-2.668737824417357074e-01
-3.545060776771602473e-01
-2.643095941863395471e+00
-6.969879915269755477e-01
-6.763497362903492238e-01
5.017232526576169693e-01
-1.092880611033466787e+00
1.478316550280213693e-01
-7.190169215829927962e-01
1.342341934160771466e-01
6.649391972085640923e-01
-3.019810061060766992e-01
-4.569708805903164306e-01
-5.925381442000151599e-01
-1.091502142994717373e+00
8.338414376271821027e-01
-1.220113375006485201e+00
-1.005403388441583834e+00
-1.056862744659114339e+00
-4.523831297854064570e-01
9.203426924853171931e-01
3.493307351808245809e-01
9.212992965764416065e-01
-4.809233703452043818e-01
-9.179517854509386954e-01
-8.188637427937818236e-01
3.119795222746682417e-01
-7.137576532829804643e-01
1.491539904179315368e-01
-2.245264353349031849e-01
7.257555531508416702e-02
2.148613253418426794e+00
8.048999926250903769e-01
1.053668762629507816e+00
2.852198237421875948e+00
-5.398854578211065292e-01
-1.741932738067081265e-02
-8.600559396163407477e-01
6.014910989498031268e-01
-9.487225955497038399e-01
7.398753498297029607e-02
1.168773891870255044e+00
-5.810549622299706840e+00
-4.651591890647471250e-01
-5.822826892479053829e-01
6.728634561990141094e-01
-4.709365887989529487e-01
-1.160659922981820413e+00
-4.356704613935895587e-01
1.061698105123226044e-01
1.051969726746472267e+00
1.185282490354715224e+00
-4.207837379527697846e-02
4.350040595415360922e-01
3.771268800506296648e-01
-2.701423255200105511e-01
-2.697387330043015882e-02
3.739554839217718724e-02
-4.124364110834010111e-01
-9.838024905769567896e-01
-1.500467174001143489e+00
-1.561779915469554969e-01
-6.312326877356441157e-01
-3.811128841247024002e-01
3.397051272364582375e-01
-4.699277384660850432e-01
1.247499369023977872e-01
6.943135281400962810e-01
-1.584551306475018517e+00
-8.755696121033474943e-01
2.087227935814017221e-01
-5.310472984394200013e-01
2.740612806363685316e-01
2.204147353012201993e+00
1.741371349685867098e-01
-1.570008378165403326e-02
8.856148738300527734e-01
-1.315658051357922353e+00
-1.107850094501892924e-03
-1.750947108618855219e-01
1.875265397393285627e-01
4.708866427519140530e-01
-6.595491544876680434e-01
-7.429938023053991314e-01
-1.844212992164828480e+00
2.093506166710445537e+00
-5.623392127977430155e-01
-1.013126039752096474e+00
-5.957634712053984094e-01
-2.419490551854758809e-01
-1.046061737059529317e+00
-2.629238216843782228e-01
1.411803507586608886e+00
1.445734690308449144e+00
-3.495209594353161364e-01
2.861521929428410438e+00
-1.083844168865675250e+00
-1.770848406686394427e-01
3.725579386049878705e-01
-1.809424482646318777e-01
-6.796167536744869286e-01
7.795529597892504325e-01
-1.189742729559242485e-01
-4.131566506918087356e-01
-9.678166657692817143e-01
9.447537713263425008e-02
-4.794167174970777046e-01
4.542881665532235935e+00
-4.502661305585064611e+00
-2.762683634946739852e-01
1.036670183587466765e+00
-3.545585735677490580e-01
1.603874111551275572e-01
-1.596603327710392484e-01
2.631443913634430309e-01
4.586357180170560349e-02
7.217822855346752720e-01
4.225067292893494031e-01
1.530688137955650951e+00
1.731408411390093771e-01
1.024920821404593951e+00
7.930208613491045444e-01
1.427507041895514084e-01
1.939917402237118615e+00
6.075552930138924390e-01
8.484351184161295634e-02
5.573121813457092566e-01
7.483280199788335807e-01
-4.149921999499622260e-01
-1.870724095292179756e+00
-5.677498725968713744e-01
-9.723449745190810845e-01
5.283260923067985004e-01
4.417396530535544485e-01
5.361171175185511784e-01
-1.156905232604969358e+00
2.821058414752778964e-01
-8.980906680075966264e-01
-5.531155708608090915e-01
1.376984558684012594e+00
1.539331435691241312e-01
1.360093853823681309e+00
7.098565472212852168e-01
2.426107400466850084e-01
-6.243051616913226631e-01
-1.168982885971373564e+00
4.439484465997720064e-01
6.346443955511298363e-01
1.010270802097292586e+00
-3.355568629121394308e-01
-2.305144491340892721e+00
-9.814348965804305935e-01
-2.772851905707370168e+00
1.779990950390190896e-01
4.554568336796720462e-01
-6.595636614062931891e-01
6.393524958338240305e-01
1.142295488328397335e+00
-3.196385492585958055e-01
-3.058094614550240786e-01
7.528038950303879151e-01
6.531443055221499705e-01
-4.862137643619274030e+00
-3.981764538193056646e-01
7.327791036605574293e-01
-7.777483629590836722e-01
-1.150338501958730192e-02
4.803242299872492738e-01
-5.105615798852234377e-01
-9.214814931758343874e-01
-5.820839765316419001e-01
8.045366778192059032e-01
-8.468259563391428157e-01
7.184998753783854164e-02
1.096963000480797798e-02
-3.969435842018217420e-01
-1.165665127787988142e+00
2.409762750741896387e+00
2.757805206688601629e-01
2.965892225943697613e-01
1.486419838950563399e-01
-3.596482547972814636e-01
3.599330703769600820e-02
-3.232041945471418209e+00
6.945040613917546901e-01
1.692270775539086225e+00
-3.265263089532969842e-01
1.871467049858334120e+00
5.703186784942036347e+00
1.929923955693984838e-01
2.024359526057157438e-02
-2.754603695723349066e+00
-8.811236419981726131e-01
-2.927213528862754321e-01
1.061972504513012838e+00
-2.254067475750421712e-01
4.497809674288685500e+00
1.503170492495885247e-01
7.331371360086651190e-02
-1.053182948597202774e-02
-1.525712778767100763e+00
-5.282329771878946367e-01
-7.562877303147697017e-01
5.913638656884953049e-01
-2.078849783595482503e-01
2.917391390256669936e+00
-5.256799765843961358e-01
-3.624577022065012533e-01
-3.612082956797586786e-02
3.522335617175387790e-01
-2.627087148137509653e-01
-4.568247549855196099e-01
-1.655136091553106592e+00
3.069421995794516245e-01
1.801305202226304303e-01
-1.891483459575719200e-02
-3.419194296371081965e-01
2.446396783162417821e-01
-5.390351540875433223e-01
-1.311051050400539930e+00
7.318241082150417354e-01
-2.510729655129030347e-01
1.323660657884902836e+00
1.470413856615870041e-01
2.303989851365463970e+00
-2.857943808701984612e+00
9.093079962095063778e-03
2.268462846170191671e-01
5.079306351239690764e-01
1.609229934002210649e-01
5.627593486570329206e-01
-1.095517092935796466e+00
-5.920645835680472535e-01
-3.099613655797338829e+00
5.332248341110487067e-01
-2.155293071494850388e+00
-4.732058592071981540e-01
4.622883829372662068e-01
1.044242960261208553e-01
3.880099606373682564e-01
5.527853167057439343e-01
-2.002363481403137413e-01
-3.571671948788779916e-01
-5.002385431220948142e-01
1.137385409595870644e+00
1.635577802148551196e+00
-1.285891282256839352e+00
-2.990562091102236808e-01
1.261232347980533186e-01
3.046377891620308809e-01
-8.465124490521658274e-01
5.037080868024074176e-01
1.927397228676250629e+00
2.836739338382155973e-01
7.524704342322834361e-01
-1.393688346061594086e+00
-3.020008635193329252e-02
-8.399190373297947820e-01
-6.620552593939710295e-01
7.138103619351177098e-01
2.917461857777290390e-01
-1.708309191159610163e-01
2.454249813222355303e-01
-2.011710334943292711e-01
4.156472559547770285e-01
8.199769757688323002e-02
1.492460749676305154e+00
-3.011500485005420003e-01
-1.248122605645990868e+00
-3.375670833710958108e-01
-1.191779482735258355e+00
3.355993500750728553e-01
1.222774157422481384e-01
-5.083955732520133441e-01
-1.446745070282387247e-01
1.826227429533972269e-01
6.667490412223483487e-01
4.550719911939268836e-01
-1.694279748147702325e-01
9.368756489579105340e-01
1.037408029541724508e+00
-9.985146059896691240e-01
3.205698097109828115e-01
-6.217416550230633332e-01
-1.097827801802141900e+00
4.988581284783315944e-02
1.344534579213677895e-02
-1.945650338000630974e-01
-6.182294112383232010e-01
1.836615043275464931e-01
-4.287991163843680731e-01
-8.748822157727991974e-03
-1.666002851109507965e+00
1.636940598812227643e-01
-7.164796669407494933e-01
1.149390129807858069e-01
-2.709041646668929104e+00
-2.092823422303269620e-01
-3.772209074824989239e-02
6.988477716380742111e-01
4.071207026501857396e-01
-1.212292991810656195e+00
2.602646423748967486e+00
-5.963737453607088901e-02
4.586373111251510620e-02
-2.356124597554847711e+00
-2.495203382973288087e-01
-2.738465078575705314e-01
1.515787584429975299e+00
-1.166466548595140207e+00
-1.839338783027090862e+00
-6.417840122677169468e-02
1.781740043182765909e+00
-2.731045783380463998e+00
-2.926523700938654104e-01
-1.921192232364216101e+00
-9.743189949162812669e-01
8.174313181983815513e-01
2.984756999067998962e-01
3.175146288027015928e-01
2.094034931480613648e-02
-4.350509263509362290e-01
1.640460385903895535e+00
8.101052867119095113e-01
-1.253875462134950158e-01
-1.961212329450754965e-01
2.954602107569652691e-01
5.519896342262912287e-03
4.300182371015482397e-01
1.637176067422562831e+00
9.256131106919177398e+00
-1.091843528644990347e+00
1.214068113241669744e+00
-5.490518627019695952e-01
-3.446110765008368326e-01
8.113554112856934120e-02
-4.228711647216772285e+00
-2.257248407371359109e-02
-3.840043437321333242e-01
-2.889799418165089229e+00
-2.415344054352026315e-01
3.047969000677835938e-01
1.884752138804981270e+00
4.111609695446318269e-01
-3.636610976617228319e-01
-5.252506801717883311e-01
3.882331719416792226e-01
-3.327849557103479960e-01
-1.597587635146315299e-01
2.679232054511772043e-01
-6.356217350401143218e-01
3.431630153909638326e-01
1.485967888824017979e+00
4.006519767358460854e-02
7.612980388716203972e-01
-3.166910098072697632e+00
1.204877468836333815e-01
3.621013392957414534e-02
1.350551167755674520e+00
1.619596051326419595e+00
-2.285129143717354872e-01
5.034998259633209905e-01
9.368467583576344238e-01
5.140809990826005205e-01
2.358956421555808564e-02
2.306513461033306844e-01
-1.431021516705550667e+00
1.626069850052000332e+00
9.477374494101123981e-01
2.988346719648389271e-01
3.960774307431642605e-01
-9.851502771813960835e-02
-3.934575178037034993e-02
1.447827412652624712e+00
-2.312782868836305294e-01
-2.705564231192276736e-01
4.747515816301097619e-02
-1.654937511211767243e+00
2.208682343606997556e+00
5.535281774462578186e-01
6.975097647691714808e-01
-8.935276159912741711e-02
2.344610096601097704e-01
-7.184842140921733344e-01
8.424686726412645710e-01
7.377935460793085820e-01
-2.676745772262221212e-01
-1.757850403810500006e-01
-3.109694743137931816e-01
-3.033843842889762943e-01
-7.717486910874407635e-02
5.173189272656414373e-01
7.594452314036106433e-01
5.417316126000005783e-01
7.032826018858420181e-01
-9.685096645800065351e-01
-4.062163443196360468e-01
1.348989249127195145e-01
-3.250570795878321650e+00
2.619358054516209400e+00
2.527894814397922407e-01
-2.718624751849798571e-01
-3.476053987292719860e-01
1.238162502361517037e+00
-4.452981365072096187e-01
4.841494664173406903e-01
-8.337581147677913807e-01
1.234608234400194071e+00
3.138233095123633687e-01
-4.737081956616600031e-01
-1.028081832596600825e-01
-4.060400530481069192e-01
4.697890483990987964e-01
-1.084418963251078116e-01
-1.559114298564518775e+00
-3.325094048481593012e-02
-7.898289697999555381e-01
-7.011388083623183443e-01
7.251682250718201050e-01
-1.162568832249280953e-01
-2.176127611969466136e-01
-5.445772264168011884e-02
7.951487072070624329e-01
5.844451976423059580e-01
-1.315916176524873027e+00
5.189335432521188229e-01
4.779109442233726024e-01
1.127148992231851388e+00
-1.906688650321387013e-01
-5.518846075799506146e-01
6.699129334022201343e-01
5.042499014376375932e-01
-6.372893348152984527e-02
4.989109884112149507e-01
-4.401910991566538867e-01
-8.580809262949925520e-01
-3.855035076657709059e+00
1.368918406649234087e-01
1.129163826012496097e+00
-4.443738185262017804e-01
3.467357278619684902e-01
-5.277787765611064996e-01
-1.327624177244730030e-01
5.594603666377092610e-01
3.062180276217784658e-01
1.387580835327868911e+00
-9.467318449270559211e-02
-5.011639044449215374e-01
-1.709855730235263216e-01
5.594345307045932580e-01
-1.200620570981764251e-01
1.245318721518134109e-01
3.801521956265165730e-02
1.787950650969875044e-01
-5.549067068418196413e-01
-4.959640946927164618e-01
1.405963727060960122e-01
-1.679737515589455610e-01
-1.131413143550367428e-01
1.574590733261297670e-01
3.429260211591949048e-01
-7.527347404577084955e-01
-5.333244428818211258e-01
1.407387423300292983e+00
-8.016821505700673367e-02
-1.275414378174395680e-01
-1.441320476399694239e-01
6.442177576069805234e-01
-1.565816565864900367e-01
7.460300051381362207e-01
-1.929591899504709662e+00
-4.451162006357394785e-01
1.520260238216914195e-01
-7.841962632313155268e-01
-1.028535647579862156e+00
-1.167052415292181150e-01
6.447222255070743646e-01
2.463519579430773376e+00
