-2.492378589986416204e-01
-2.860197753285244060e-01
-1.508751743706865378e-02
2.522118065629512795e-01
-1.295793864829606901e-01
-2.356912098837087577e-01
1.078345576419462437e-01
5.493653856481001130e-01
2.279855789689023693e-01
-7.662998148751728467e-01
4.793932090933711865e-01
3.361544416899324150e-01
5.691696819330310797e-01
-7.992263910619291645e-01
-3.553954131390694715e-01
-4.626207835662675127e-01
3.587779019482018050e-01
2.775757798462507031e-01
-5.342026683618026350e-01
-4.235675937076331943e-01
7.253379873016918555e-01
-2.728953144125085828e-01
3.939582526176302890e-01
4.078714873990559875e-01
4.122048369673262935e-01
-2.318611308570731749e-02
-2.326532807380123080e-01
-2.787228904048877354e-01
1.761503688231618736e-01
6.417365584829358705e-01
5.789943405486666639e-02
-1.762357388252661361e-01
-1.369466491894477389e-01
2.996331042669699365e-02
-3.483726952884513839e-01
-3.057217264032353610e-01
7.722118594622291721e-02
5.011399716495308632e-02
-1.412263701352238221e-01
-4.234595390587160280e-01
4.951232309490838368e-01
8.507223364813949473e-01
2.561563224661284055e-02
1.174077460498981207e-01
2.907363521498421699e-01
-5.459050446182789340e-01
7.206964935244234427e-01
-1.539439507825005882e-01
2.127799156511375744e-01
1.411210470569694737e-02
-5.498994353076057662e-01
-7.642221728486089938e-02
-3.794351618658581837e-01
-8.517805143336090734e-02
9.909615632890907133e-02
-2.331083045404650222e-01
-6.984387765451561814e-01
4.989310671514796680e-01
-6.743905398452917921e-02
1.817921664972813323e-01
6.214041850954760138e-01
-8.796745696947819715e-01
2.034806837483382480e-01
-3.473160199495725076e-01
-6.228323924827103841e-01
-1.397024353002582209e-01
6.658496027747352608e-01
3.239168235371558957e-01
-9.886745407347991010e-02
-2.218452975925190584e-01
1.631852445471387858e-01
-2.508988154315746066e-01
-3.256649301674467978e-01
6.731351505553895276e-01
-6.267988019560721824e-01
2.934693340083956992e-01
-3.418845159611835771e-01
-4.842914480414102218e-01
-8.813099620859017602e-02
-4.067786538629895587e-01
-1.325483925073588365e-01
-3.721857049035733334e-01
3.368791702194033344e-01
-4.651251628702703922e-01
6.049372436327613012e-02
-1.440280017672374013e-01
-2.107494623471788397e-01
-1.420300258409601668e-01
-3.993386601972123695e-01
-5.363299248552105825e-01
6.002004727550654950e-01
-4.655415864308604795e-02
2.618173961246570425e-01
-1.603650925450822717e-01
4.173242055544489071e-02
2.441471063575004763e-01
-1.821541695324812304e-01
4.670731197043771071e-02
3.380356538944728206e-01
-8.080282916777130342e-02
3.110752313127114130e-02
7.180165449317227333e-02
-6.558693698772278813e-01
-2.796877136629424832e-01
4.100240525376100953e-01
3.688977227647175818e-03
-2.178030915699439851e-01
1.598613078916244490e-01
3.695871405091663009e-01
-5.578762998176620691e-01
4.891494756977256553e-01
2.657940243610221187e-01
-2.361597239527107178e-02
-7.263438842660331629e-02
2.557380115288022115e-01
5.619799823311896203e-01
-1.824409745279936546e-01
5.467883610247846748e-01
-2.017963426982461450e-01
-4.536123478190441372e-01
-1.877172142990064518e-01
-2.453513013334963355e-01
2.808666932787568654e-02
-4.648071417831158292e-01
-2.295918072563198076e-02
-5.196743399639937033e-01
4.324008974495637259e-01
-1.786016118202015668e-01
2.851226018119183414e-01
-5.682139719737961947e-01
-2.502865239138035713e-04
9.103165545065534936e-02
-1.366111228581413095e-01
3.991933767171690906e-01
-2.180153382153885988e-01
-3.714897507085643813e-01
-6.347439744139090623e-01
2.446129645529337704e-01
2.127721914228891398e-01
2.401311042709036725e-01
-4.500288029660601818e-01
8.359757735476294749e-02
-2.322580014982657814e-01
-3.778770268396290377e-01
-3.596720911419670763e-02
-5.416629409555492880e-02
2.433075810963109820e-01
1.107990954171632181e+00
1.854822559350862987e-01
1.220320841550494306e-02
-3.053049939505976182e-02
4.292127087874934160e-02
-5.401387289556050519e-02
7.356715478029826616e-02
-3.130777425442873851e-01
-1.031022245068664717e-01
-5.071678316725204416e-01
-1.015266454387290240e-01
-1.026910720771769120e-01
1.382361298114213877e-01
1.674874197400418596e-01
6.120111864561894599e-01
-9.631447544033524544e-01
-1.722091304472216922e-01
3.893475427688761759e-01
-1.949254698409585984e-02
-2.300136964382289984e-01
7.608099917792331413e-01
-7.064177375103500856e-01
1.449748635275689146e-01
-3.627283728664535412e-01
-7.788728214093756375e-01
2.104402363036924906e-01
4.142181198878193138e-01
-7.041752609468427959e-01
1.169920347633569113e+00
2.861043463738267567e-01
-5.013586578149460404e-01
-4.108094799222442584e-01
3.652097211340050720e-01
2.036707083026015330e-01
2.099223413726888920e-01
2.831032088438497074e-01
-6.988927704475691449e-01
2.954927876317738344e-01
2.304133269930548344e-01
-1.557034454934797529e-01
-2.179133999450562631e-01
-2.555010036877448099e-01
-4.150216514251509059e-01
1.844432004872230135e-01
-7.943406994678800515e-02
5.547454135138953080e-02
-5.408479864883757315e-01
3.518444711499116861e-01
-6.063190668759019797e-01
-5.240317902017171958e-01
-1.305038357502048108e+00
3.267023990530453226e-01
5.711904216215601959e-01
1.745239568642233396e-01
-3.940613186999283868e-01
4.844477491380872469e-01
-4.099295729806168298e-01
-1.311560983463387897e-01
-4.824788395655607021e-01
1.759380732921978496e-01
-2.306970819638607673e-01
-1.470522214411540407e-01
2.756639974282752981e-01
3.815176417075142323e-01
3.255019060404371056e-01
-9.934527084109648354e-02
2.017857988483905129e-01
3.315039343197009880e-01
2.252778758397578351e-01
3.560646590894226554e-02
-5.728060952136975609e-02
7.185956961604358373e-01
1.689514953800002467e-02
-3.251430247261145046e-01
1.471404235245573067e-01
-2.982937566069693291e-01
-2.890536707683307727e-01
1.986701682924137680e-01
4.028708338274986644e-01
1.450779620316433594e-01
-4.681123934189220792e-01
6.620830909178851420e-02
1.393040585018849864e-01
-1.424902956082603200e-01
-1.977648205777071122e-01
5.338919211619778116e-01
2.376910527159245556e-01
-2.995005187502554622e-01
-5.436891840734958681e-01
-2.529602996704643503e-01
1.027485382338789444e-01
3.866955142116178523e-01
2.642006396783820876e-01
-1.255195275688979484e-01
1.501792960951124634e-02
1.290811766969547580e+00
-2.262171297777349821e+00
-2.583897608956012282e-01
4.176916292709040857e-01
3.191567976834027709e-01
5.027256430004900523e-01
-1.997996203155653350e-01
5.662932817642515326e-01
4.577529743336616885e-01
-8.644563447184350213e-02
-6.644868069535647681e-01
-3.575356515688676851e-01
-3.462311467432240830e-01
2.528660842789028917e-01
4.717107949245584742e-01
-1.376583638599019055e-01
8.433290949152191240e-01
-9.934666898781599476e-04
3.909100381486407816e-01
5.561518354540404552e-01
6.922746688641124857e-01
-2.331624713440209051e-01
-4.145308447752576661e-03
-4.421343614834343239e-01
6.009527035988224131e-02
2.742282515039366486e-01
2.658335477470685770e-01
-5.958203229287419855e-01
4.197022284995516883e-01
1.449579575479964966e+00
5.651643713803575775e-01
-2.383735286481585836e-01
-7.739490564279706275e-01
-1.242374287199344146e-01
8.362523079069074383e-02
-9.204277555358669066e-03
5.555683209256372102e-02
-3.495021826938524145e-01
-1.660671286982546568e-01
1.728191287505353446e-01
-4.245712633444203576e-01
1.324574577206361764e-02
1.062642744504854880e-01
-1.105432642879521810e+00
-3.140354727463279816e-01
-8.008230864725937037e-01
-1.092745397689502546e-01
-2.902525269296472588e-01
-2.157648180054398956e-01
5.598456107084572031e-03
-1.764978458726193244e-01
-2.174432433801221087e-01
-6.783073470406915106e-01
-1.009258068134946784e+00
2.276654782709745251e-01
-3.354255327893194139e-01
3.970772140693747954e-01
-1.956562768848956468e-01
-6.439411954288234985e-02
5.375035975676253908e-02
3.035063415056766800e-01
2.721440536827313683e-01
-3.477808948368942832e-01
5.031440809989011775e-01
-5.967496090275804521e-01
-7.381637339090138528e-02
-4.432552178562171874e-01
-5.763774891310092796e-01
-4.666370806496902834e-01
1.746624934941370388e-01
2.872574797586954221e-01
3.055640610465063522e-01
-3.318654952867163832e-01
-5.137641934221232054e-01
1.542749598396146726e-01
1.343670663938452137e-01
3.486061380275555233e-01
3.705250817021794596e-01
5.357830212443854406e-02
5.917926988318770176e-01
-3.639567174727652010e-01
-4.322537183856710041e-01
2.751007339347023017e-01
3.568588288919419260e-01
-3.895082123963574672e-01
3.177569037856456946e-01
4.025874362686723829e-01
-1.782980571731804242e-01
-8.154145304539281436e-02
9.780820074965028699e-01
-1.567790605568111090e-02
-4.441456667052290364e-01
-9.653338014548620283e-01
-1.489467883462845532e-01
2.378597797948103221e-01
-2.086394302491775821e-02
4.169615542298387156e-01
2.479399076083775022e-01
-1.882604885316064847e-01
-5.285741267414987288e-01
9.608808747809090278e-02
-3.056764885959543099e-01
5.652114755755049957e-02
-2.535087460708358442e-01
-5.856799081183294842e-01
1.998957137573683096e-01
2.707476856196834869e-01
2.609390016177599858e-02
-4.288161485054655664e-01
-4.737896900939950751e-01
-2.586673161013206546e-01
7.504262886922014042e-01
3.089894471861971970e-01
-4.797346197655437128e-01
-5.756687652152917001e-02
-1.258003740215297150e-01
2.617201481446431166e-01
-1.701443185945828163e-01
2.349069707290115661e-01
-6.360101214134411540e-01
4.075676345102711151e-01
-1.560425717855994099e-01
-6.973495729059628889e-01
-2.502877027086909401e-01
-2.092815812250592988e-01
-1.513511943511295643e-01
-1.167764026426614671e-01
-2.321445577871892318e-01
5.564680511947177610e-01
2.734927501232832237e-01
-1.605029623833608560e-02
-2.703985775063608710e-01
3.051551308061568601e-01
-4.676744023513663140e-01
-1.662014805474086587e-02
-1.815250503148357897e-01
-2.348732486146614534e-02
-3.305891904936912318e-01
2.849628137374409786e-01
1.626298745680700431e-01
-2.376198424331814052e-01
9.738429167088736849e-01
2.443492865957370697e-01
3.036040048458268914e-01
1.753822947537805044e-01
-2.258268450113043169e-01
-1.029707324481149655e+00
9.153744373748839980e-02
-1.183318869513665106e-01
-6.179188867873717239e-01
2.293817007942850206e-01
-2.455878227870817165e-01
-3.851674132511651027e-01
-4.424185761934343319e-01
6.139139972750887742e-01
2.356132800615879930e-01
4.415255281087208106e-01
2.255265736776883301e-02
1.355288310879891323e-01
3.979419005842773083e-01
6.246633006834612090e-01
2.416247344867916702e-02
-4.971535494124728616e-01
1.160403793380310883e-01
-3.702581941697174472e-01
3.713850653996111362e-01
7.526812468956376456e-01
2.320447003070464642e-01
4.297182790580662548e-01
-3.530739750206923766e-02
1.256918402425747650e-01
-4.796662570040312601e-01
-3.621959693749298159e-01
4.034327148629079929e-01
-2.058567541234639364e-01
1.039260599066239577e+00
-2.988419700190956263e-01
2.592974998513680185e-01
6.988833935391917107e-01
-2.180435885661766993e-01
1.125001554450134056e-01
-4.852209119050024944e-01
-6.011526170389165369e-01
-2.939825793288535216e-01
1.060547525775360628e-02
2.763857051754736727e-01
-3.884183519501475113e-01
-1.278151525161225488e-01
6.621994896123714613e-02
2.589369683403012212e-01
-1.803863383621035280e-02
7.806173049983529399e-02
-1.756238336251997045e-01
-2.841288842414472354e-02
7.271823315129066767e-02
-3.375191068763435109e-01
-6.862732190698714319e-02
-5.537288762662329056e-01
4.045902874823811834e-01
-5.236484733673802960e-01
3.450742541613673886e-01
-3.865193587881553539e-01
7.995575109941762681e-01
3.058307349416030108e-01
-9.544792926385006759e-02
-2.757332258341713693e-01
-1.313533267837871041e-02
-1.541059349101708553e-01
4.390791605438557621e-01
-6.992468589125182266e-02
8.304450994299654443e-02
-6.546172817758481866e-02
3.158968125323735610e-01
-1.669960083069745305e-01
3.959024491743514118e-01
5.113608109884298925e-02
-2.890214473922347871e-01
1.404797691247322289e-01
3.344749537710549614e-01
2.239759334265300009e-02
3.860782721862666966e-02
-3.255915950158558975e-02
1.857962926183558683e-01
-8.715211492983990227e-02
-4.769474976435352787e-01
-3.420788867705862324e-01
-3.278305372489707104e-01
-4.140218462710674174e-01
1.638562522926765783e-02
-2.626551365675111605e-01
2.023212382141071908e-01
-4.273677057949427094e-01
7.979371359777398531e-01
1.117965487008801828e+00
-1.372138250910585888e-01
-1.307498770330671189e-01
2.274889185766043320e-01
-3.264966365714960794e-01
-6.384136403391003078e-01
4.769872139304201508e-01
2.860303164462081327e-01
-9.105082775718245092e-01
5.160149371333779822e-01
-1.970894216139200961e-01
1.218038038087644881e-01
5.057511915872222596e-01
9.638304841088027874e-01
3.034458461886808608e-02
-3.102199305383851469e-02
-2.380122897866440157e-01
3.755559614402639856e-01
-6.092959726633633277e-01
-5.106475366171991243e-02
-5.294799759147278406e-01
3.629015960539624386e-01
4.071969951512696140e-01
2.044040846957748958e-01
-1.438952408755284906e-01
-5.789605114088258730e-01
1.830137636420227643e-01
-6.436224262132878016e-01
-2.308342886623251100e-01
-2.379321696595479985e-01
-2.982754931457251013e-01
-3.585210681316504111e-01
-1.144772660446497121e-02
1.476758042436010498e-02
-2.517238700932279971e-01
-2.396546442007370381e-01
3.391633841874648891e-01
3.180154956078847794e-01
-2.243743622030588691e-01
7.256987346188268351e-01
3.339835893265206135e-01
-7.301632355725672374e-01
-1.436826759970047940e-01
1.817607643691452335e-01
-3.518561850626542031e-01
-2.833062928522941393e-01
-1.647198353251017877e-01
-5.294056655001586759e-02
-4.089597028798738071e-02
1.383077940411938933e-01
1.851823956072903565e-01
-5.619503514699384500e-02
-2.317588046131887625e-01
-5.591328132954469510e-01
-6.973902634446239590e-01
-6.890533483318532770e-01
-5.426475851941994777e-02
1.514454850958926457e-01
1.992179449431306648e-01
-5.531983046181114805e-01
-3.334797971518057569e-01
-4.777355293192305785e-01
-4.786756234398966137e-01
4.109725890451745300e-01
-3.966323266092841027e-01
5.361870237173709253e-01
3.554766393756942366e-01
4.861238508603268893e-01
-6.639158654633033063e-02
-5.348520447430643587e-03
-5.701270612294099399e-02
-9.529089120531650248e-02
1.859718436803520225e-03
1.980109009876727666e-01
3.497932850833424534e-01
4.048641727107331056e-01
-2.091780842376475547e-01
3.621020223591645687e-02
1.401161090940391540e+00
-1.374867748804131096e-01
-4.622965166102501189e-01
-4.860569381817376744e-01
-6.949433236749164022e-01
3.981517738299191755e-01
-9.375871191733384236e-02
-2.168338108684322862e-01
-8.574871058023075809e-01
-2.181785996760491064e-01
3.816819068457374953e-01
-1.616553571285532509e-01
-5.362780306353459592e-01
-4.353391596246856121e-01
-5.645559936156471781e-02
3.761563589618156789e-02
-8.101456173943245576e-01
5.853467879938628604e-01
3.110317275482705202e-01
2.183477355448745494e-01
-2.051234648413205464e-01
1.900893853101300324e-01
-5.435117262714093123e-01
-1.772686621871420454e-01
9.713725844084304673e-02
3.908839637211806717e-01
4.597905276521724871e-01
7.010199516678131682e-01
4.026049315808057916e-01
-1.979895116169180791e-01
-1.823021371474900232e-01
8.029594621449541447e-02
8.141023381428733052e-02
1.683236903425111286e-01
-3.158625769126236493e-01
-2.244611315512340943e-01
-2.510622790859949882e-01
7.463976034114366831e-02
3.029965845617286213e-01
-1.854214718396992034e-01
-4.270509247385450013e-01
5.133015839294763349e-01
-1.377872258380040682e-01
3.795486296433082662e-01
-6.956779669290061308e-02
-5.777267672435675017e-02
1.051616180479933993e-01
1.749345022215328949e-01
7.704396341389187219e-02
1.388855647391511738e-01
-8.940428020443583201e-02
4.455861212129863524e-01
-5.993684182895812063e-01
4.267300736786212023e-01
2.334151424398154540e-01
9.686171319157081683e-02
1.627639695907529688e-02
-3.042814439884915512e-01
-1.023254932646305709e-01
-6.326199466015620665e-01
2.207310898657917630e-01
-1.413126281329932510e-01
4.006043305176534286e-01
1.267942471576196939e-01
2.970280308968292204e-01
4.624857885189656015e-01
7.023406011030131069e-03
-1.449677885061651794e-01
-1.713928515313091483e-02
-4.866214049741247605e-01
1.341877880133330869e-01
3.338707252821537796e-05
3.846434153861943428e-01
-8.559044301895198104e-02
-6.236801576486008525e-01
-1.990620708859116017e-01
-1.541099677017599145e-01
6.780813726586043533e-01
-2.459862267300536587e-01
-5.440602083858147031e-01
4.314005479415000677e-01
3.197091252547569207e-01
9.540904335679079029e-01
-5.445366738631060022e-01
2.235105439005453665e-01
5.132162734610141719e-01
3.840872869175133708e-01
-7.671812989879159828e-01
3.622666089339156570e-01
-5.557114932896529691e-01
-3.162506377084506326e-01
-2.091780450642432843e-01
2.566299224842050544e-02
-4.953061692152766482e-01
-6.563721320380878632e-01
-2.029972877746041016e-01
4.018312705518498618e-01
1.154385590735930167e+00
-4.123060613475379999e-01
-9.784444364133312866e-02
7.173993115587674607e-01
-1.703739367744051825e-02
-4.990964348379198778e-01
5.227992788384154821e-01
1.488351465659779604e-01
-4.180637647382206001e-01
1.696986500576826429e-01
3.479849673308288427e-01
-1.193947211002276965e-01
-6.444695561982844989e-01
-1.023808612744611796e-01
4.646149662268034275e-01
1.145510011480285195e-01
7.426769785541612046e-02
-2.294602840579099828e-02
2.469790097360098635e-02
-7.627074453348596794e-01
3.260966359938792802e-01
-4.306193919281843252e-01
8.195399177352927778e-01
