-1.934038416473026767e-01
-1.469263983813852703e-01
2.121208427807258837e-02
2.711373021925566618e-01
-2.306697950080698611e-01
-5.768213498608099066e-02
1.836664013190055234e-01
3.308650869469046962e-01
2.521356531890270314e-01
-7.362993760017962908e-01
4.820621186005763503e-01
1.937850919086654689e-01
5.875387987599677286e-01
-3.284164982278832134e-01
-2.208706376631200674e-01
-3.776380835887560017e-01
2.788035197264702170e-01
4.004323913021122228e-01
-3.982834521375859249e-01
-3.087002718262453760e-01
6.401380532045195526e-01
7.793648617634572201e-03
3.525027021802530913e-01
4.632998747254152838e-01
4.619838643318034399e-01
1.556490490028295537e-01
-2.686006372580438395e-01
-2.126019696729021524e-01
-2.449186985073019407e-02
5.681983561456378506e-01
-6.776780886224670342e-02
-5.239159170791153619e-02
-1.552310863216325165e-01
-1.911640849802234005e-02
-4.044727479922396451e-01
-1.387215351536234993e-02
3.454163839800043073e-02
2.796083947262741898e-01
-1.429860277706157534e-01
-5.032872883233625583e-01
-4.046606934004696732e-01
8.070818821547242061e-01
7.920213685715807306e-02
1.428052188169570969e-01
3.073339760451244129e-01
-4.356628506486392438e-01
7.694298779925824450e-01
-6.204014492224443900e-02
3.772596879069476938e-01
-1.655923827994966457e-02
-3.936344149272169579e-01
-5.149583321600426783e-02
-2.919946817121314431e-01
-1.306379828234076335e-01
5.279681121937013222e-02
-4.055685939256523098e-01
-6.109894395818232793e-01
3.312706139922081405e-01
-2.903507594242398238e-01
2.395230701847498866e-01
4.475898470972902166e-01
-9.742524243894095104e-01
2.228496044802165121e-01
-1.984116092350581284e-01
-5.325089332921573160e-01
-1.550972386642874845e-01
6.964320593678238192e-01
3.697553659558380224e-01
2.566445705942606292e-02
-4.319782140968084216e-01
1.057661214219650370e-01
-2.339684243428770127e-01
-1.775552921369340786e-01
2.150808073473293724e-01
-6.520404499778560403e-01
1.493377109384744494e-01
-2.609081805804283616e-01
-7.200789253595656358e-01
-1.524821901800647028e-01
-3.837769213558537840e-01
-2.314754168865123807e-01
-4.658606550123480239e-01
3.761085895644920019e-01
-3.298664989663430691e-01
-8.994462387302670781e-03
-1.574677312586508227e-01
-2.169050086224376950e-01
2.469814959970321674e-02
-3.061786711840678854e-01
-4.132921014269400617e-01
7.809458300885238069e-01
1.593563593942071838e-02
1.671435733716908345e-01
-2.283357043131979403e-01
1.155462303592073442e-01
-1.913020128883769627e-02
-1.375228955346595727e-01
1.300305401765731173e-01
1.127927242043775535e-01
1.000977931536393972e-01
1.162573762261321642e-01
-9.540574667689680211e-02
-7.908225513314176558e-01
-5.630383593624187499e-01
3.890710993407410778e-01
-1.155817400544443922e-02
-8.618360884640875741e-02
6.780467857746746985e-02
4.140830440933480072e-01
-2.037388345006772294e-01
5.574791656115017924e-01
2.095607331057353362e-01
-4.241056767265668354e-02
-1.797458649037556033e-02
1.017602174912338314e-01
5.725472563464959475e-01
-2.943896418394927328e-01
5.271800895740175186e-01
2.394430014477413882e-02
-1.654248776257827291e-01
-1.508029794452779848e-01
-3.699283605853582735e-01
2.179256824721746916e-04
-3.640053124127901607e-01
6.272173770365893630e-02
-5.058689016276446404e-01
2.521411573892467506e-01
-1.715700579276931981e-01
3.050412051730207463e-01
-4.735737131748522510e-01
9.344885533232306918e-02
3.107228487304736775e-01
-1.555323216735954583e-01
4.098067357791961851e-01
-1.160923588564195114e-01
-3.627620779915519122e-01
-5.272407507243462854e-01
2.338577027136433117e-01
3.445623140012621932e-01
2.418133312624314024e-01
-3.835984269638500477e-01
1.489506448101358439e-02
-3.616358879722592068e-01
-1.708761819649116942e-01
-2.395777569626102721e-01
6.107385345331358545e-02
4.107729411612485726e-01
8.200884242032020488e-01
2.306436398887156958e-01
6.005762295586893756e-02
1.392163621856443989e-01
2.133655146629594851e-02
-7.199510476052239927e-02
2.037776523074862067e-02
-3.144745281990060093e-01
-9.686149530074071590e-02
-4.828062593908055145e-01
-6.872174996656782442e-02
-3.218574415634550129e-02
1.232613331900476589e-01
1.591348137209751545e-01
5.484884625268174885e-01
-8.792381422626699417e-01
-1.042909431416129129e-01
1.732162612029714555e-01
8.449496788716415185e-02
-1.934746864543542555e-01
9.326115454622848633e-01
-5.076028220996814388e-01
2.867859957166893903e-01
-3.755595996754215182e-01
-7.022424911694526983e-01
3.834897465637490122e-01
3.449632918058593289e-01
-5.930267580161914243e-01
1.197728992179381891e+00
5.477650581776126737e-01
-6.035199734557396001e-01
-5.543848235830926008e-01
1.804789194959630083e-01
2.604414207533677916e-01
1.451038294362587133e-01
3.382401883094079409e-01
-4.400405256823156641e-01
1.823927532181339739e-01
1.935714687890221497e-01
-8.809753447929263848e-02
3.433145429549175343e-02
-3.185891739359435482e-01
-3.826596090577092379e-01
3.364529822897265321e-01
-7.176398390386830306e-02
2.676727633608636525e-01
-5.657853177976071013e-01
3.424426557507547209e-01
-5.192921043973541817e-01
-2.394761652095382387e-01
-1.334395325993607440e+00
2.689395713571128832e-01
3.683319794763287858e-01
1.000903963422433152e-01
-4.386574699054874293e-01
1.261463470828471656e-01
-3.668983834047862547e-01
-8.710063454711851338e-02
-2.649374379722529427e-01
1.355957255560456265e-01
-1.695400960524910128e-01
-8.066545182849153839e-02
2.444610732337516856e-01
3.428794517200055569e-01
3.711953290221569612e-01
5.744294602622286583e-02
6.423049487221564602e-02
3.747716812456977631e-01
7.338339896086949476e-01
7.751780048742626383e-02
2.099755441804164804e-02
5.662464183683215690e-01
1.437571473993202453e-01
-2.718202391428276576e-01
1.376158029285093065e-01
-7.049807404465393557e-01
3.159513297944213650e-03
1.307559835534332082e-01
5.129074510064383086e-01
5.432450010034613891e-02
-4.275700531380504099e-01
2.597054316608750357e-02
4.366135260899533035e-03
5.236017389434564906e-02
-1.336113516969532899e-01
4.643005826466661268e-01
1.366932810502941367e-02
-2.770499708570502984e-01
-3.967334871768302129e-01
-2.848350675828061895e-01
8.491754153359144797e-02
3.875474340110581228e-01
3.280433076496653277e-01
-6.890125906584196585e-04
-2.401892536523956862e-03
1.051817147476386965e-01
-1.318608548779570233e+00
-2.708218670859640631e-01
3.427609740460952348e-01
1.972995002936723252e-01
5.249917525961722564e-01
-2.661452674970338772e-01
4.690829113734513722e-01
5.689353226577729128e-01
-4.207934519074102431e-01
-4.976402147459007552e-01
-3.190149154123740338e-01
-3.126109102822871022e-01
3.749863941631874642e-01
4.693666543803382551e-01
-4.151923852123202974e-02
6.875811766036495909e-01
9.677149177457998463e-02
3.509063932456256696e-01
4.538913728151831584e-01
7.189061456551072427e-01
-4.174077363261121665e-01
-5.479773098345703392e-03
-5.143525738781306034e-01
8.246623015128956569e-02
1.804649477220266474e-01
2.662905906802144895e-01
-6.045289761939843798e-01
4.393818954891411943e-01
1.062725925037619090e+00
3.070121797374044115e-01
-1.225050267380065200e-01
-8.715174752071875863e-01
-1.628586544176126305e-01
8.237614291903827546e-02
-4.011804427642947507e-02
8.940507412518876318e-02
-2.884289056828461262e-01
-2.145481081666660017e-01
3.224350320563160732e-01
-4.393866624589799486e-01
-1.036200581119228886e-01
-1.009508897358631779e-01
-9.533728427678419548e-01
-2.452339143925250931e-01
-7.877687759946466750e-01
-1.146376921766556131e-02
-2.404205890712088900e-01
-2.380621760413361154e-01
3.043876541235512878e-01
-2.015375119999189002e-01
-1.718706252247119981e-01
-7.227206145239637447e-01
-4.026976348129931438e-01
1.943459268179042188e-01
-5.672551233606394627e-02
3.450840759445104600e-01
-9.211646556448306600e-02
-1.437958595928134631e-01
2.914795188168489357e-02
3.421825208500676729e-01
2.403849923742124306e-01
-3.997658897040956005e-01
3.618924451688004251e-01
-5.063511694849839317e-01
-3.471592120120066405e-02
-4.894652783475607061e-01
-3.159503929584177584e-01
-3.872207350109298507e-01
1.509626792054336586e-01
2.824304061032127389e-01
1.882928341360874669e-01
-2.066982411744539838e-01
-4.875134655088399493e-01
1.733917796376689968e-01
8.509264000628286029e-02
5.480597782913074201e-02
2.185668215035588002e-01
-9.867682919773086703e-02
6.241752840619574361e-01
-4.309999582514678074e-01
-3.904176997313661968e-01
3.282047995073745228e-01
5.062836855128055591e-01
-3.087234626182579489e-01
-1.660191659928507146e-01
3.143408223098079213e-01
-1.197217273542099635e-02
-1.103216685746722242e-01
6.304577895672011101e-01
-8.222029420103153796e-02
-4.155416689926881846e-01
-8.987151349993418581e-01
-2.223205444046753576e-01
2.773903695385076529e-01
1.288001115703258648e-01
2.032908780089362211e-01
1.846396582161878852e-01
-2.879505441539473853e-01
-5.593352529491982805e-01
1.176687650887590642e-01
-2.111360792824459320e-01
9.586706978522546718e-02
-1.414266413053518745e-01
-7.024087710135710205e-01
6.861619866829989089e-02
3.828704329378456173e-01
1.877439625887734331e-01
-3.987691024022831376e-01
-4.355496988579862783e-01
-2.570587959148686319e-01
4.296273000858835123e-01
6.733788985117182824e-01
-3.224312030755496772e-01
-1.456230801354738980e-01
-8.984655137193719998e-02
2.843658272450323987e-01
-2.392686510435100833e-01
1.958645809662570292e-01
-5.643908639328348853e-01
3.734449410154830340e-01
4.689209414787703228e-02
-9.608637962169687130e-01
-3.493304346040466690e-01
-1.275971094861806654e-01
-8.394428624667370220e-02
-2.290665520116765830e-01
-1.312052506770932103e-01
3.862600079057293412e-01
3.272829581685687272e-01
-5.683002963063882307e-02
-1.750558087351181402e-01
2.276127945253200169e-01
-3.447038396589656717e-01
1.377103310488415611e-01
-1.576052337905030909e-01
1.456018265917216441e-02
-1.779245734666848600e-01
2.657115548583020570e-01
1.402977345523023223e-01
-3.571854683610449777e-01
6.400877493821647279e-01
1.000186296797200697e-01
3.584121713030082312e-01
6.785833204068363045e-02
-2.382815729730936860e-01
-9.042007898336131833e-01
2.068718128818354818e-01
5.953855930439874017e-02
-4.582755882611970200e-01
1.874603958190553810e-01
-3.479069122428145033e-01
-4.042772296300457535e-01
-4.069748779128430360e-01
7.332986021116446596e-01
2.627692585903899647e-01
3.464757146203271132e-01
4.242292753100397606e-02
1.645203493009556039e-01
5.530554870489382546e-01
2.110259367707593148e-01
5.691504500728107596e-02
-4.714141586592270339e-01
8.426713633877831733e-02
-4.065242484208398954e-01
3.688935208054769377e-01
7.671577560908756643e-01
2.562505582948674254e-01
3.611070321541562933e-01
5.641599485686919768e-02
-5.715014012039863062e-03
-4.729599559993044045e-01
-3.292835633607858470e-01
1.843518895494854759e-01
4.932399970065262651e-02
8.456509898729844821e-01
-4.402861932687618940e-01
2.000150862499310844e-01
2.701240499901064740e-01
-3.131460474932201143e-01
1.553893081332491100e-01
-2.743300924947594810e-01
-4.331796196780139940e-01
-4.899587308407430952e-01
-1.383980315124529485e-03
4.585321793264723333e-01
-4.214362015932741623e-01
-1.975548746372670639e-01
-8.236265098046131883e-02
1.571331653135866535e+00
-1.431033224966773709e-01
7.353156765897495006e-02
-8.326465941692540174e-02
8.032886425134858066e-02
1.432033451261681967e-01
-2.888135681461627136e-01
-2.918649436062456526e-02
-3.934195937746936544e-01
2.625214637024291253e-01
-4.734268637585726802e-01
4.820462853058696817e-01
-3.596642535740419699e-01
6.604310671583586423e-01
2.290215168769797749e-01
-1.096683340747678925e-01
-2.469738598274570374e-01
1.997880390455600008e-01
-2.820901794835850018e-01
6.298280237233540024e-01
-1.719094226094420863e-01
1.561959074525447189e-01
6.762119773840280512e-02
3.572342073382325789e-01
-2.709121888323883232e-01
4.267829981874674550e-01
-1.199158281075900397e-02
-3.483869886581152375e-01
2.352987074620040142e-01
3.391097507446584891e-01
1.198601950514665004e-01
1.468354145686860956e-01
-5.388507121855106580e-02
1.721801913463957001e-01
-2.146945241560347106e-01
-4.468727334559194908e-01
-3.649119470935708320e-01
-1.655243807958412250e-01
-4.044198100298853626e-01
6.397460986090511281e-02
-1.154950972789515196e-01
2.315343058631348927e-01
-2.721046722302591925e-01
8.499834120753793076e-01
1.121180646464271735e+00
-1.329538422503649675e-01
5.185796488772757840e-02
1.167935905356272674e-01
-4.224089085004040234e-01
-7.348935718982404497e-01
-1.167544732021244674e-01
2.103628202152669491e-01
-9.629668395309520790e-01
5.037473658189048908e-01
-1.689468572125471246e-01
-2.361755825844088497e-01
4.896955650060423326e-01
7.148662908690768258e-01
1.904188076260267259e-02
-2.333337691586463702e-01
-7.291183724167743518e-02
4.486851556650677808e-01
-4.009602550277407973e-01
-1.596879387718978249e-01
-6.144103134292033808e-01
3.555420354888077505e-01
1.236561465009109240e+00
2.086880454410234287e-01
-9.981386390899411876e-02
-6.543125936215599125e-01
2.544598507368304730e-01
-3.757210036385514873e-01
-2.643245294412083224e-01
-1.797537408876371812e-01
-4.659057661426627694e-01
-4.212199210839120411e-01
3.268224660188495667e-02
7.533410849415082822e-02
-1.741770211897225307e-01
-2.759095382767143279e-01
2.873973694949362168e-01
2.970895684888420485e-01
-1.501593246372546209e-01
9.536692589558054545e-01
2.280095045060329950e-01
-6.171077902174501029e-01
-2.314037265546614319e-01
2.369588995533623843e-01
-3.332903118809884546e-01
-3.189665331786334379e-01
-3.398796653950728053e-01
1.136675406605570093e-01
6.621678973448986115e-03
9.223162139703747209e-02
9.394762278844431824e-02
-1.430501813238796265e-02
-1.208551771991743379e-01
-4.892868856845243863e-01
-6.592334552451558638e-01
-7.815410871448268404e-01
-9.582694959396130530e-02
1.067056710426591420e-01
1.667623293982435917e-01
-4.691465777218122302e-01
-4.118291369113233902e-01
-4.401553061997000582e-01
-3.250506431001196073e-01
2.066080797987137896e-01
-4.943092111107693087e-01
4.809585230575180170e-01
4.293596048077835681e-01
5.726561186015032279e-01
6.189484398503442703e-02
-6.497724075116100007e-02
-8.720785937675976096e-02
-1.209807001967955209e-01
1.566620598587120106e-01
9.118547993430498044e-02
3.952311108560792596e-01
3.534428652963724771e-01
-5.764407082803550686e-02
-8.040336665905237212e-02
1.112466705553784907e+00
-1.045334474768169208e-01
-3.047265474207798142e-01
-6.071871603988643340e-01
-6.973536240006255049e-01
4.056790896159293558e-01
-3.304655908533510322e-01
8.977009159992019316e-02
-8.374828342857720820e-01
-2.343514734254254217e-01
2.738179625592952471e-01
4.009197893349650960e-02
-2.902824492325676298e-01
-2.761902125457358359e-01
5.379359193912625764e-02
2.471456141732493450e-02
-8.166887646630512920e-01
3.846495993920451273e-01
3.481250438203724595e-01
-5.780895867649431252e-02
-8.947508020097846848e-03
-2.000791228312823883e-02
-4.166675146637247584e-01
-4.308043023387594234e-02
6.065692500018730199e-02
5.129039502450201127e-01
6.965117081931038179e-01
5.341195756739961498e-01
3.348657283172578603e-01
-1.876639955775225022e-01
9.217636766773285029e-02
1.202241898939188786e-01
2.637709176179062753e-01
1.813207211403004560e-01
-2.208260111786121693e-01
-3.435683074092623496e-02
-3.241406288674391623e-01
-2.199983756486779268e-02
1.191990489343162235e-01
-1.182663382273578395e-01
-3.332294206199075681e-01
6.756227315157818936e-01
-3.402142220190314259e-02
4.506649158860143722e-01
-1.613118510122179272e-01
-1.116185891328266427e-01
1.779858741790072141e-01
1.186180398131721214e-01
1.680509090648316384e-01
2.991426688912281542e-02
-9.406405432913501896e-02
2.506727010152302593e-01
-6.674387149122439356e-01
2.302437997350060828e-01
1.673987503075533290e-01
1.499078477762942063e-01
-6.417112275744206451e-02
-2.332089861428758570e-01
4.773010606996290484e-02
-4.858536680704528821e-01
1.524858546817480787e-01
-1.725425353015450358e-01
5.212832403104320500e-01
1.097838659573767139e-01
3.066790128403668048e-01
4.078378419650086628e-01
-7.982379972877190477e-02
-1.209953814014997076e-01
-4.483700960159055227e-02
-7.646463744184043287e-01
1.215698290691213414e-02
1.247776881339237032e-01
3.776052638200519951e-01
1.514305315412355357e-01
-4.744400257382130892e-01
-1.270804830867164337e-01
-1.920035582975801736e-01
7.340894865053989582e-01
-2.262865358494430268e-01
-3.948268309221323324e-01
3.606851414746569118e-01
2.153665388778864542e-01
7.797749682203198862e-01
-3.581013995259707539e-01
2.775011618044728734e-01
6.754361451141093209e-01
2.628807861800463441e-01
-6.410622673984242015e-01
3.712163986151276185e-01
-4.749425666016194314e-01
-2.864694800766949823e-01
-1.841714640984378759e-01
-1.181483557483163898e-03
-2.977264227001103492e-01
-5.367772388557395802e-01
-3.033561068309722497e-01
3.303434032886291005e-01
1.041974076544142980e+00
-2.385367332330945722e-01
-2.635038249640687252e-02
5.222932731801784856e-01
-4.700856032458016961e-03
-6.253323637854202310e-01
-5.243019626336872796e-02
-5.510279962144322419e-03
2.876210662800828266e-01
1.449467242971349823e-01
1.746253192006606281e-01
-2.518060823566449780e-01
-5.665594950246540806e-01
-2.765982662812627516e-02
4.076395166795346303e-01
1.094232673902387765e-01
6.321369640274264456e-02
-2.688825564001105506e-01
2.859233701817841949e-02
-6.386014359571686727e-01
4.115268978315879678e-01
-3.520845366242326135e-01
7.406677636385562424e-01
