-1.924330108242045811e-01
-2.837856877643416542e-01
1.327021946539043429e-02
2.725211696460981270e-01
-2.432538863058845147e-01
-5.751678606001862232e-02
1.790329175694314878e-01
3.130481240923007613e-01
2.725152310085245944e-01
-7.476577409752537262e-01
4.937659807169480497e-01
1.452873780459128517e-01
5.965023404110436633e-01
-3.348722403349048693e-01
-2.433736211490922785e-01
-3.982509304741820855e-01
2.811625768825825600e-01
3.909976975757806783e-01
-3.932659804482545596e-01
-2.923203216919534886e-01
6.510790487333855125e-01
-2.640715821796373389e-02
3.907969461850138715e-01
4.274358244173951382e-01
4.501475059235055531e-01
1.447508897861320976e-01
-2.655520957095233170e-01
-1.719644170992717103e-01
1.554033081648134584e-02
5.817465864366440087e-01
-4.172048974964581713e-02
-5.193727776450943884e-02
-1.545904478667587678e-01
-3.680208196247661961e-02
-4.417834034318068870e-01
8.935678534077692511e-03
3.625749862278821595e-02
1.221837153001249787e-01
-1.426410048211624315e-01
-4.724033431615638490e-01
2.499140671632983646e-01
7.634918640979945215e-01
3.710624708552791307e-02
1.131026445333256358e-01
3.178964404644799013e-01
-4.425015046423045328e-01
7.667300161123756785e-01
-7.684341909949646277e-02
3.672248953956216977e-01
-1.080676897234906847e-03
-3.927500567694988676e-01
-4.922613465994254284e-02
-3.263879667862592537e-01
-1.242952993451518634e-01
5.703032908241997823e-02
-4.352619193730695168e-01
-6.042415337236060058e-01
3.452257017370656267e-01
-2.800342888864198465e-01
2.243568575118860819e-01
4.641486722022145628e-01
-8.659571956392070335e-01
2.373935095093693548e-01
-1.317703969289747423e-01
-5.537645203689008921e-01
-1.497921477909174293e-01
6.917684988699656090e-01
3.308089656850171090e-01
-4.300085013668946549e-02
-4.359159881270960879e-01
1.313363525169186641e-01
-2.307453933648123123e-01
-1.358131683583271021e-01
1.759966483990343111e-01
-6.515367924949077016e-01
1.444072627903990047e-01
-2.981275868343203350e-01
-6.840122743969271335e-01
-1.859400919054426671e-01
-3.794414755517091509e-01
-2.244189294172403981e-01
-4.618884446908672614e-01
3.605951962426930391e-01
-3.473347172333379751e-01
-3.899016744765068654e-02
-1.678279910666999331e-01
-2.140708569212261825e-01
1.954547383627254151e-02
-3.169809933533230817e-01
-5.610977588121528470e-01
7.938946180980309686e-01
4.759749792748207108e-03
1.685519287762975160e-01
-2.213373701878256494e-01
1.267288918988795365e-01
-3.038493227473804473e-02
-1.609957209143870471e-01
1.260526911960384022e-01
1.648025993823926671e-01
8.834604766292970812e-02
9.984933913640300918e-02
-6.667734475198922039e-02
-7.694219891669824563e-01
-5.374978806707285672e-01
3.840086441646300419e-01
-3.129169517400811479e-02
-9.133737479140345561e-02
6.654349801011186227e-02
4.076621658121664660e-01
-1.984597465505478775e-01
4.114279786787618520e-01
2.168470854173458473e-01
-7.215267952082984881e-02
1.417282911847293249e-02
1.015966725015575722e-01
5.823704293693399148e-01
-3.134829249264604045e-01
5.402167419451946451e-01
2.319394037236352513e-02
-2.014970043173212877e-01
-1.364845057817466734e-01
-3.636719429369903445e-01
8.034049408965971903e-03
-3.840303682898821847e-01
5.645694293709895700e-02
-5.102277682190047292e-01
1.866199405415339130e-01
-1.886806005457670743e-01
3.149989329918756464e-01
-4.771859554398983350e-01
9.151133393488281031e-02
3.382203858241790151e-01
-1.615436972116750802e-01
3.914448525953283520e-01
-3.753033134642014962e-02
-4.041649937463181463e-01
-5.059838147978884537e-01
2.339058821940464827e-01
3.127220123782084582e-01
2.468111537670076572e-01
-4.239823232191757829e-01
9.974321085229225989e-03
-2.022122074905311206e-01
-1.612650325077279456e-01
-1.928365658629765389e-01
6.690918993998304365e-02
3.472032565983523833e-01
8.098917438893079579e-01
2.244770342902887017e-01
3.218840167205837266e-02
1.589036084848981789e-01
2.235086111220854072e-02
-8.074480702321376602e-02
2.455250794358983593e-02
-3.172606362181852879e-01
-9.134969802461581634e-02
-4.947984827513461359e-01
-7.526712354689184259e-02
-7.066578840156007013e-02
1.357446725450532077e-01
1.591775887733031802e-01
5.526653433976065344e-01
-8.713931065246407481e-01
-1.003299026731147986e-01
1.820695628613010486e-01
8.512115460737403050e-02
-1.740724254113935054e-01
1.035258661851840678e+00
-4.880801457159913981e-01
2.758618584875393021e-01
-3.992437986006955319e-01
-6.910240541893249988e-01
2.960892043638139737e-01
3.439883466292606995e-01
-6.393313311279514854e-01
1.116469321531940118e+00
5.759275416360293276e-01
-6.319648719806010284e-01
-5.751993752114470393e-01
1.654288281459471432e-01
2.679547699978258590e-01
1.426401904604017723e-01
3.368782858612590636e-01
-4.489519451365065472e-01
1.736787324100870222e-01
2.104523860119775214e-01
-9.479139181370818679e-02
1.639958012539063925e-01
-3.185048228846995566e-01
-3.991038561492327719e-01
3.010162740053265451e-01
-7.269370807374186949e-02
2.302040491080976636e-01
-5.658056965521230941e-01
3.524618492296634487e-01
-5.060841179179995653e-01
-2.302105178293984145e-01
-1.309368813623579042e+00
2.679076948170985295e-01
3.636851221728913952e-01
1.275612061004143816e-01
-4.399948793174630057e-01
1.590997350129387533e-01
-3.701749754325375230e-01
-1.193743402219609451e-01
-2.071058123935614059e-01
1.761615208401372812e-01
-1.699538166554301066e-01
-6.891659941799919975e-02
2.236141942438487351e-01
3.737653408839209379e-01
3.614882635622662099e-01
4.175642714623896412e-02
1.687240485743112667e-02
4.132774078256608585e-01
4.039677237947472133e-01
7.474631634708232830e-02
5.205505352748959064e-02
6.263829311886037754e-01
1.669279397790555119e-01
-2.781866195164504063e-01
1.461916728875403970e-01
-6.851712739078789083e-01
-7.952726685157639197e-03
1.195720205040325668e-01
5.601853612162230878e-01
6.658063987810682038e-02
-4.179086250805656433e-01
1.252499911111645652e-02
9.886295168347816395e-03
1.403824052533102131e-03
-1.614135455477644088e-01
4.629135597971256177e-01
2.544758461595184734e-02
-2.696565685288307423e-01
-4.060855242804232712e-01
-3.025645968008506270e-01
7.198025336487855197e-02
3.929126855366135707e-01
3.256202036622024565e-01
6.891999025139824465e-03
-1.568205597085882939e-03
1.174900369260184207e-01
-1.546381134170395910e+00
-2.738297975492339220e-01
3.495313931502908034e-01
2.214293758123219436e-01
5.219212702479678612e-01
-2.612487147756674122e-01
4.727571070359328220e-01
5.758419132288461473e-01
-3.201051211842706468e-01
-4.983785341501178467e-01
-3.124195879805734544e-01
-2.831078799379150857e-01
3.789518632493062977e-01
4.929001112658528694e-01
-5.185207230889524871e-02
6.831121553948006353e-01
1.028699420455040509e-01
3.561945202145138101e-01
5.086569248789369890e-01
7.434377945586543301e-01
-4.039308196283326047e-01
-8.738960733720877935e-03
-5.078487138360330277e-01
1.109523549601137832e-01
2.307890236701631570e-01
3.068823210430695059e-01
-6.105833979724367699e-01
4.580890979116188921e-01
1.053648877254106608e+00
2.533943034930993266e-01
-1.252624134752252094e-01
-8.184998988476246407e-01
-1.582992184207751007e-01
9.806606208980311878e-02
-4.711926876890511900e-02
1.001009372721479718e-01
-2.840710989042040668e-01
-1.218550568338623713e-01
2.181065901767174353e-01
-4.289859114348036351e-01
-9.862221813067166554e-02
-3.667705070318207777e-02
-9.809531152556973943e-01
-2.332751942094384301e-01
-8.013690438578956465e-01
-1.308818439447707524e-02
-2.337566240050596988e-01
-2.430497464800836505e-01
2.607440874062754710e-01
-2.022569893182667167e-01
-1.781432979759673685e-01
-7.286287759878065096e-01
-3.850671977710822813e-01
3.219009727070730187e-01
-8.172099332305704511e-02
3.748394665118558455e-01
-7.158107556195600352e-02
-1.515774870434220822e-01
2.238659258549443795e-02
3.069375873124689513e-01
2.298418936816801761e-01
-3.740108777385467431e-01
3.702146623443778317e-01
-5.167754554603899431e-01
-3.657374271471103278e-02
-4.816278572114731094e-01
-3.309897860904373323e-01
-3.826213975450994398e-01
1.422487238824753919e-01
2.958368887118784651e-01
1.951705219701558858e-01
-1.730448597940675570e-01
-4.861681660457571330e-01
1.700850390190297989e-01
8.980106930721767911e-02
7.162064582079184782e-02
2.684684155606348321e-01
-8.439923501873257405e-02
6.302009123659535472e-01
-5.081004330987366480e-01
-4.180326509730008522e-01
3.330958287922356487e-01
5.157441174095729330e-01
-3.149732325763480167e-01
-1.337940476321489436e-01
3.262163794924453075e-01
-3.930853597572178670e-02
-1.005917995836544815e-01
6.418614652553158439e-01
-8.048505199742617133e-02
-4.209564458844679558e-01
-9.526977333922478364e-01
-2.400983096106542036e-01
2.729893916783758812e-01
1.226776182865692844e-01
2.055874978866371050e-01
1.667462292244568933e-01
-2.926873400232093414e-01
-5.627879379691401729e-01
1.526519584386609452e-01
-2.091076397018240551e-01
1.034929812140355510e-01
-1.468626817482695524e-01
-5.098282326093641625e-01
7.108954015267170135e-02
3.719013014662570504e-01
1.700482042635651503e-01
-3.892070539130941809e-01
-4.347251869864968699e-01
-2.555037677949023589e-01
4.037477307324053299e-01
6.461554303123097087e-01
-3.119053553063463324e-01
-1.585365474524740026e-01
-8.200074193170264758e-02
2.723893360394171181e-01
-2.400068498385805049e-01
1.738476687461588122e-01
-5.509754135620411608e-01
3.823407499500656725e-01
2.879371420651373470e-02
-7.806568721467697092e-01
-3.422879563854055451e-01
-1.390527657430740416e-01
-8.165177385521950326e-02
-2.200250317454426063e-01
-1.358562022236944888e-01
3.139368887286423382e-01
3.227665154614427490e-01
-4.936122700254007983e-02
-1.819251884496386473e-01
2.415012654985575213e-01
-3.508348710174983842e-01
9.461002211763797076e-02
-1.339703586685485337e-01
9.484031269839463679e-03
-1.549222085722884168e-01
2.581483601085792778e-01
1.539603033413315669e-01
-3.482343628612770137e-01
6.708932529277641388e-01
1.471096020025183526e-01
3.549705783488494304e-01
9.846088408537961856e-02
-2.390334959166935391e-01
-8.170044037195201003e-01
1.985966465926251312e-01
5.925265792767193951e-02
-4.485805009686328892e-01
1.907057532217679152e-01
-3.496730308988184599e-01
-4.041369154210238124e-01
-4.261583763768899691e-01
7.451296329003012087e-01
2.560125109004250388e-01
3.525166927482850654e-01
3.267893773545224589e-02
1.621803941234640500e-01
5.126586753241351158e-01
2.483502605546946129e-01
5.685309904441571138e-02
-4.801327887425324570e-01
9.810325829206037462e-02
-3.953950540075236164e-01
3.509114509992198871e-01
7.971511616840754044e-01
2.738117845908789039e-01
3.595771906173433896e-01
4.131475650916565517e-02
-6.055635495020194464e-02
-4.719750459523476827e-01
-3.302009038215377168e-01
1.093647582066498009e-01
2.837596465616067098e-02
8.683969444441517194e-01
-4.360651568966384395e-01
2.119696652931671865e-01
2.958717746395752579e-01
-2.993040744511357709e-01
1.185061982026059252e-01
-2.645005545295758265e-01
-4.257684374169893315e-01
-4.144399697074712674e-01
2.852729054702459171e-04
5.947672733631025332e-01
-4.167296656672979105e-01
-1.975827657348600275e-01
-9.484955127906703753e-02
1.345942683526272887e+00
-1.034959598456922369e-01
4.879215812243483524e-02
-8.855998172921243639e-02
8.326272808031653927e-02
1.338632969758652147e-01
-3.277744499581017323e-01
2.415425188684630110e-03
-3.812183917679269340e-01
2.822450856594286850e-01
-4.508061715180547435e-01
4.826446018884656408e-01
-3.613695770934690632e-01
6.512126751997121543e-01
2.709497472934612183e-01
-1.142808827858449727e-01
-2.588542050453542243e-01
1.944769938029157763e-01
-2.566289085976774520e-01
6.288143323781476557e-01
-1.578002016353985404e-01
1.533742257909373463e-01
9.256579209736053027e-02
3.462838677288573863e-01
-3.047980650947447745e-01
4.175276393610317105e-01
-1.499370948313886141e-02
-3.310842354702558943e-01
2.423267496487077344e-01
3.186224894765410931e-01
1.173811209373745862e-01
1.179697220270031904e-01
-5.690557956537458523e-02
1.957320709337492803e-01
-2.143091394207106148e-01
-4.506172354586615580e-01
-3.588853641655088689e-01
-1.670483473615056169e-01
-3.847123996704588933e-01
8.278656678438001126e-02
-1.195923257947577867e-01
2.370913607775513299e-01
-2.781236416458596761e-01
7.052189594724213029e-01
1.096917254110393758e+00
-1.205294939246884522e-01
3.528719962189044712e-02
1.374583209295033859e-01
-3.404923079191311541e-01
-7.188981228482833608e-01
-3.451632185444139522e-02
2.162527450980917532e-01
-1.070630221961791806e+00
4.828071484168539040e-01
-1.530112490923823121e-01
-1.830549933014721520e-01
4.490500434287205689e-01
7.947393425811529744e-01
2.422306161462448731e-02
-2.550265452642221375e-01
-7.969439628381466689e-02
4.378630996935877207e-01
-4.086462096618990736e-01
-1.572134820106945163e-01
-6.157132115989955023e-01
1.852249146285314674e-01
9.572527517545503795e-01
2.197018715829470448e-01
-1.010416099017443226e-01
-6.635790030416209850e-01
2.495572618481769755e-01
-4.459128182506367222e-01
-2.549527128302420675e-01
-1.862661919522621834e-01
-4.636345854548167833e-01
-4.533150915391494507e-01
3.702010036182450808e-02
7.218082904717275372e-02
-2.205817251031304271e-01
-2.933171975570423862e-01
2.925634642985930345e-01
2.991998516006568187e-01
-1.539196257735171713e-01
9.085913847218374251e-01
2.427950108709770460e-01
-5.950593750292704209e-01
-1.286241289871631333e-01
2.468766772570333001e-01
-3.291199296728095081e-01
-3.101826576562450311e-01
-3.276445050770971368e-01
9.949060630006102690e-02
1.355398808257150291e-02
9.125063523485824057e-02
9.879091164718903362e-02
-1.955683786991105344e-02
-7.631352710826101726e-02
-4.945908075294388473e-01
-6.572719344195823155e-01
-7.866307368910705478e-01
-9.122997355993929525e-02
9.673144650317076765e-02
1.385399260208115824e-01
-4.798249463537314630e-01
-4.464276598935866813e-01
-4.171649831556172860e-01
-2.760601890129088520e-01
2.314706799338993592e-01
-4.890685397858173800e-01
4.937803903731803890e-01
4.065359292218638232e-01
5.718896314883129550e-01
5.347141349878881816e-02
-8.613861390120355899e-02
-9.184952418982324229e-02
-1.160527480787177240e-01
1.436361782418354438e-01
1.079952393559843044e-01
3.975679618990367592e-01
3.708268011128211805e-01
-3.045698652663888367e-02
-3.778766040744131749e-02
1.139650045671841694e+00
-9.922225854901359221e-02
-3.173681899621988989e-01
-5.850958231330057879e-01
-6.891236333349759491e-01
3.879405739243597662e-01
-2.867234537059402677e-01
7.597521802907947208e-02
-8.213696344020912088e-01
-2.091997817248427427e-01
2.932079105882501868e-01
-2.984870460376133280e-02
-2.865841022257667459e-01
-2.721633858858648058e-01
4.853807483464558925e-02
7.365661736650009998e-03
-8.487404960367537221e-01
3.972031475321911032e-01
3.496195906333433578e-01
-3.937620845637563455e-02
-2.833957676962063632e-02
5.009557017984862803e-02
-4.185335276359040124e-01
-5.045717998440189811e-02
4.540396555819711799e-02
5.130372375959707520e-01
6.778980941270060789e-01
4.678019733994761009e-01
3.552264855441916724e-01
-1.951318443964989990e-01
9.124252551984238235e-02
1.135277478612871094e-01
2.361363612321198957e-01
1.816845590195216298e-01
-2.208038664637041459e-01
-6.039137495485730200e-02
-3.211227433146596200e-01
-6.399139095758457629e-02
1.216543285096879645e-01
-1.275102295453583168e-01
-3.267635112658709984e-01
6.364077767741751490e-01
-3.961202476420139229e-02
4.331518137659942091e-01
-1.904336812232582665e-01
-1.051394222354929825e-01
1.689407636220573439e-01
1.196511147577931505e-01
1.769689901856771053e-01
3.591761175257097288e-02
-1.002720456993749926e-01
2.708571840857848523e-01
-6.640591137742554162e-01
1.641622924484494872e-01
1.680593220378649444e-01
1.125415036954399151e-01
5.738091980780586805e-03
-2.026657262658898284e-01
4.820276479708991701e-02
-5.152214383782205420e-01
1.583703281060985235e-01
-1.763691473156000500e-01
5.378673563896180232e-01
1.123262245002926152e-01
3.161675295674222230e-01
4.013727147143608120e-01
-5.322532357509259654e-02
-1.228169191142817196e-01
-4.627078487456312561e-02
-7.563308448026172526e-01
1.589027696378667726e-02
1.096803297054120413e-01
3.738746266531277063e-01
1.169562250042891910e-01
-4.754037810009462128e-01
-1.331458015670233253e-01
-1.836650336909796954e-01
7.330454241009142224e-01
-2.192679073980589033e-01
-4.020273390530574309e-01
3.329783350061019664e-01
2.183600914359772049e-01
7.861851677321660681e-01
-2.628565463498838684e-01
2.774699759716839353e-01
5.920223047138881700e-01
2.647591023021149681e-01
-6.437016471365974990e-01
3.753285537954971218e-01
-4.728553315721714667e-01
-2.745358601929817066e-01
-1.804241798567234878e-01
-1.061097082078994377e-02
-3.125501142586941117e-01
-5.198073335811723705e-01
-2.710611508871372810e-01
3.814120295997703858e-01
1.030935461573136314e+00
-2.462330811278269083e-01
-4.275868366013283600e-02
5.572484184300769972e-01
-1.164655813973906537e-02
-5.973559975311952819e-01
-4.830789807054222673e-02
2.947004267931511209e-03
2.665096271593131450e-01
1.167249909324610813e-01
1.706562714039565609e-01
-3.566143676077512814e-01
-5.924528716033276021e-01
-9.993967471913781792e-03
4.117682937929850184e-01
1.082197013406193398e-01
5.951095979229852756e-02
-2.632705854290023906e-01
2.533601081008984499e-02
-6.237594424589455455e-01
3.858852515286997908e-01
-3.235969996759699430e-01
7.466516908679194930e-01
