-1.900785247936555844e-01
-2.795566888309189424e-01
2.606315914635102052e-02
2.678437405143189731e-01
-2.475553433367879697e-01
-1.728986771602323072e-02
1.758571858422914858e-01
2.977405739612574154e-01
2.856079870042455560e-01
-7.524858379958133670e-01
4.416530400219453312e-01
1.819678768919093248e-01
5.739533427755025841e-01
-2.734841042496016783e-01
-2.590156459699016200e-01
-3.706585714228129991e-01
2.815677453130261410e-01
4.042401295971945752e-01
-3.868832938466321703e-01
-3.183021410942883933e-01
6.641494455857031021e-01
3.758848445509795685e-03
3.773421681680246831e-01
4.464721764725261277e-01
4.586988370217491284e-01
1.778983821041483226e-01
-2.703928256165292754e-01
-2.132500151295330104e-01
-7.079836831843620837e-04
5.730286036735475763e-01
-7.161181430852815721e-02
-6.496004771896919661e-02
-1.300714128003621073e-01
-5.588309287424948063e-02
-4.400604861238680554e-01
2.179763827286673034e-02
5.896642879972282397e-02
-8.476082553578657974e-02
-1.438715828867928870e-01
-5.041305141261192002e-01
2.032952310024443432e-01
7.621226749415018764e-01
5.106303421246494167e-02
9.950880760040582695e-02
3.087215960901286138e-01
-4.356164180173171530e-01
7.906865075192793801e-01
-6.652903392519157744e-02
3.828174584300059746e-01
1.756952594526084389e-03
-3.820599326464064749e-01
-5.658996447391262397e-02
-3.084013105649860420e-01
-1.313235081652820435e-01
1.141818608026959891e-01
-4.685287823670811758e-01
-5.937848666497775874e-01
3.312497757729964687e-01
-3.028869163073108495e-01
2.320159522389637630e-01
4.528076630267577896e-01
-8.901944250291774496e-01
2.542627163252401679e-01
-1.493773617164592948e-01
-5.264616143363898271e-01
-1.604651933922019991e-01
6.914525722297614196e-01
3.194005194866784136e-01
-2.659200687325538603e-02
-4.459874009190050725e-01
1.636126977916575465e-01
-2.318775165116436776e-01
-1.033335672756964529e-01
1.233128832999323271e-01
-6.540090305941950177e-01
1.333613226296115339e-01
-3.136419839504561713e-01
-7.628667568052098780e-01
-1.781954188702083719e-01
-3.804713126277883273e-01
-2.285092387564448269e-01
-4.574077501385078182e-01
3.258338095402699142e-01
-3.830409156854484021e-01
-3.080696812702691731e-02
-1.780025308168452780e-01
-2.172523578436332259e-01
4.544894123968027527e-02
-3.145831216069653324e-01
-4.901250349024332542e-01
7.926812805954567276e-01
8.254634224869746364e-03
1.584354150979354059e-01
-2.221833013486377018e-01
1.243888908889118489e-01
-3.150449497541507604e-02
-1.382745371041672333e-01
1.389719310998151769e-01
1.550717818777762602e-01
1.034638272327498693e-01
1.084507876769589402e-01
-7.284501711783253342e-02
-7.761518720965215890e-01
-5.833557643750451049e-01
3.863480696544548953e-01
-4.024151997743750236e-02
-9.591406587330165989e-02
8.162427766545811425e-02
4.159343851277398363e-01
-1.545388359091123820e-01
4.292009988533502796e-01
2.203413595663543945e-01
-1.182098616648425138e-01
1.013104566779471916e-01
1.279391769086727082e-01
5.777676461210848879e-01
-3.217116616594652423e-01
5.325619166616779587e-01
3.549837236701654242e-02
-1.895431900106311351e-01
-1.192882739831115924e-01
-3.811227790063368981e-01
-6.015099813510192683e-03
-3.888826834153985557e-01
6.215406866874817471e-02
-5.218165728474001286e-01
1.993497810300183526e-01
-2.012031415157436998e-01
3.132697090711066834e-01
-4.633575544122638945e-01
1.039661259334276888e-01
3.618545413831365520e-01
-1.478425345547309810e-01
3.870485264059068120e-01
4.965598221026013351e-03
-4.318420446165511239e-01
-4.534202847023769967e-01
2.296116036202294763e-01
2.566663830807709989e-01
2.755677847420732185e-01
-4.148138909731017843e-01
1.174416701266236922e-02
-3.116298000437574545e-01
-1.432833064175064730e-01
-2.061851567748150538e-01
6.606884903583913615e-02
4.020249250598241786e-01
8.172564160183157789e-01
2.419889942187297416e-01
5.432512447478027307e-02
1.792428390786113823e-01
3.529268124249333727e-02
-7.882713945956751345e-02
1.992573770430357966e-02
-3.217131508079141278e-01
-9.273963892570180612e-02
-4.856007750615014551e-01
-7.105569744519973918e-02
-7.150693921404037423e-02
1.381585592411204988e-01
1.563212305850111283e-01
5.411250108475778031e-01
-8.771939801549725191e-01
-9.344249402381710201e-02
1.815875354390089347e-01
1.046287186256232432e-01
-1.763800430799008501e-01
1.025022475345973794e+00
-4.826759430998783795e-01
2.825066110468772984e-01
-3.895782537820789981e-01
-6.790492639882010906e-01
2.827426460084595528e-01
3.372568425430294003e-01
-6.333309192550434785e-01
1.101652348854262220e+00
6.078151575589660904e-01
-6.167837213171309951e-01
-5.758460335582500367e-01
1.360566499289110609e-01
2.854141458724254732e-01
1.322571708778244037e-01
3.462295836407327521e-01
-4.232371824051998077e-01
2.149653054554183373e-01
2.094532890423369820e-01
-1.074626593789835410e-01
2.637575912118433896e-01
-3.201822840097161005e-01
-3.928079371967442279e-01
3.332052379943073461e-01
-1.080641139378278326e-01
2.630519680365477342e-01
-5.557661216552459704e-01
3.489064606489476472e-01
-5.086656213841114216e-01
-2.529630935540809755e-01
-1.306700442024189446e+00
2.642627485724023395e-01
4.027254601913318743e-01
1.066854440421291933e-01
-4.457324245971435173e-01
1.827849744555050393e-01
-3.686896445254014831e-01
-8.819255482774389365e-02
-2.148678923358940396e-01
1.493122992608144350e-01
-1.376027739213350753e-01
-6.208658115104599001e-02
2.276396445902987842e-01
4.253132464455671724e-01
3.580095269055135199e-01
5.884795413365951494e-02
3.729857752470491783e-02
3.928792932074536837e-01
7.095179825753958891e-01
8.078795250296257058e-02
7.441394559235171846e-02
6.640974106427665058e-01
1.521714513062189245e-01
-2.803203920833055030e-01
1.594900236542670102e-01
-7.403687580695557102e-01
-1.782084671484202715e-02
1.189029307903700511e-01
5.372784119621452081e-01
6.620338993295447894e-02
-3.814374244095169453e-01
1.740810539873713023e-02
-7.540960715055253488e-04
5.078481417926147129e-02
-2.405784621728514761e-01
4.423790363753498656e-01
1.695016967709688308e-02
-2.695125052455836778e-01
-3.903410668795425642e-01
-3.144152473566422801e-01
8.217142477808327128e-02
4.005057449691973304e-01
3.437317758857524330e-01
4.186733969127154169e-04
-6.035137461275784376e-03
1.579163063797046351e-01
-1.401103556523255689e+00
-2.997753212497961672e-01
3.543753442115191721e-01
2.150496430516951052e-01
5.270515607977995787e-01
-2.627790718840458117e-01
4.412734135841612226e-01
5.117629363391894559e-01
-3.835306066248913570e-01
-4.238020149913178658e-01
-3.214730639314948846e-01
-2.842049172457152828e-01
3.805703641528072612e-01
4.010633015187732853e-01
-3.701136120321995432e-02
6.502438489605878447e-01
1.085204148907673305e-01
3.484771978949055549e-01
5.131923740430606173e-01
7.373915593672073499e-01
-4.357553226600882068e-01
5.031635544310672937e-04
-4.317524814736434791e-01
1.143280263306092892e-01
1.893373329772274072e-01
3.678190342264235912e-01
-6.196783305716168089e-01
4.814276349389309817e-01
1.014867710411243129e+00
2.260450700597943507e-01
-1.246159832704087089e-01
-8.168718542016945028e-01
-1.646250762945448975e-01
8.176251407194794207e-02
-4.913171359703458890e-02
9.704243809337953497e-02
-2.956246745673197229e-01
-8.447974078465070313e-02
2.577259520423897943e-01
-4.354629725567608634e-01
-1.048915130269090640e-01
-2.015600124865178644e-02
-9.687168337262080930e-01
-2.266014956405989766e-01
-8.130942522037634124e-01
2.695431752078522591e-03
-2.444241416763326680e-01
-2.578031246259595011e-01
3.096515132261645764e-01
-2.147025482629638660e-01
-1.639903571581534658e-01
-7.451779368503053114e-01
-3.693058362290737584e-01
2.593144989356401253e-01
-4.897667209563050239e-02
3.702744356101212997e-01
-4.418868765737312548e-02
-1.375429395042360725e-01
3.665713751291429373e-02
3.099423091731529079e-01
2.355204193942578850e-01
-3.821737412042569004e-01
3.273479210546353380e-01
-5.071841328135792137e-01
-4.148212736036868686e-02
-4.809467461885311157e-01
-3.262693974950741649e-01
-3.791265824596833367e-01
1.379880684860591566e-01
3.098198791202410596e-01
1.801057850898074020e-01
-1.332685893946013167e-01
-4.820494315645305061e-01
1.690974044281668143e-01
8.769551721538511313e-02
3.841177265529306661e-02
2.414713384425545006e-01
-1.107177634575876590e-01
6.341614426229504886e-01
-5.898801546870918733e-01
-4.096521384005935573e-01
3.318245813903790142e-01
5.169942527540576371e-01
-3.147749853529410169e-01
-1.351805787722330232e-01
3.253877884480372851e-01
-3.694330656960100046e-02
-1.116049913975545038e-01
6.414017912019231993e-01
-9.726561645974031445e-02
-4.137867043678801204e-01
-9.369259922416558473e-01
-2.193176848107146470e-01
2.728248946897366967e-01
1.229627275150786403e-01
2.033569175989102529e-01
1.644607478516934007e-01
-2.880665238110984294e-01
-5.632300376555662291e-01
1.733260100035575180e-01
-1.925418999378392393e-01
1.146628063619096055e-01
-1.289408078056704376e-01
-4.695083277150247647e-01
8.835604805908624237e-02
3.783434575268294076e-01
1.817097446332531507e-01
-3.935626205422869672e-01
-4.303302270834651888e-01
-2.593029712303059897e-01
4.352092049740720614e-01
6.971583993868937235e-01
-2.870041742655526362e-01
-1.538903444786425545e-01
-6.184554428208775129e-02
2.847018328170420887e-01
-2.416314052408075619e-01
1.690112801982301405e-01
-5.350242587132021388e-01
3.965096630252100129e-01
4.159906658734440627e-02
-7.630291360293330882e-01
-3.587441651017263533e-01
-1.276167855763644943e-01
-7.288021835782904079e-02
-2.419020114922335318e-01
-1.317134296602933408e-01
3.145270869250310075e-01
3.244305406493088184e-01
-6.244797233023529487e-02
-1.736274364991437502e-01
2.414636649122813006e-01
-3.324630073114075990e-01
9.636931285196007058e-02
-1.307867902844073449e-01
9.170177334520331416e-03
-1.575047496117636114e-01
2.811526420943963323e-01
1.562587155631759983e-01
-3.691133539395005658e-01
6.828435783461327402e-01
1.408121891511708024e-01
3.592347280952376543e-01
7.289327076355617274e-02
-2.317278362007355874e-01
-7.577833473446603518e-01
2.179746451815158803e-01
3.917497142478174738e-02
-4.668917185148374061e-01
1.909740111438424093e-01
-3.439686913786755285e-01
-4.071023655606418878e-01
-4.256299762320940872e-01
7.074149043920625601e-01
2.576520252076447970e-01
3.540906007944280010e-01
-3.634147664167187292e-03
1.905283183741258157e-01
5.279442891731435106e-01
2.440290540479285453e-01
7.005861522817835585e-02
-4.594275627191420908e-01
1.076031655832686978e-01
-3.908995796175764870e-01
3.949236302679409727e-01
7.952192471504291316e-01
2.726685997389944882e-01
3.486981996608041756e-01
5.672151753576842870e-02
-6.327311158147538861e-03
-4.680668576437765904e-01
-3.350989901989478992e-01
1.400201998735204900e-01
2.481503524325777421e-02
8.635772258940230817e-01
-4.408907790041071695e-01
2.051991236047458755e-01
2.866151301759672365e-01
-3.058439539867584545e-01
1.191434648923960227e-01
-2.468548467631395682e-01
-4.170174158234487005e-01
-4.032961196538757398e-01
-1.673946183561398834e-02
5.492611110455420942e-01
-4.183628885676554110e-01
-1.967797079173209673e-01
-1.000421713077429553e-01
1.391695940671590748e+00
-1.435992047067246868e-01
2.218673439075388720e-02
-9.032530062162941187e-02
7.807494217808241821e-02
1.265285988819706553e-01
-3.010862577138307405e-01
7.677116844133029423e-03
-3.653825618272869558e-01
2.549745568178248822e-01
-6.246500506096254179e-01
4.921468741608758801e-01
-3.520443633886053969e-01
5.899992138898736416e-01
2.850124657341808199e-01
-1.156750729719743659e-01
-2.465359097839049662e-01
1.948042002229715963e-01
-2.625082739273196797e-01
6.453096830398459272e-01
-1.730392309492834457e-01
1.692654121454757465e-01
9.182129798012025890e-02
3.475857509528861855e-01
-3.178379103872556177e-01
4.258305084050711398e-01
-9.997794125317796890e-03
-3.260110809863581149e-01
2.292501288236675483e-01
3.074535829215021554e-01
1.358364742719238849e-01
7.657758665575453705e-02
-7.365259765613196841e-02
2.131266058682395603e-01
-2.127425437493305205e-01
-4.416815411866619745e-01
-3.776729434022351173e-01
-1.592495117214255129e-01
-4.210586241831280052e-01
7.435557522007733844e-02
-1.210786966593231789e-01
2.348617725897353126e-01
-2.583607912700003895e-01
7.541978180905085649e-01
1.047958122210693954e+00
-1.091521920623200193e-01
4.468775282240088770e-02
1.396131362717383528e-01
-3.623700958656537741e-01
-7.230843407097171660e-01
-4.779363106637999487e-02
2.072425547797170919e-01
-1.078862815901400429e+00
4.642748826214374569e-01
-1.695109494925521598e-01
-2.697891694169568533e-01
4.376213364357976476e-01
7.642648087350112363e-01
2.078585726042901649e-02
-2.821469309001450876e-01
-6.627441720778805279e-02
4.310185855807447952e-01
-4.091456212966912420e-01
-1.619244587728025653e-01
-6.150977921634247503e-01
1.389038765366831518e-01
1.082891402266918712e+00
2.143400346143143620e-01
-9.844450460701130445e-02
-6.229072360395256913e-01
2.544215270980608734e-01
-4.495809078480658694e-01
-2.499311275111603670e-01
-2.030405303329531064e-01
-4.889728990709792944e-01
-4.420581798537079887e-01
3.293656015147609917e-02
7.535092107964462549e-02
-1.719741586616612139e-01
-3.020355820835594618e-01
2.784252598759647257e-01
2.931525371531212287e-01
-1.545121073482693119e-01
8.711284142413224796e-01
2.533662604521319528e-01
-5.914806702408409445e-01
-5.167857849743376364e-02
2.510237167097205124e-01
-3.328354196541995491e-01
-3.051227939575700265e-01
-3.352572309223371128e-01
1.032071870393570789e-01
1.500717167676321115e-02
8.433803262586817007e-02
1.140218337172239083e-01
-1.662766501750273518e-02
-1.448634825932947345e-01
-4.904362721865188068e-01
-6.424333199381919712e-01
-7.959173852943794980e-01
-7.600834395576984426e-02
8.694538208555328829e-02
1.449916802223894241e-01
-5.157981815502579170e-01
-4.466678519424137073e-01
-4.041415167444784573e-01
-2.890959970157909176e-01
2.164315186282069758e-01
-5.144348719649427526e-01
5.256883260179576745e-01
4.393418624352122825e-01
5.778370782113064763e-01
5.690676200743572527e-02
-1.580073006054329848e-02
-8.964067056195415550e-02
-1.130883829106350824e-01
1.622208310733708470e-01
1.118751680572551283e-01
4.069989312382605862e-01
3.672417713700542041e-01
-3.671885336248762594e-02
-2.658498587397452664e-02
1.132714895957766643e+00
-1.019590211462172991e-01
-3.241060325871431003e-01
-5.981163344621160949e-01
-6.856570079612478441e-01
4.025951971457067402e-01
-2.711508124399378272e-01
1.115506635104314692e-01
-8.392152634395839694e-01
-1.847659223075059087e-01
2.911831106940146463e-01
-6.687175748400080166e-02
-2.322736956182849255e-01
-2.468282597674356371e-01
5.459367525245806263e-02
-1.015986443541588152e-02
-8.240905343279868456e-01
3.870068495036069200e-01
3.476723606494172003e-01
-6.853052353021950316e-02
-3.083460290740761868e-04
-1.205884385181504176e-02
-3.722593128350777936e-01
-5.251497982635154604e-02
4.135900369355385853e-02
5.367890239850220402e-01
6.840531442381055927e-01
4.316560136341170972e-01
3.415315190563313896e-01
-1.894800964759236206e-01
1.335034962187053864e-01
1.134485881605611646e-01
2.323928653715991721e-01
1.829919793085270086e-01
-1.534201325256555337e-01
-4.661976049463528726e-02
-3.183211817985995840e-01
-6.989391567863284527e-02
1.202380195772610322e-01
-1.124916357526721117e-01
-3.230452015459381876e-01
6.354466558347807714e-01
-3.024462453740010132e-02
4.987720766091177094e-01
-2.021622694397804676e-01
-1.095101337467411090e-01
1.624321759473355276e-01
1.340037368982369692e-01
1.861749389557851297e-01
3.465339373846475224e-02
-1.069140020530908730e-01
2.692010908210333842e-01
-6.729555219894562956e-01
1.232461635031549263e-01
1.637646055815515922e-01
8.272813737001283307e-02
-2.096985929375408050e-02
-2.125668233475301039e-01
5.631824634038663790e-02
-4.946700122686797374e-01
1.546119155282797142e-01
-1.822300938833120165e-01
5.442986421412971954e-01
1.138634894278290205e-01
3.358268828530892036e-01
3.979933845581269392e-01
-5.673003858914973246e-02
-1.204061590249131397e-01
-3.750568179013222259e-02
-7.648103093979911060e-01
5.919186854882669754e-03
1.466446305515375359e-01
3.827176064658403543e-01
1.615486220108361959e-01
-4.642016684382354041e-01
-1.201142916355383838e-01
-1.846124999744373774e-01
7.350297975191789623e-01
-2.454666570414939242e-01
-4.051765123672070312e-01
3.551148388302268200e-01
2.115661246442357424e-01
7.653574033620460515e-01
-2.592374182551431261e-01
2.682364024605759512e-01
5.989174568522874775e-01
2.782169758538034499e-01
-6.422916820213355749e-01
3.710673806045214906e-01
-4.766110105031453048e-01
-2.691915945572712632e-01
-1.771055010228731741e-01
-4.919904782827627492e-03
-2.928250415137835239e-01
-5.244460875004279821e-01
-3.259191654747883304e-01
4.008885635841090145e-01
1.022072409497954970e+00
-2.606504397877150714e-01
-3.609248069639186401e-02
5.502289259516780495e-01
2.816967424028641448e-02
-6.010044692694115342e-01
-7.178617753204899476e-02
-1.182440661308900229e-02
2.943256931949971289e-01
1.225308648992299854e-01
1.580004568410528498e-01
-3.091869857109623143e-01
-5.790361673554511590e-01
-8.938440780349280607e-03
4.111547894974548756e-01
1.001795863886521670e-01
6.499246417413467869e-02
-2.853732419766407680e-01
2.196249952501645730e-02
-6.444799918804118288e-01
3.717999658234064086e-01
-3.393448442263307663e-01
7.227199511769972773e-01
