-1.897352555039188426e-01
-4.239880814994481661e-02
4.869203269465079836e-02
2.668888716037125519e-01
-2.375578021015301300e-01
-4.466051699599901670e-02
1.915420456982245001e-01
3.319789388968656940e-01
2.494311316506607756e-01
-7.316753262346538111e-01
4.728495825550786402e-01
2.581590603457888933e-01
5.610064997753958504e-01
-3.197056105405411963e-01
-2.215053101593676133e-01
-3.717205388968227164e-01
2.713743492981220418e-01
4.200659678288881094e-01
-3.992306975126816981e-01
-3.445515618172635408e-01
6.498121562931852280e-01
3.567789035083608618e-02
3.481290382835369179e-01
4.963866249507422057e-01
4.714638842411730257e-01
1.864815042187024652e-01
-2.689101640248614533e-01
-2.356227455416264882e-01
-5.813670357493777585e-02
5.538043248553964348e-01
-8.589622347631140076e-02
-5.193482253240256502e-02
-1.419108106700472660e-01
-1.291441713594412323e-02
-3.876185024638346133e-01
-2.291514036287910575e-02
5.176145989470828240e-02
3.169164377098183105e-01
-1.500430683633847684e-01
-5.264851420971307094e-01
-7.253729895895184576e-01
8.289856664276515907e-01
1.027117558893125698e-01
1.569011785813646254e-01
3.015076685524542000e-01
-4.230479913993991925e-01
7.897972768327994331e-01
-5.957611287311959797e-02
3.931562939199544915e-01
-1.961126175293460838e-02
-3.861135088066073306e-01
-5.039161664111896366e-02
-2.736896149274954948e-01
-1.359467475159820971e-01
5.329341905508878929e-02
-4.046440014014158204e-01
-6.131495543776296353e-01
3.216381956969927014e-01
-3.058637893041270539e-01
2.531556023182585102e-01
4.355440543478992788e-01
-1.003975746675275893e+00
2.262963406653062393e-01
-2.271262849158597608e-01
-5.199227775528890705e-01
-1.677340026192816191e-01
7.014036702811790036e-01
3.916195679310511268e-01
6.503569778574541660e-02
-4.385081544919472440e-01
9.055648627292586794e-02
-2.330152512205953541e-01
-1.962746295442127642e-01
2.219935650441497987e-01
-6.524295785355948007e-01
1.389439178969258115e-01
-2.405848667618237513e-01
-8.008476297995856807e-01
-1.184350128338928637e-01
-3.868829954224962120e-01
-2.499861914947852370e-01
-4.678343681440303992e-01
3.802257908543785203e-01
-3.103923462437668812e-01
-2.418913870573398059e-03
-1.662498073210219585e-01
-2.186569716096400939e-01
4.203021525634232508e-02
-3.020809820332250872e-01
-3.246091794170709033e-01
7.692376771305583505e-01
2.562610752875094794e-02
1.653014898835605540e-01
-2.300597726739745941e-01
1.182782490600798181e-01
-3.098471929935475364e-02
-1.067692818080304279e-01
1.378825593327636656e-01
7.627315293231237692e-02
1.100158070166793872e-01
1.250910062899577846e-01
-1.385322178389704617e-01
-8.154113601312076298e-01
-5.955009473741825765e-01
3.915606368862787345e-01
-1.273895166778414231e-02
-8.018085119496949631e-02
6.894380422405116393e-02
4.235576243907570038e-01
-1.697766168525976227e-01
5.390968379954536038e-01
2.097311463859448111e-01
-2.947195111140693546e-02
-9.549659310672652807e-05
9.869275731845086885e-02
5.684832495666540808e-01
-2.986535955505782436e-01
5.164776163423595579e-01
2.659738353285058879e-02
-1.443755665289480350e-01
-1.613018730141434209e-01
-3.844435573881632706e-01
-3.865528405815149299e-03
-3.441209914636058631e-01
7.012204481229793174e-02
-5.155730659227055757e-01
2.626087399465428796e-01
-1.674257076589674986e-01
3.036120357549926263e-01
-4.764142975639307220e-01
1.012891969858584346e-01
3.061501750802292920e-01
-1.468860735308216703e-01
4.079216549862325625e-01
-1.312453655998331303e-01
-3.751124717131134045e-01
-5.085807757254700023e-01
2.308871178774142829e-01
3.404888562226975890e-01
2.470897312474651941e-01
-3.676698398577074034e-01
1.587280216966507201e-02
-4.482078552133791360e-01
-1.724480002282429703e-01
-2.405714565505462088e-01
4.941214479562160145e-02
4.545062474292343446e-01
8.245458390851394537e-01
2.363192456782698958e-01
7.122498913114183594e-02
1.461166033714258183e-01
2.568303493317542624e-02
-7.581640893450877772e-02
1.636540686159611985e-02
-3.196783717698135630e-01
-9.944952250046464048e-02
-4.790951871334888090e-01
-6.229177428860178251e-02
-2.423870104705979842e-02
1.188883358320712152e-01
1.560982548832152983e-01
5.441739037487909325e-01
-8.883093541663403814e-01
-1.127720676917463860e-01
1.727673097763579857e-01
9.683093448948752735e-02
-2.092798442953136551e-01
8.521229030061027165e-01
-5.058550850658469766e-01
3.013616396317045920e-01
-3.575520129797432611e-01
-7.046803035845404795e-01
3.979256546285979690e-01
3.404573190942310479e-01
-5.708101761319512857e-01
1.214264558732552235e+00
5.462102212766711817e-01
-5.887200717274405637e-01
-5.806301950065231310e-01
1.670542293173676585e-01
2.672409890468873672e-01
1.400909165024531167e-01
3.412631633301357881e-01
-4.244979075876749164e-01
2.576828206849729463e-01
1.875111146686656294e-01
-8.570540368160546596e-02
3.260544364486869795e-02
-3.220739908435812926e-01
-3.782148342870154112e-01
3.574225369825483889e-01
-7.863001825431160940e-02
2.706200237769732508e-01
-5.628133700707593778e-01
3.444977281445541495e-01
-5.391062021008796723e-01
-2.599016901399733293e-01
-1.355388004720822215e+00
2.663354177582147320e-01
3.789932614873198768e-01
8.208182852796135076e-02
-4.441037780387548373e-01
1.058033067069659439e-01
-3.680429030154299119e-01
-5.387226173713214467e-02
-2.652567321203819772e-01
1.251876759774418202e-01
-1.668265736558229573e-01
-8.804834838679985454e-02
2.524974311546704930e-01
3.353711271431345509e-01
3.728200406422027546e-01
7.322884644888590089e-02
6.648246393101769902e-02
3.632045425431501551e-01
8.014881260991006950e-01
7.786853821417297206e-02
1.809418926142605799e-02
5.326347951617955712e-01
1.481182042749797090e-01
-2.693065234628995719e-01
1.468114110392421678e-01
-7.478962550620560368e-01
4.532819148943594868e-03
1.320669374123928375e-01
6.460342063329536089e-01
5.033148825037371543e-02
-4.179871824836977612e-01
3.415126153945534371e-02
3.014891232483596188e-03
9.102632576746061410e-02
-1.524964230322974623e-01
4.550767952698974717e-01
-2.053121864389254383e-03
-2.744592979481587092e-01
-3.885052778248199168e-01
-2.914318280776916903e-01
9.153644934757652896e-02
3.909667449125519556e-01
3.349620629720690412e-01
-3.436388903951322939e-03
-3.559927308263846797e-03
7.939154291421798848e-02
-1.278616684817164728e+00
-2.798877390796091214e-01
3.414230592187657010e-01
1.946829168766853746e-01
5.285848864019373483e-01
-2.640052941564901001e-01
4.623611799887756280e-01
5.797264425601079685e-01
-4.832259768085379603e-01
-4.482541324790016990e-01
-3.209706839585676486e-01
-3.383704361102560232e-01
3.755495316347920443e-01
4.361973707426501923e-01
-2.953608137689796298e-02
6.594252406976826020e-01
9.660504389822098525e-02
3.471089105615288717e-01
4.268360732024837900e-01
7.219199661150140779e-01
-4.490287354090767291e-01
-3.413294447022194745e-03
-4.923020646623204044e-01
6.707451147646158185e-02
1.479396427233956313e-01
2.661713492389298774e-01
-5.952784525396682680e-01
4.349614899705359639e-01
1.062419464205577757e+00
3.052657692484739282e-01
-1.195847210767362750e-01
-8.991627638632644359e-01
-1.755164151875608924e-01
7.226271584806773229e-02
-3.725868074283344294e-02
7.280745075690424339e-02
-2.960375118683798434e-01
-2.603398704595491497e-01
3.763016516428456248e-01
-4.514722330400300354e-01
-1.109724928376090575e-01
-1.209153321007401111e-01
-9.430594618206277202e-01
-2.428091912667400543e-01
-7.911123102806097984e-01
-7.030510609235909349e-03
-2.430127414478202574e-01
-2.477857403311336248e-01
3.451305008111041350e-01
-1.963831764707279770e-01
-1.577516715961188865e-01
-7.300279606411393951e-01
-3.997460616156047752e-01
7.299274653925386103e-02
-3.486758705358526667e-02
3.382027874540085022e-01
-9.862461354478666009e-02
-1.462381159222982396e-01
3.796408789650444066e-02
3.623541630291999271e-01
2.490063733052716999e-01
-4.124547132150260254e-01
3.513821599029560705e-01
-5.009913792699232093e-01
-3.190877626270946510e-02
-5.075592054773755413e-01
-3.027285888877908060e-01
-3.926455096601442207e-01
1.521821152520029530e-01
2.802520114043052790e-01
1.736968690448937314e-01
-2.049646681615586996e-01
-4.756130827334464906e-01
1.753237754111564295e-01
7.842416909444144268e-02
4.037168615332052679e-02
1.869236624466815433e-01
-1.168563425799264005e-01
6.332397941917822237e-01
-3.682972340847114889e-01
-3.738749015317992530e-01
3.268076837335105456e-01
5.072484059709212456e-01
-3.068504320807239338e-01
-1.752196557382462438e-01
3.118582269251146677e-01
-3.903890664555934725e-03
-1.191763575848502343e-01
6.176516628651739227e-01
-9.101988475618058572e-02
-4.115629151376541950e-01
-8.767710391060452579e-01
-2.173818845834069313e-01
2.763730855026851896e-01
1.405613287627261732e-01
2.052590089074425028e-01
1.932190930511212268e-01
-2.843158147991983742e-01
-5.636214304582678469e-01
1.145533642934157964e-01
-1.978381069769757916e-01
1.063271444127980997e-01
-1.368509639754472151e-01
-7.879487350431031434e-01
5.595220738287933621e-02
3.909281598262971946e-01
2.065383459753994400e-01
-4.021023349930801238e-01
-4.356904489655866741e-01
-2.597357959303029928e-01
4.070104432513668158e-01
7.233870974031868517e-01
-3.162834382076509243e-01
-1.509072512319289405e-01
-9.885891400528976081e-02
2.923684575191263790e-01
-2.522863474093364755e-01
2.085644712804214373e-01
-5.603624309604285925e-01
3.724331913926130500e-01
6.015161901460993471e-02
-1.018695257509434127e+00
-3.586953754220765234e-01
-1.231573275169910581e-01
-7.889826530506952040e-02
-2.556907023624277464e-01
-1.247200558307221124e-01
4.075128305513169846e-01
3.334878805757758857e-01
-6.733378677026816139e-02
-1.657609269078923198e-01
2.208772696601238039e-01
-3.394353313179637177e-01
1.740486098642628765e-01
-1.729771205114545296e-01
1.336984736401699431e-02
-1.808301352926155459e-01
2.655321801473971011e-01
1.335063968297489079e-01
-3.707213674435364537e-01
6.378184089327932904e-01
8.057372776314279672e-02
3.536148417617926976e-01
9.404701774502902123e-02
-2.305240258331265890e-01
-9.082721373622771877e-01
2.217392587216723554e-01
1.024831055494627718e-01
-4.648423473015596552e-01
1.902759168584398364e-01
-3.577159004485928606e-01
-4.081468309471927292e-01
-4.050603659277378643e-01
7.104437312973747032e-01
2.648156587141107243e-01
3.470324969286295858e-01
4.486299314785170689e-02
1.941130760074084305e-01
5.636053973602288547e-01
1.083035297988107354e-01
6.119124681071140548e-02
-4.591539925789051568e-01
7.655375182745699503e-02
-4.062716831822088537e-01
3.764837180828657370e-01
7.527702969268865729e-01
2.426793264331437994e-01
3.626845140688974012e-01
6.488450138901377673e-02
3.840555149729846240e-02
-4.700568707879339003e-01
-3.295790359216639320e-01
2.198936735223313843e-01
7.116857420432347314e-02
8.274701632283397723e-01
-4.447276895246755624e-01
1.931631225656230688e-01
2.569902688259105838e-01
-3.236388074539283122e-01
1.765337660436230305e-01
-2.707895558749749410e-01
-4.308330659875578283e-01
-5.126068568648494139e-01
-3.547743854846139092e-03
4.325116811953652607e-01
-4.247477217336714239e-01
-1.985997177353339693e-01
-8.205415137325383634e-02
1.545874115085439815e+00
-1.748330640043113116e-01
5.652625186451621514e-02
-8.084696212914506408e-02
7.797140265219826283e-02
1.530451461664777690e-01
-2.709060625027126523e-01
-5.077444427374306485e-02
-3.913865329326141063e-01
2.499066077180493728e-01
-4.928168070231510600e-01
4.835047910079867672e-01
-3.539835043491115218e-01
6.604592773832604902e-01
2.229003076421029461e-01
-1.098538588682667766e-01
-2.394715156221055019e-01
1.923358918922396243e-01
-2.812549706431449192e-01
6.419968996499131331e-01
-1.785264260142148951e-01
1.636002529331217203e-01
8.452425969001768624e-02
3.694613315406543030e-01
-2.926687326541840273e-01
4.293909684979302921e-01
1.585866053443477780e-02
-3.546497927118907323e-01
2.294409158037019059e-01
3.436406340258904568e-01
1.316102344919367895e-01
1.749382475412093740e-01
-6.061409752186114330e-02
1.765953253395040612e-01
-2.117817719440064084e-01
-4.437057481988307406e-01
-3.734666784960665731e-01
-1.682915155196176571e-01
-4.401217439547315813e-01
5.626143380723499371e-02
-1.212710866823112632e-01
2.303490156469308325e-01
-2.624381964884311413e-01
9.464226556624714126e-01
1.121516795985104897e+00
-1.413597807373435933e-01
6.414004762850843144e-02
1.138567720713325043e-01
-4.727388445173314468e-01
-7.295895725195901127e-01
-2.432568933335827743e-01
2.085578521108321925e-01
-9.367367022631637452e-01
4.901957109570549420e-01
-1.792335349660922894e-01
-2.681491926083381938e-01
5.161541306980357291e-01
6.795662793336935126e-01
1.536810233236274303e-02
-2.424646629812907961e-01
-5.722641330653791686e-02
4.441617424455955310e-01
-3.999039254694373713e-01
-1.633983982491303277e-01
-6.127116691960412531e-01
3.628660622336087327e-01
1.302193827917152769e+00
2.040220995210256794e-01
-1.262136495136018666e-01
-6.442714930870360179e-01
2.604943871041099368e-01
-3.468717308828013768e-01
-2.679882490607179979e-01
-1.867838346733671773e-01
-4.799205003747376019e-01
-4.084420477138868133e-01
3.153344508418497866e-02
7.991586179320944727e-02
-1.536303385686056955e-01
-2.630863141782000536e-01
2.761031002668473677e-01
2.945627047627115136e-01
-1.476047717598043540e-01
9.526432386838504796e-01
2.291030468277626131e-01
-6.256191095513455869e-01
-2.543709801275367277e-01
2.360246121186577728e-01
-3.345572777161321953e-01
-3.232618988269547744e-01
-3.519296779096948713e-01
1.107105238098129857e-01
2.302838095484157667e-03
8.036699424784987666e-02
8.599045592886470080e-02
-1.067549537730254176e-02
-1.737733765754299886e-01
-4.870976263563998598e-01
-6.566912274414149486e-01
-7.866903921432046864e-01
-9.199414998470178961e-02
1.115894786420818102e-01
1.696535360722149777e-01
-4.678742863104095040e-01
-3.823288363598947304e-01
-4.513967841903328004e-01
-3.405982106949221877e-01
2.212107419896516269e-01
-5.063193110328579882e-01
4.803006356117512365e-01
4.564524583137342106e-01
5.722807634107524022e-01
6.972794715957668366e-02
-5.863067541258725618e-02
-8.158085143803527062e-02
-1.269361957098479321e-01
1.767701310395034253e-01
7.729919301822275879e-02
4.037973267588446658e-01
3.397695541709372380e-01
-6.098220226948724426e-02
-8.519849286575868763e-02
1.088826522163254262e+00
-1.172142085515896215e-01
-2.986552190342071089e-01
-6.208720044287820983e-01
-6.911061563955868126e-01
4.149718351802355043e-01
-3.015550275882940556e-01
1.069788176579887645e-01
-8.448655035731382767e-01
-2.595596966904775704e-01
2.651032929476190847e-01
3.402408095361234008e-02
-2.905443631977112084e-01
-2.755579666300334019e-01
5.774056045110340790e-02
2.288492838632479737e-02
-8.074635831593779400e-01
3.770180578133358051e-01
3.500219918597724522e-01
-8.350341323343531130e-02
7.810552445930594653e-03
-7.642568001195340632e-02
-4.135032644117149214e-01
-3.430452909848227816e-02
6.705129113732175017e-02
5.301990247647593302e-01
7.022062887340299042e-01
5.708480128439057388e-01
3.245791253225661643e-01
-1.775563861596422266e-01
1.191455482512110975e-01
1.201094482521349038e-01
2.664082819409425151e-01
1.794147398948822136e-01
-1.942966922646313099e-01
-6.500250640540370696e-03
-3.261620401577912109e-01
-3.484053489165720059e-03
1.113214074988358171e-01
-1.089692475832518964e-01
-3.304132411887684140e-01
6.948043531553855789e-01
-2.583396744682261298e-02
4.778929641781153315e-01
-1.618002742139865724e-01
-1.143908015645377779e-01
1.838091592910805483e-01
1.212248503537802641e-01
1.680916308616760835e-01
3.389185493467852112e-02
-9.492966973303638978e-02
2.382447271802746458e-01
-6.729295368546686085e-01
2.331336312073119255e-01
1.644722537572414489e-01
1.611303481777567326e-01
-1.057691792599152053e-01
-2.316895182767141903e-01
5.389644481999832093e-02
-4.745158104821524114e-01
1.489711086949110086e-01
-1.753093249210704863e-01
5.161662887155421542e-01
1.082566009782691963e-01
3.181734881101361267e-01
4.091693817672434896e-01
-1.006419664095020844e-01
-1.194161210673257562e-01
-3.932035236565784714e-02
-7.548119925764967819e-01
3.948405079926727013e-03
1.372471698074334834e-01
3.709129625636966576e-01
1.801367526583495804e-01
-4.797207553667461877e-01
-1.162585794894457486e-01
-1.929626821498881539e-01
7.346902803602971543e-01
-2.370161212593968336e-01
-3.937695817726180048e-01
3.833240285559539329e-01
2.122092823441441289e-01
8.222322683757640194e-01
-4.297135710402990028e-01
2.710669847810877053e-01
7.180023449159026461e-01
2.620079530723504746e-01
-6.410301300734269070e-01
3.700461705774764076e-01
-4.742485138822916668e-01
-2.928150033756520276e-01
-1.824112264826825702e-01
7.286765998543577420e-04
-2.797396881493873222e-01
-5.410098153804789867e-01
-3.690612648413358898e-01
3.242693147113246965e-01
1.038703868514269546e+00
-2.373867555015792274e-01
-1.514923100877758715e-02
5.082404206889312714e-01
9.241864250628201161e-03
-6.350097490957823387e-01
-3.113713061491037853e-02
-1.711767362058195033e-02
3.068233389852683679e-01
1.481302262069378317e-01
1.715089682000099924e-01
-1.747669566738507818e-01
-5.511973491296690009e-01
-3.503402292722929134e-02
4.030120311743009553e-01
1.038190678228733677e-01
6.379652062301656434e-02
-2.862311426530952385e-01
2.649365583166202881e-02
-6.691291811151711677e-01
4.414936633093680673e-01
-4.058036792145239269e-01
7.337010207010947749e-01
