-1.881419387488500183e-01
-1.135555720570413790e-01
5.644747906369534940e-02
2.671461201273505059e-01
-2.401841607907489184e-01
-4.760561019411028993e-02
1.855303344214525030e-01
3.200338123502421972e-01
2.609688427469716299e-01
-7.402066123529423836e-01
4.580619435080618973e-01
2.319199199103511855e-01
5.821734084285055122e-01
-3.480390520694822132e-01
-2.388621732863489833e-01
-3.778930340794828258e-01
2.743095934613268283e-01
4.136710724619239721e-01
-3.976460895343355562e-01
-3.248968473768914511e-01
6.551773852035736034e-01
2.517627690308889971e-02
3.502021075370222447e-01
4.685271205314397447e-01
4.654369031535586232e-01
1.684220676959929108e-01
-2.672643416573947106e-01
-2.189577958858042184e-01
-3.888434318283836427e-02
5.673110023748689779e-01
-6.643241639121098829e-02
-5.003927275552987747e-02
-1.406406184868187748e-01
-2.471709988085655368e-02
-4.139701894388836401e-01
-1.273062815754312516e-02
4.597570882534680187e-02
2.394023710331800170e-01
-1.458682177121412848e-01
-5.080371023745609005e-01
-4.216121798900199780e-01
8.077895163897351738e-01
7.523433882006111406e-02
1.420252286403785869e-01
3.079254205753698126e-01
-4.262255534808803703e-01
7.833110798815189346e-01
-6.271195799411996563e-02
3.868901423347775870e-01
-1.012424609149978859e-02
-3.876113335914324609e-01
-5.085687103381877211e-02
-2.877439404122622002e-01
-1.335387753316878146e-01
6.190993165881156224e-02
-4.195607054663924584e-01
-6.095066153089053751e-01
3.301380445959917198e-01
-3.018258692303500967e-01
2.393025769939769731e-01
4.445123127725417733e-01
-9.561378320297740929e-01
2.339447182787414981e-01
-1.944081713093159247e-01
-5.309177038872967547e-01
-1.679975397135684001e-01
6.987067922689452759e-01
3.687209555134151051e-01
3.394745973154583707e-02
-4.384060953402438843e-01
1.081378211576188991e-01
-2.315597758836530906e-01
-1.699003859993129251e-01
2.208138790356890535e-01
-6.529707549514944809e-01
1.420089129341369771e-01
-2.598804958022613021e-01
-7.500008403589785155e-01
-1.350313633275017355e-01
-3.795121194674261345e-01
-2.431748098576541062e-01
-4.625965137578619824e-01
3.362753850242990450e-01
-3.293763783674565349e-01
-1.954276452466064198e-02
-1.698099110622879881e-01
-2.162816876423720724e-01
3.652029943616731666e-02
-3.085377366567328972e-01
-4.091148869133377497e-01
7.858251036184894511e-01
2.064443921025178180e-02
1.623153687412648427e-01
-2.268449137303445440e-01
1.228463998069068142e-01
-3.629370847258606841e-02
-1.251912310109075666e-01
1.354642646164122000e-01
1.046280500975683425e-01
1.068945946011263942e-01
1.176620343239926370e-01
-1.032679088344256174e-01
-8.047397448490618554e-01
-5.816335678622805982e-01
3.874556128806810329e-01
-1.524339592971818425e-02
-8.155570263733699643e-02
6.585904169768855287e-02
4.189327881037263057e-01
-1.840253420110091187e-01
5.649251526767966602e-01
2.104912482215004765e-01
-4.210091940535734545e-02
1.903184409626056464e-02
1.044273338114377059e-01
5.764480232900257572e-01
-3.065875890793603453e-01
5.245167558131184071e-01
2.548913016880400076e-02
-1.580561959892909929e-01
-1.524310712072661778e-01
-3.814574906100051122e-01
-2.010733296411723083e-03
-3.578310599960669025e-01
6.536506359766956764e-02
-5.226128351113085158e-01
2.419052959319726581e-01
-1.734509934971122103e-01
3.098095519209896342e-01
-4.799074121000751481e-01
9.979437152506201447e-02
3.202168592372093281e-01
-1.520603119242583401e-01
3.968978810290033077e-01
-1.092369723139378218e-01
-3.812358436957872243e-01
-5.074409294151670524e-01
2.307349926287385611e-01
3.140844637585872845e-01
2.484758088925731467e-01
-3.915778177235928470e-01
1.523585505847834323e-02
-3.694011130761954975e-01
-1.616562928155950152e-01
-2.282621740945248445e-01
7.063258134182995307e-02
4.383921519230964403e-01
8.149101252074526514e-01
2.343263058788426501e-01
6.052357614185549517e-02
1.552590880489023994e-01
2.403721167738834610e-02
-7.599713620435522010e-02
1.805995246042014710e-02
-3.197576012033945814e-01
-9.641046539183345532e-02
-4.843769116872022051e-01
-6.678911131499790099e-02
-3.619697691752599145e-02
1.266878017185616989e-01
1.582565410768833336e-01
5.466842837307610559e-01
-8.794743039028398712e-01
-1.022412451998385707e-01
1.779929642727220429e-01
1.006466614875217713e-01
-1.949988171184924013e-01
8.838946307676206482e-01
-4.946783764648134407e-01
2.878604222034583104e-01
-3.705540679451366226e-01
-6.945619176131503369e-01
3.610492374154490869e-01
3.408273468912845217e-01
-5.865731017923803137e-01
1.178232395778357811e+00
5.505065402664003349e-01
-6.158053319984178042e-01
-5.853015794729043986e-01
1.668544806600800734e-01
2.701946773104692556e-01
1.378031753271791726e-01
3.435620422495925808e-01
-4.312459845481271259e-01
2.152551961329630670e-01
1.961316948075831346e-01
-8.892812225997960562e-02
7.774565126068073984e-02
-3.204123994873416814e-01
-3.844936806455705458e-01
3.441336110112640512e-01
-7.883082833908212905e-02
2.591824667274609806e-01
-5.529410523847776426e-01
3.461279362848964092e-01
-5.184122017112550163e-01
-2.524586737788131474e-01
-1.337132577183739679e+00
2.654927520932020002e-01
3.749650637912003148e-01
9.667722564973127430e-02
-4.448287054488456183e-01
1.303536851250505779e-01
-3.691354831943854942e-01
-7.227765765257063157e-02
-2.556666031765819636e-01
1.477052849647289556e-01
-1.665987304881249298e-01
-8.196646817575287125e-02
2.456837169740771210e-01
3.508064589840056979e-01
3.677783974641775089e-01
6.621498447666661347e-02
4.345157870654329374e-02
3.822035854961906565e-01
6.761161617836227711e-01
7.973592064060647244e-02
3.328562898777625428e-02
5.794217418730911451e-01
1.478262921155707177e-01
-2.728803746247249196e-01
1.470015792945215671e-01
-7.382117830677489279e-01
-5.478690297997173414e-03
1.258355607556460865e-01
5.860471979005760224e-01
5.158776805609911059e-02
-4.126799458311292135e-01
2.313483578310142688e-02
8.524018434628813368e-03
6.454510294288406946e-02
-1.694156348517663058e-01
4.592383373102118527e-01
1.643942080081201365e-02
-2.744795006599777820e-01
-3.930420975288709817e-01
-2.930312692521507834e-01
8.475431106104837353e-02
3.962309450975346481e-01
3.352511065072365515e-01
-1.401622195122285454e-03
-2.919526730279187361e-03
8.651609839542706570e-02
-1.375396838243748032e+00
-2.821850011337182496e-01
3.450587091825937369e-01
1.989290363674563744e-01
5.278641389288233343e-01
-2.659472259340761591e-01
4.610813171795045684e-01
5.821263304317587650e-01
-4.412771759631744506e-01
-4.540802548192138799e-01
-3.208152435177550332e-01
-3.155852437090038154e-01
3.767495888678221716e-01
4.891369702483480686e-01
-3.505565220387713704e-02
6.943809288223049547e-01
1.014256129495101910e-01
3.493754600406105970e-01
4.630087538229243349e-01
7.181391623500246180e-01
-4.378438321149412116e-01
-4.126832561940191844e-03
-4.873808049973930578e-01
7.978497248910548789e-02
1.716128066229679616e-01
2.805170454733293961e-01
-5.991448291227641221e-01
4.533859644011742351e-01
1.053644216645455156e+00
2.745444908243938609e-01
-1.204216795875224788e-01
-8.717608625984011317e-01
-1.701757244611152298e-01
7.668182534104663051e-02
-3.909416362379437154e-02
9.383946602927861758e-02
-2.909922028488799994e-01
-2.093571578159376945e-01
3.487758609479631455e-01
-4.440226308925591114e-01
-1.076365086381865233e-01
-9.435053570758886177e-02
-9.623824148992340399e-01
-2.393631874768734069e-01
-7.962589219800545459e-01
-1.966508935456696104e-03
-2.378611059613318646e-01
-2.430831932311825205e-01
3.255242878298112985e-01
-1.980846001635576947e-01
-1.612177609818688517e-01
-7.326425652577918113e-01
-4.015439226201125145e-01
2.139258033718895169e-01
-4.525825104527957804e-02
3.414374269406940665e-01
-8.448537580948158043e-02
-1.431284525910327954e-01
3.306866023508250874e-02
3.431006850805448094e-01
2.410814301803815562e-01
-3.994510356006965579e-01
3.534112565197157774e-01
-5.090025152587767110e-01
-3.633822280911109398e-02
-4.914220486246071440e-01
-3.129302764642808987e-01
-3.897883692048275117e-01
1.493779160893168867e-01
2.851341961932255531e-01
1.812802523096372909e-01
-1.858359860949072573e-01
-4.759912404091389826e-01
1.738485198339419224e-01
8.200835015131265060e-02
4.452189082762009892e-02
2.095041705001632337e-01
-1.117732687860450991e-01
6.332510782923159720e-01
-4.400357661568507495e-01
-3.898474961208791556e-01
3.295130726820209577e-01
5.127231867528065923e-01
-3.138824392381059925e-01
-1.716494787134147937e-01
3.232274201425219262e-01
-1.691140924304815329e-02
-1.142828216398864699e-01
6.214428747797335895e-01
-9.117204381597275586e-02
-4.149225864218099025e-01
-9.056078043218942497e-01
-2.235707253216123735e-01
2.743623764684629540e-01
1.401219776452441723e-01
2.035557632517864812e-01
1.879257849784671808e-01
-2.874660493926313176e-01
-5.657756062544405662e-01
1.216668170834311752e-01
-1.952391901113840755e-01
1.125537211226236012e-01
-1.374086243157082166e-01
-6.934696844306006414e-01
6.100604748213938472e-02
3.860508796911428231e-01
1.922376405986491732e-01
-3.985864759190410611e-01
-4.354013098398183401e-01
-2.607176549879544614e-01
4.269263331971243636e-01
7.010144735361021340e-01
-3.089292276656292469e-01
-1.522694217296298447e-01
-9.263910036797567971e-02
2.875218288279196011e-01
-2.466430249887801018e-01
1.974314280095490481e-01
-5.571277181849489946e-01
3.743120917933375202e-01
5.058891490950238878e-02
-9.465877655461314433e-01
-3.534006823786805529e-01
-1.274678522944650561e-01
-7.634154530468248434e-02
-2.453680209579873206e-01
-1.282982355879973557e-01
3.815367739579951789e-01
3.282717899709487464e-01
-6.142683616833888999e-02
-1.701012949568437849e-01
2.359877437622954766e-01
-3.393309847118975431e-01
1.455243955514971821e-01
-1.599340907519061217e-01
1.107339932410583011e-02
-1.795850601688149528e-01
2.611408856111937515e-01
1.246555003765801306e-01
-3.651546313538974742e-01
6.498486142656642039e-01
9.784381876027864466e-02
3.626674656245712502e-01
5.144184387528114022e-02
-2.435920154637220003e-01
-8.637236757420427846e-01
2.180151795413596272e-01
6.317796208352327580e-02
-4.607731296882162653e-01
1.910523349466575760e-01
-3.609374066764343691e-01
-4.059819209586156274e-01
-4.171339598059346510e-01
7.355040814875198896e-01
2.617508522133214499e-01
3.478577380264606944e-01
3.417885611888001052e-02
1.808960872156874511e-01
5.615779149836380713e-01
2.032781364823418591e-01
6.187849016874704539e-02
-4.689226350494020701e-01
8.871897382784443842e-02
-4.006328965328138092e-01
3.691204054565703774e-01
7.735792725419171623e-01
2.559759807790846775e-01
3.611603334722141567e-01
6.300520982402188497e-02
-1.753979906515774900e-03
-4.706385242157489768e-01
-3.301799608870427116e-01
1.757997660667609263e-01
4.819885880246453647e-02
8.452661081079302363e-01
-4.433288564364404882e-01
2.004446495709605591e-01
2.655907705929739238e-01
-3.175577431726185895e-01
1.533463648820618253e-01
-2.676213785436635795e-01
-4.279413201354273499e-01
-4.780488157533065996e-01
-7.650405369701898314e-03
4.506574013210530305e-01
-4.258344737357021570e-01
-1.979275318929001604e-01
-8.752189101792015591e-02
1.458729250267845501e+00
-1.548341656477252859e-01
5.852441802659139741e-02
-8.165020084473574580e-02
8.420866852968805771e-02
1.469278837980623198e-01
-2.832873660348708134e-01
-3.379168531062708841e-02
-3.888250522209434346e-01
2.572727560935179070e-01
-4.938359277327165064e-01
4.819257156934617647e-01
-3.561092778922995694e-01
6.471749194777810521e-01
2.275278975840238360e-01
-1.111781923584481135e-01
-2.456946026120382653e-01
2.045469627590069117e-01
-2.843830417750714545e-01
6.419200947981532623e-01
-1.741964305159657833e-01
1.620384683738291531e-01
9.529288541418172442e-02
3.649117132194631963e-01
-3.037418400937304530e-01
4.248282177773403667e-01
-1.239906847938068366e-02
-3.447984203611491050e-01
2.317641802150615937e-01
3.393921320896047256e-01
1.325264748646768354e-01
1.377061353543191924e-01
-5.911125662118849738e-02
1.864763902845852361e-01
-2.190511972115725681e-01
-4.421229876813858595e-01
-3.692724927074004238e-01
-1.698314099633175533e-01
-4.258870202089548029e-01
6.418434360227252833e-02
-1.330926794842696714e-01
2.315312705483211220e-01
-2.631722256372586721e-01
8.542233523311065779e-01
1.109738108842682980e+00
-1.370310180066923733e-01
5.472279915008827073e-02
1.230161712264853657e-01
-4.171366365035276691e-01
-7.209211401682491527e-01
-1.795840016793057159e-01
2.085415486265475293e-01
-9.888204071512326498e-01
4.893739657529297404e-01
-1.659142717673660339e-01
-2.427453425992238678e-01
4.917527076908208006e-01
7.129342234897688702e-01
1.773138496531585784e-02
-2.516971047132421924e-01
-6.071326101801927111e-02
4.403710260576750857e-01
-3.988840452097170419e-01
-1.620723220940192277e-01
-6.150085007141704585e-01
2.750208931504090071e-01
1.196598122980652823e+00
2.069120803919198837e-01
-9.625995448806635990e-02
-6.509370795349241900e-01
2.587268357109233641e-01
-3.901553632627969281e-01
-2.640018323618974483e-01
-1.866904418957288925e-01
-4.782768376151710354e-01
-4.242951486346270840e-01
3.288842769145905454e-02
7.448816992378085033e-02
-1.764690728422542432e-01
-2.851838926223281279e-01
2.792893327062601072e-01
2.956033478712728479e-01
-1.502502929904777629e-01
9.534499500675314154e-01
2.389760851788555185e-01
-6.099284856394263654e-01
-2.304573543483163234e-01
2.415765037427940465e-01
-3.351166144615685405e-01
-3.192380156431671168e-01
-3.433972067767471215e-01
1.038934942032834347e-01
4.385576886618356394e-03
8.363610225732610870e-02
9.213361505616809999e-02
-1.300135693621149585e-02
-1.361008132195001552e-01
-4.882340316614148801e-01
-6.596358905864136979e-01
-7.886930520415578183e-01
-8.728232378554964810e-02
1.058638596548842903e-01
1.575540686079210106e-01
-4.777943124917483075e-01
-3.927985990536154159e-01
-4.369574690200048739e-01
-3.410969838469743443e-01
2.329228902326801187e-01
-5.005528459538814978e-01
4.927217430333787895e-01
4.410194528626178445e-01
5.750733975623090188e-01
6.495095133012693256e-02
-6.430545913430703309e-02
-8.487012753581550661e-02
-1.196466785731800236e-01
1.675885212944545899e-01
8.186135862470439450e-02
4.024423472031986582e-01
3.483865369872122253e-01
-4.913735745389663512e-02
-6.612804929904080031e-02
1.108560761258494898e+00
-1.124837771775946543e-01
-3.054849887279841303e-01
-6.093475752553491054e-01
-6.936850967177583538e-01
4.053439571996399482e-01
-3.519868315448669849e-01
1.011257133113791784e-01
-8.360990188939571022e-01
-2.315706523063332523e-01
2.799083271097048686e-01
-6.395704807823755257e-03
-2.892355495248156716e-01
-2.635965863665962750e-01
5.574378213541249932e-02
1.722034953454761388e-02
-8.298493868804668327e-01
3.848801718028746488e-01
3.507540639859439979e-01
-7.389991969046293130e-02
1.430831300688792905e-03
-3.800830091535130351e-02
-4.177523474405540060e-01
-3.830651152941389609e-02
5.738831957031235304e-02
5.253198528128638634e-01
6.910524284649888216e-01
5.101912198303741874e-01
3.367906306251947091e-01
-1.820505967563623984e-01
1.147282330773984615e-01
1.180627944697338200e-01
2.462365869289108444e-01
1.804829297581269643e-01
-2.105720304030730683e-01
-2.701328001962748776e-02
-3.253733269636623349e-01
-1.980346316619874605e-02
1.128613268937157937e-01
-1.139227624875372852e-01
-3.260459716143692677e-01
6.754928796652687195e-01
-2.886479049634873423e-02
4.391163642810860246e-01
-1.731460412183152275e-01
-1.108442112461530682e-01
1.758690872467570387e-01
1.227931852386183187e-01
1.728036100497558625e-01
2.736264869608410685e-02
-1.002988889776225551e-01
2.492623775085194282e-01
-6.716483458946223006e-01
1.980782247299559540e-01
1.697924641923952149e-01
1.561361404745503501e-01
-6.649629009584116790e-02
-2.201094169627798580e-01
5.644372569696341074e-02
-4.839604686214996065e-01
1.542505801481016681e-01
-1.770212497692348341e-01
5.219281908379312940e-01
1.096644906889546467e-01
3.234724029285530045e-01
4.056728543437638224e-01
-8.392854871284177731e-02
-1.191549105755547872e-01
-3.995196410248990498e-02
-7.611514232875629116e-01
3.957125378205613234e-03
1.303558256784410063e-01
3.910345397158506153e-01
1.608188108916158154e-01
-4.775845166394215302e-01
-1.249542941943959234e-01
-1.885619910181546843e-01
7.344703810732009508e-01
-2.368238376816347024e-01
-3.974240966182893686e-01
3.752851376781317638e-01
2.142857943877319316e-01
7.637535130679936612e-01
-3.411040636967814788e-01
2.706340122619958488e-01
6.844278682516975465e-01
2.648581046794932781e-01
-6.406926323660934175e-01
3.729114621409732044e-01
-4.755336942344168261e-01
-2.884224815617216220e-01
-1.806623753880094441e-01
-6.344576993922581383e-04
-2.846987780171844618e-01
-5.345860306096273940e-01
-3.135535869102886175e-01
3.303573362811619840e-01
1.036063758740764618e+00
-2.406328683810447233e-01
-2.486162167308098372e-02
5.228398430668959040e-01
-4.119010461663867931e-03
-6.225026002862270591e-01
-3.512270429820922579e-02
-1.317267601840219939e-02
3.169551425802356603e-01
1.479576300438410208e-01
1.678947882585243856e-01
-2.378915342201192717e-01
-5.599980501400126931e-01
-2.524564579389580385e-02
4.062318085606502760e-01
1.037895839774791579e-01
6.244908875201273663e-02
-2.834544891215544649e-01
2.708824572218604745e-02
-6.434010172139431605e-01
4.104840536213097968e-01
-3.594210371014445737e-01
7.340472779559089611e-01
