-1.890689778232383933e-01
-1.398666516305714369e-01
3.053684910483981177e-02
2.678373339449190427e-01
-2.436863376206419296e-01
-3.555053767617592786e-02
1.827614283128203843e-01
3.153422980968467737e-01
2.655666756079300694e-01
-7.437287532392807821e-01
4.496368372664800717e-01
2.104621948975242407e-01
5.679404284968916361e-01
-3.125287866158352190e-01
-2.392259914268699272e-01
-3.578480808738115915e-01
2.756128126424435831e-01
4.122509416322568954e-01
-3.921805508850328414e-01
-3.379942103421773592e-01
6.557773598744935928e-01
1.777524469217435163e-02
3.647888527103929079e-01
4.699242523836372198e-01
4.633253439422372888e-01
1.799036707369343902e-01
-2.688829869225090041e-01
-2.203388824624974984e-01
-3.328983615371754190e-02
5.662783447447220508e-01
-7.879303265130183087e-02
-5.724987185161315578e-02
-1.385197860934366532e-01
-3.266203747776827426e-02
-4.091846983576504226e-01
4.473785706485092738e-03
5.685710719260191059e-02
8.741715251705055312e-02
-1.472135888236083823e-01
-5.144143075544016508e-01
-2.302925746475873170e-01
7.988434372337278599e-01
7.894011011754029083e-02
1.269557866116594880e-01
3.055089523704603294e-01
-4.291851205932331048e-01
7.910432805059818273e-01
-6.321942476298968161e-02
3.878033821158274330e-01
-1.047087451974975866e-02
-3.844264832266686693e-01
-5.422150831131834076e-02
-2.919609298758709115e-01
-1.399891506527010110e-01
8.045780224337516218e-02
-4.401893068428479605e-01
-6.036007772545135541e-01
3.265192760997472354e-01
-3.053452738347270934e-01
2.441013338036437386e-01
4.440686595228135469e-01
-9.373989294698251706e-01
2.417102092461922147e-01
-1.833926111151494842e-01
-5.217990021934714173e-01
-1.632226115289806823e-01
6.964007989769636087e-01
3.555368049762944738e-01
2.065213210579695813e-02
-4.428445487206439379e-01
1.259329179669077259e-01
-2.324706246399730614e-01
-1.537455403618312455e-01
1.712158362883286489e-01
-6.532177668959674444e-01
1.356704058908759503e-01
-2.763995048198754634e-01
-7.929933523133397832e-01
-1.491586775999515779e-01
-3.869849164280168008e-01
-2.420053342306759114e-01
-4.620375898055978925e-01
3.500107884888002396e-01
-3.507420574227712584e-01
-1.659912530223800475e-02
-1.691948927615839759e-01
-2.170376710413251253e-01
4.338491452768916679e-02
-3.091325472000468477e-01
-4.148459362820800522e-01
7.811636569508262351e-01
1.812856068110788726e-02
1.629066647895689446e-01
-2.251957535609864225e-01
1.222089713746582762e-01
-3.050909389794253038e-02
-1.242733952879767623e-01
1.385069877749728340e-01
1.352099215474132365e-01
1.073962065591105575e-01
1.168291869782508013e-01
-1.067551964982484392e-01
-7.953292955964815780e-01
-5.899623785791764385e-01
3.902781290887872290e-01
-2.608999178603848765e-02
-8.787630537431592725e-02
7.140107994659888879e-02
4.190498876273289763e-01
-1.619295113832707744e-01
5.026528806925358861e-01
2.133108206763760228e-01
-6.224052162490636975e-02
5.707990868993580852e-02
1.188656632498115012e-01
5.725414998679050349e-01
-3.059646423149405270e-01
5.233752809457256072e-01
3.042311274988692901e-02
-1.675619946388679504e-01
-1.405542231626666916e-01
-3.821718527509297969e-01
-5.278965720606254401e-03
-3.685371407242189479e-01
6.577576475051268023e-02
-5.177224041631722784e-01
2.309912023382602042e-01
-1.836626120619932745e-01
3.083584654004072889e-01
-4.717534972471108534e-01
1.029265377853569308e-01
3.335462862315806132e-01
-1.476270186318525413e-01
3.949995598205160441e-01
-6.128041522094095084e-02
-4.022517053372517415e-01
-4.835948079090143792e-01
2.304684992126474485e-01
3.073882557491562917e-01
2.738359425769860134e-01
-3.907826572828980716e-01
1.595054350302372442e-02
-4.141540739285197725e-01
-1.574542703414677780e-01
-2.137999758037786302e-01
6.020114125215118850e-02
4.506124435998448696e-01
8.163621255993120940e-01
2.387677664281257217e-01
6.188438868477245253e-02
1.591722549629752403e-01
3.158961469697607605e-02
-7.875633765202477710e-02
1.787894394168788870e-02
-3.200927532235550710e-01
-9.604904402302341659e-02
-4.815058152200740738e-01
-6.706758157447703650e-02
-4.812697434394230117e-02
1.284181315815962621e-01
1.561046787152238768e-01
5.416502606610215098e-01
-8.822008579009127383e-01
-1.053564863203800689e-01
1.787353154739258765e-01
1.082023108775612835e-01
-1.916847181312048565e-01
9.438107337641086225e-01
-4.940128368463937991e-01
2.920451375537809757e-01
-3.728557882724409800e-01
-6.918428938316569798e-01
3.332543351806659393e-01
3.389856311463478322e-01
-5.958501336690742445e-01
1.157978523109277180e+00
5.716522789822980899e-01
-6.136809538762056926e-01
-5.436360844762870848e-01
1.370080217269158129e-01
2.761132076161696980e-01
1.357997850346004398e-01
3.438443554002538760e-01
-4.226135291938946104e-01
2.097048230274686509e-01
1.983566746056084351e-01
-9.740026270012570875e-02
1.048602852288691989e-01
-3.215771270508014923e-01
-3.844147851106736735e-01
3.500626183871018426e-01
-9.721733986197526878e-02
2.684094111644101943e-01
-5.605473044411608541e-01
3.446063535512431386e-01
-5.222853742516440079e-01
-2.562009704266006160e-01
-1.332020994232865130e+00
2.654809140854310079e-01
3.966417373396253221e-01
9.415752235792275437e-02
-4.493849727202802735e-01
1.621742325251502026e-01
-3.689439526269412961e-01
-6.811437137379693085e-02
-2.350596724762638867e-01
1.356846768217165322e-01
-1.525313061798084791e-01
-7.571239898984320760e-02
2.408936045661835834e-01
3.824511130510557799e-01
3.655972148870779703e-01
6.651624956025618818e-02
5.127352483775415859e-02
3.741961069541523410e-01
7.608968576532363359e-01
8.087380171175814758e-02
4.191335993005022159e-02
5.962334099557834444e-01
1.509970332049101471e-01
-2.745562030577323176e-01
1.529686727909199129e-01
-7.441983754529418738e-01
-6.835842950986786674e-03
1.253541406502838018e-01
5.872465265772557341e-01
5.749530962019037267e-02
-4.004130228061684171e-01
2.584550606987748647e-02
3.543943285439446738e-03
7.255749718731525910e-02
-1.850238088079306509e-01
4.483970332777458823e-01
5.992835862129590116e-03
-2.709668001746206034e-01
-3.892296145373352889e-01
-3.018163889875120076e-01
8.715259164706182227e-02
3.953310486589376449e-01
3.403025051160455394e-01
-2.652939660079378301e-03
-5.089074871291569997e-03
1.320546810212554489e-01
-1.292469188039254702e+00
-2.886912454240901926e-01
3.492563347279434294e-01
2.057697743750976083e-01
5.268709003452241024e-01
-2.630136142445229641e-01
4.510830851927786211e-01
5.346253174591353297e-01
-4.357915457341535181e-01
-4.383349329709405051e-01
-3.203676805678026818e-01
-3.179037384747300798e-01
3.768407397958785654e-01
4.185096350818297561e-01
-3.311369709147229945e-02
6.598342072129805835e-01
1.012278536749657287e-01
3.475867806686197548e-01
4.594993074439551739e-01
7.310972805703913613e-01
-4.417477780689779143e-01
-1.516295125502000254e-03
-4.603632177695128891e-01
9.077528685822092158e-02
1.717728528586907055e-01
3.243991175419728701e-01
-6.121815978969616934e-01
4.532296668095343595e-01
1.036545636474987653e+00
2.639552756390138866e-01
-1.205729079346810756e-01
-8.548171041246269697e-01
-1.703533740359620130e-01
7.660276541856593513e-02
-4.860843004982335486e-02
8.958033479270721688e-02
-2.934297618119994788e-01
-1.692815639729568500e-01
3.010119596240827256e-01
-4.443720372249990724e-01
-1.081523999743243813e-01
-6.927892242011757240e-02
-9.595006923338816884e-01
-2.355736096840955751e-01
-7.987468460236673007e-01
-1.941060161981067109e-03
-2.418916933991646923e-01
-2.520713898783397688e-01
3.261032393532942164e-01
-2.063087688403668074e-01
-1.612212580608002599e-01
-7.376183928988385707e-01
-3.845187764251238316e-01
1.963159798323299010e-01
-4.112312231838991666e-02
3.609994487133234009e-01
-6.956952716217268406e-02
-1.417674919166008463e-01
3.836101164883773396e-02
3.390825981185081051e-01
2.473973945870686642e-01
-3.976547710338622643e-01
3.412229078808333704e-01
-5.027335478206810260e-01
-3.584868824279630051e-02
-4.913062579691213072e-01
-3.151484650663083364e-01
-3.854626197867487836e-01
1.454760837642504467e-01
2.976512128428890347e-01
1.761962552583544728e-01
-1.715129293425740609e-01
-4.796512380012039611e-01
1.716634101371639909e-01
8.560049536087553645e-02
3.731285059028738998e-02
2.206292435144253383e-01
-1.097688687169896815e-01
6.327101351887006730e-01
-4.961314138478513658e-01
-3.977658653063066985e-01
3.288594303643554428e-01
5.113419792220860183e-01
-3.109969080938773667e-01
-1.640517454021006016e-01
3.167586175252561365e-01
-2.377861992555459561e-02
-1.157784781383280198e-01
6.290318517275159671e-01
-9.497356958287433981e-02
-4.124974152299769603e-01
-9.063024832609399839e-01
-2.329137254320185757e-01
2.755032095845879603e-01
1.304082959962940547e-01
2.048659820906679752e-01
1.786016057675160751e-01
-2.824857912880899269e-01
-5.651619866222521438e-01
1.363864811363444118e-01
-1.972296390548823608e-01
1.095974530986887630e-01
-1.334743836377700055e-01
-6.366906052364750268e-01
7.261143183852487859e-02
3.850879344147796757e-01
1.980096684928088213e-01
-3.960566304003628191e-01
-4.329713697962939700e-01
-2.593351817187570796e-01
4.380611493325917150e-01
7.066987270151090517e-01
-3.033052453579412888e-01
-1.526364889596036611e-01
-8.267409528709357414e-02
3.013630510857813194e-01
-2.479380432703433834e-01
1.921568716268198251e-01
-5.484839413991946522e-01
3.851334278233141672e-01
4.783502303661832378e-02
-8.973068947882301138e-01
-3.583149482493522830e-01
-1.293245774413920024e-01
-7.427540950793538876e-02
-2.482382279559571803e-01
-1.282975247132210062e-01
3.562294217024645215e-01
3.289505837458697735e-01
-6.369748925897888991e-02
-1.693382089061506723e-01
2.320828926933032332e-01
-3.387842399309702324e-01
1.325588418540019353e-01
-1.510967763566968547e-01
1.071083921212735192e-02
-1.729479124061147899e-01
2.722452124045032784e-01
1.434309740655168586e-01
-3.716176576816056509e-01
6.612163942463651356e-01
1.091152101391043017e-01
3.583541210478466410e-01
9.576907478658348849e-02
-2.289275432532058563e-01
-8.328192257757291994e-01
2.199062315038451121e-01
7.433388711970528862e-02
-4.576203665561176526e-01
1.897706412166148549e-01
-3.512076931662482804e-01
-4.079207510115524515e-01
-4.194766480716186630e-01
7.095488354553866062e-01
2.601939777020296218e-01
3.508211963388907506e-01
1.839242032163746279e-02
1.940902929393175103e-01
5.426982742071740917e-01
1.744901018726781883e-01
6.527082820767836358e-02
-4.590359841389866635e-01
8.463473773963420266e-02
-3.990974412658027104e-01
3.866190716431291974e-01
7.720802499827714716e-01
2.582782920212652322e-01
3.561819896380941652e-01
6.090442603120682641e-02
1.786285530453353421e-02
-4.679522607603450179e-01
-3.324312709456402337e-01
1.808753696400233757e-01
4.883380625561165728e-02
8.451598509568937212e-01
-4.425997093168779206e-01
1.998051564722024831e-01
2.723263257456088882e-01
-3.150775433168824802e-01
1.452213199768777885e-01
-2.600328557031758581e-01
-4.282046492100031188e-01
-4.618223776249356649e-01
-8.996553210032618916e-03
4.695757844960493643e-01
-4.207503617718214017e-01
-1.985138939150650761e-01
-9.170400332002452692e-02
1.459567965646431320e+00
-1.599631552322249572e-01
4.048538192032621191e-02
-8.509783309441895649e-02
8.373436364991840297e-02
1.368641096832151072e-01
-2.879202450039505257e-01
-2.126503484872055080e-02
-3.789777817736795229e-01
2.495294222132322659e-01
-5.780515845336521297e-01
4.881337317511893481e-01
-3.534899150015632374e-01
6.268387206019195856e-01
2.557956306176189520e-01
-1.123794638056026807e-01
-2.424656826220067396e-01
2.008176132105170542e-01
-2.743587416586465433e-01
6.441688549467989855e-01
-1.762295794340137667e-01
1.673498341002087886e-01
9.699793710953896753e-02
3.508698134585257478e-01
-3.072012800326579529e-01
4.274136520436056519e-01
6.073899952556395532e-03
-3.408153513055747763e-01
2.288969080312267812e-01
3.259576316086122971e-01
1.333021915019751147e-01
1.235877985294004805e-01
-6.624923949252869981e-02
1.945204775309871958e-01
-2.083489422400847113e-01
-4.428585589802977451e-01
-3.756521379733830934e-01
-1.664818324981434117e-01
-4.322439992755772731e-01
6.527634958157396694e-02
-1.236016167343455263e-01
2.327478721020458108e-01
-2.602483252640236389e-01
8.560965174309757009e-01
1.082471652995419920e+00
-1.229184822854553494e-01
5.365908827081634913e-02
1.383313683173167941e-01
-4.205368526623244896e-01
-7.290329018779034831e-01
-1.523038729972269190e-01
2.074867318901332525e-01
-1.010084234111899182e+00
4.685595447225622268e-01
-1.734812307102008844e-01
-2.714938854907055776e-01
4.788159810617197976e-01
7.364014391192600373e-01
1.795391374430002629e-02
-2.623286159915650950e-01
-6.241511665349926824e-02
4.389216838601786019e-01
-4.047671408812961724e-01
-1.620941591806610571e-01
-6.137206654472642242e-01
2.407195422818181052e-01
1.262658162459410427e+00
2.082651523277701255e-01
-1.139932776644567991e-01
-6.429414083495466059e-01
2.573562931744483029e-01
-3.876615644406017358e-01
-2.593033816722421503e-01
-1.983595083621466915e-01
-4.834989126237769219e-01
-4.212825911459061046e-01
3.203012465135916809e-02
7.926470687430359208e-02
-1.601944946633740985e-01
-2.796865740629684294e-01
2.790022399108884055e-01
2.940859483204919522e-01
-1.507494135266822244e-01
9.034161139755068071e-01
2.456631043953026727e-01
-6.092418866034566838e-01
-1.432620057498657229e-01
2.458045641062980013e-01
-3.336796441660530577e-01
-3.151028905589307039e-01
-3.434655150034179316e-01
1.067737789591736569e-01
8.109413304580318643e-03
8.596490905773970792e-02
1.013508310796830542e-01
-1.330845497366418481e-02
-1.481968405943271394e-01
-4.891085262776394549e-01
-6.510758909672268446e-01
-7.909921817302677516e-01
-8.518921342836377475e-02
9.894186445193331458e-02
1.587164779821841898e-01
-4.954446379410006318e-01
-4.186588381120701086e-01
-4.234869787770505489e-01
-3.139330489330568463e-01
2.400763375047818005e-01
-5.074066641926731069e-01
5.010788674057017333e-01
4.476105271162415522e-01
5.747976850223097678e-01
6.248768986041843693e-02
-3.554591147354432823e-02
-8.608971022401376572e-02
-1.189245685838836997e-01
1.694509491514086807e-01
9.371698817602956699e-02
4.017763690402514909e-01
3.563492895680122063e-01
-5.115260856155520036e-02
-5.523152594092008844e-02
1.109870472131988306e+00
-1.095880637336627550e-01
-3.128463204018304133e-01
-6.104027392975148736e-01
-6.890939390852169888e-01
4.087394801510579323e-01
-2.959017064482164505e-01
1.066759205027344032e-01
-8.403342750450328857e-01
-2.218310448268343005e-01
2.736905843822152740e-01
-2.305224605837675328e-02
-2.614613013968391519e-01
-2.591347844199757278e-01
5.600734135619960669e-02
4.776737140445293933e-03
-8.155623573776386026e-01
3.849695001535222150e-01
3.486780732249490367e-01
-7.205653033392561690e-02
4.535210284478648560e-04
-4.366419044474226935e-02
-3.821958102449685701e-01
-4.348578114409178824e-02
5.532892060862696498e-02
5.348088217301940617e-01
6.960326837380871323e-01
4.986907576552591093e-01
3.321785083260483384e-01
-1.833699008517313267e-01
1.325637649905268001e-01
1.142301921635575368e-01
2.407737786849770412e-01
1.808376463999394890e-01
-1.731976620178505566e-01
-2.651280199797553805e-02
-3.225615848506068750e-01
-3.335832115927536701e-02
1.145412169381905959e-01
-1.108984597134613226e-01
-3.279457869171160667e-01
6.652316935608624249e-01
-2.676040294677502207e-02
4.962122405192850305e-01
-1.843406607852713097e-01
-1.123916526598148363e-01
1.740377486320404121e-01
1.288510286719735942e-01
1.770626447557375194e-01
3.502114760109369118e-02
-1.009324036811339448e-01
2.540775783977768931e-01
-6.729197310649395192e-01
1.750026894798674404e-01
1.663914325994491628e-01
1.262917902103773693e-01
-6.365589854638417644e-02
-2.256724950673874297e-01
5.566992100877462407e-02
-4.866977454041286344e-01
1.515617451915055314e-01
-1.811263687281628454e-01
5.304507957792395922e-01
1.103598298580873993e-01
3.273776662709574903e-01
4.030533526050715243e-01
-7.589077415079484301e-02
-1.202773241209667554e-01
-3.849854493680152090e-02
-7.460047637213619298e-01
4.435781811206376130e-03
1.434473508280320331e-01
3.712897003199311929e-01
1.709181798769474347e-01
-4.761427315412460337e-01
-1.210639453222180917e-01
-1.887865889816934262e-01
7.354884928671353572e-01
-2.388329929431823873e-01
-3.993208857269489598e-01
3.699415937361723583e-01
2.115351561318301876e-01
7.945413652911406110e-01
-3.421112840661892918e-01
2.702995620484416328e-01
6.601816497875258039e-01
2.703715086407047496e-01
-6.407041608691708134e-01
3.679105864182252161e-01
-4.756161136146376811e-01
-2.818684649762727146e-01
-1.796435359370565366e-01
-7.525737207325819932e-04
-2.844278507381887700e-01
-5.332585326215791843e-01
-3.492042713935795128e-01
3.640132418677878290e-01
1.028790153373525973e+00
-2.468885518616557861e-01
-2.492015166070380913e-02
5.305950433325885562e-01
2.411142134363131878e-02
-6.166384561002727915e-01
-4.730686580331398827e-02
-1.471180510327005711e-02
3.227000446714289872e-01
1.363546080608639965e-01
1.648979464015602747e-01
-2.416024980980533421e-01
-5.638200187978618105e-01
-2.159879265967619422e-02
4.057996610690650097e-01
1.018521513958446784e-01
6.400083673119932870e-02
-2.850036651694972112e-01
2.424249118457853444e-02
-6.588306107286561186e-01
4.103044013610651075e-01
-3.734053409088098907e-01
7.281396786842423419e-01
