-1.882998720610682131e-01
-1.178874835794255782e-01
2.746192109692330990e-02
2.666941079499375866e-01
-2.352931101695562577e-01
-4.789202596961601721e-02
1.846256844861965396e-01
3.183799197835771033e-01
2.632302837251041527e-01
-7.390061108630117115e-01
4.691739853878272859e-01
2.296708796470385838e-01
5.804047800357705622e-01
-3.496264018677709973e-01
-2.391493857895402864e-01
-3.752618064274853560e-01
2.737430620742398180e-01
4.130710157825652207e-01
-3.962564188838926249e-01
-3.318060535835828384e-01
6.568439384061535158e-01
2.246457121574839400e-02
3.502311743278612721e-01
4.683997900427098182e-01
4.660703313779405166e-01
1.713190956908200446e-01
-2.677974039171244769e-01
-2.213491902510869858e-01
-3.586954960930689024e-02
5.671017537998226388e-01
-6.923638209943208666e-02
-5.156501804933823901e-02
-1.409125618988295026e-01
-2.260690896243467904e-02
-4.130968956370928424e-01
-1.195763792036595025e-02
4.743497168013512122e-02
2.361492066728265726e-01
-1.426424472995768689e-01
-5.093745326830234621e-01
-4.373350955111937055e-01
8.077395947005286958e-01
7.211944423525232239e-02
1.424781901394225614e-01
3.077941030300644920e-01
-4.263152306228432109e-01
7.828658520590494607e-01
-6.270219939636893780e-02
3.868647978551184030e-01
-1.115651501151766235e-02
-3.835462128099784151e-01
-5.138314118432910083e-02
-2.872074380503584212e-01
-1.337303383239387411e-01
6.491725997561084704e-02
-4.180273365179362766e-01
-6.089946199007236771e-01
3.305029710680005839e-01
-3.024131104513003709e-01
2.390566626112729243e-01
4.445876958331282380e-01
-9.492337358111162526e-01
2.332157152974948799e-01
-1.923779358262217021e-01
-5.305163376665555930e-01
-1.661159596613525080e-01
6.990895737507561991e-01
3.691257849252481127e-01
3.467653668859835975e-02
-4.381410197002380547e-01
1.119853377189929944e-01
-2.315292461179001837e-01
-1.666393159988902584e-01
2.185126023181240273e-01
-6.532339638905250156e-01
1.408280755667847273e-01
-2.594324257351061647e-01
-7.693346381900725284e-01
-1.346098277217804007e-01
-3.797245059566922709e-01
-2.433021827196911735e-01
-4.655980892790795855e-01
3.524647770440197392e-01
-3.263237835980129509e-01
-1.822989358534637602e-02
-1.643125164505340463e-01
-2.163240075045844146e-01
3.886935745032576300e-02
-3.086970613823031284e-01
-4.126401631527119029e-01
7.862051098648905612e-01
1.919947612121529479e-02
1.623514924455693453e-01
-2.267924995402036403e-01
1.229169323304893924e-01
-3.687551736095899535e-02
-1.260062232031788076e-01
1.352916753286823592e-01
9.900467064696909236e-02
1.068714636690138442e-01
1.176555359202030027e-01
-1.048049787821193624e-01
-8.043593501163474047e-01
-5.810436686199583756e-01
3.871719674418255819e-01
-1.752440245347913761e-02
-8.107547351201928321e-02
6.632747269017669201e-02
4.209994560798560048e-01
-1.816047425877184152e-01
5.526230023784395318e-01
2.110259903906161194e-01
-5.144702451042980351e-02
1.800848249412057359e-02
1.065116619869107273e-01
5.767792530952962071e-01
-3.061974809027043776e-01
5.233149797335070463e-01
2.572085482457775810e-02
-1.593219489656274857e-01
-1.515962447732395746e-01
-3.815825878871531573e-01
-1.923351524511661545e-03
-3.587030030063665942e-01
6.555271980519175590e-02
-5.185992919355052466e-01
2.380722808389370559e-01
-1.760989953044336254e-01
3.097349053074938685e-01
-4.786533787927478301e-01
1.001618789467197540e-01
3.199056606079663800e-01
-1.523947717689743409e-01
3.971199101977774815e-01
-1.089079350665381335e-01
-3.812265811698268281e-01
-5.103185608510288906e-01
2.311460722869304873e-01
3.115315742817434397e-01
2.485979866566342122e-01
-3.916084301919477428e-01
1.290680773780711506e-02
-3.786826977646750025e-01
-1.623022872493675717e-01
-2.302198435722350722e-01
7.200828859008116811e-02
4.498907155327148688e-01
8.144690223176471733e-01
2.341716592348892234e-01
6.072307786651798267e-02
1.541317728676107890e-01
2.435568321519527776e-02
-7.757613895641569945e-02
1.819304063496215984e-02
-3.200330778176386226e-01
-9.645215389244757298e-02
-4.850934583389827637e-01
-6.626264811020238232e-02
-3.813155270433494365e-02
1.275335213027741499e-01
1.581238220507949488e-01
5.467990653406307189e-01
-8.834495028619521184e-01
-1.011229744107671052e-01
1.773035442980089582e-01
9.893686791697535454e-02
-1.953399998812373195e-01
9.037840628586298886e-01
-4.946905863326766517e-01
2.898673102205596153e-01
-3.715832058215267630e-01
-6.905836701670433619e-01
3.498895033471149940e-01
3.420138911179951835e-01
-5.898171588174826452e-01
1.187551804008510681e+00
5.516872304606204036e-01
-6.118639261338799651e-01
-5.858774260403183387e-01
1.692035221243336773e-01
2.713695268802380767e-01
1.378003566047195649e-01
3.435332121888675094e-01
-4.304760234627994508e-01
2.161149576790332150e-01
1.963202524750826683e-01
-8.907566663797111817e-02
8.104178531281737430e-02
-3.198035804743061816e-01
-3.844356356765780691e-01
3.410667606997828116e-01
-7.784238233627474579e-02
2.573533452674066635e-01
-5.599440776268033160e-01
3.446634659170121351e-01
-5.189368703633072677e-01
-2.520738593827861473e-01
-1.339873741399293605e+00
2.658332192626878254e-01
3.783352368607150185e-01
9.455557361627708879e-02
-4.447085535289561631e-01
1.299449042633085694e-01
-3.691336204531424081e-01
-7.021342164058888557e-02
-2.517389516351145606e-01
1.503425999825702686e-01
-1.666130898331231458e-01
-8.102902844842559127e-02
2.485658275986182553e-01
3.511964541202276524e-01
3.676544364053513925e-01
6.470219411813929455e-02
4.275273013680633283e-02
3.808058288701810512e-01
6.543539868018629635e-01
7.972381395726783893e-02
3.499926064903626649e-02
5.745733079663829512e-01
1.483545592949435110e-01
-2.728707486167228913e-01
1.469587953943924941e-01
-7.383358196364290249e-01
-2.718577684268660630e-03
1.295414466914204255e-01
5.929996712371615741e-01
5.136094489484435699e-02
-4.141252058448256501e-01
2.306260742931941915e-02
8.514519185400717255e-03
6.628198835674264933e-02
-1.659583993985215833e-01
4.625726676966827600e-01
1.302405790408374918e-02
-2.741359771167962145e-01
-3.930581901653737442e-01
-2.932350537506908106e-01
8.474768598834929445e-02
3.961511562417188714e-01
3.353433762638656779e-01
1.218422530291114877e-04
-2.760421601061434881e-03
7.783554243677416606e-02
-1.388688488541378385e+00
-2.819135840209918142e-01
3.447599002806405188e-01
2.024078260995845202e-01
5.279784939823063405e-01
-2.627995145300147661e-01
4.643310084741904542e-01
5.813267392352819973e-01
-4.393073086765135193e-01
-4.563157503930762027e-01
-3.204481796711733388e-01
-3.164734482092553813e-01
3.771062382719128636e-01
4.742547145327353220e-01
-3.495959374021422039e-02
6.945616001524166361e-01
9.956808222751251103e-02
3.489409948259681316e-01
4.612544173988996077e-01
7.207860148220248675e-01
-4.383754893103761208e-01
-3.955650129555001934e-03
-4.916006563841737731e-01
7.982948506159877333e-02
1.706977363192162533e-01
2.781299188631939368e-01
-5.970978398200629256e-01
4.541079702720392519e-01
1.052808423044254260e+00
2.746562713782527698e-01
-1.203900372557472481e-01
-8.692931345655812159e-01
-1.674161956977259780e-01
7.708220966624208803e-02
-3.920183140741895916e-02
9.486048719794387685e-02
-2.909325616529300773e-01
-2.076341854462367686e-01
3.386611149395055698e-01
-4.456803485994023095e-01
-1.066196145703148385e-01
-9.295077444852421766e-02
-9.616499777393097137e-01
-2.376334724404988441e-01
-7.956196080758055622e-01
-2.433074065410133820e-03
-2.404212979991358634e-01
-2.437351000013130431e-01
3.257508565115893595e-01
-2.011179143696886773e-01
-1.610560772788382222e-01
-7.320321208787328171e-01
-4.116226938311415284e-01
2.083869321237478978e-01
-5.056195035640290159e-02
3.461726325638349588e-01
-8.388322629049402290e-02
-1.435653342213090156e-01
3.290346191519891161e-02
3.406762111911748048e-01
2.407325295405222110e-01
-3.994564257211395408e-01
3.537636732788169702e-01
-5.062980450918637132e-01
-3.636961106891492546e-02
-4.861016219142605399e-01
-3.137408350672524215e-01
-3.892137533254027559e-01
1.487471780025748924e-01
2.868013578340111169e-01
1.788139921887179906e-01
-1.817372840449105742e-01
-4.793304738552269240e-01
1.728905055026368487e-01
8.132630573999058421e-02
4.579941099479407224e-02
2.159540495483357470e-01
-1.127506043168365474e-01
6.322303685663630546e-01
-4.417541427392598918e-01
-3.904074582036194396e-01
3.288636131640691462e-01
5.125807154927427556e-01
-3.138132266375374679e-01
-1.690872042795443231e-01
3.237247905215828170e-01
-1.044727132748202690e-02
-1.143455993566649398e-01
6.268645006926993890e-01
-9.083930049871948020e-02
-4.151092855075917409e-01
-9.051263495663371961e-01
-2.241983869025644394e-01
2.742845668092357969e-01
1.401885765634204306e-01
2.035321655243034211e-01
1.883343462121131462e-01
-2.881097081597560061e-01
-5.658729299200354612e-01
1.230390569085006575e-01
-1.990623735860018173e-01
1.120940179860681618e-01
-1.383400191294769932e-01
-6.608418789263421633e-01
6.157554639398322982e-02
3.858437590296598940e-01
1.915758681990516188e-01
-3.987846336589723761e-01
-4.353359737893732206e-01
-2.608586253703716329e-01
4.192452289236296981e-01
7.023966398890826301e-01
-3.105989938522120131e-01
-1.511530714948943477e-01
-9.090949657118348182e-02
2.883560505124956319e-01
-2.479209579208432324e-01
1.980628384359681415e-01
-5.566782884074812365e-01
3.746229970723679581e-01
5.112385947633250882e-02
-9.529333837624299752e-01
-3.533021074957078400e-01
-1.280213120585557418e-01
-7.658965408914190920e-02
-2.426874084397045994e-01
-1.282259966633192416e-01
3.812365439537109268e-01
3.289920623473081562e-01
-5.955501208632221766e-02
-1.696434871065458372e-01
2.305535362197436711e-01
-3.402792709829320916e-01
1.452223186013570366e-01
-1.598099624505941452e-01
1.100909432643659529e-02
-1.780334447534807352e-01
2.620324364158093666e-01
1.202248777724615192e-01
-3.649747831523564856e-01
6.494432420865196010e-01
9.849760987853790895e-02
3.628204513435914769e-01
6.656895374447556468e-02
-2.415485379208057171e-01
-8.630813990233789923e-01
2.177552355734069245e-01
6.771292118967944806e-02
-4.581902137628450777e-01
1.911159435446637134e-01
-3.694223583621190632e-01
-4.057367154267241260e-01
-4.164667635338821783e-01
7.335524796359353950e-01
2.616871802648417789e-01
3.478271093263163860e-01
4.100037935820916024e-02
1.803619230161941644e-01
5.637613521207227585e-01
1.992540937651577082e-01
6.216448123691626498e-02
-4.674189439538806168e-01
8.769112644911418453e-02
-4.004451329649341695e-01
3.700574768425979322e-01
7.756238745151956548e-01
2.572479390212402683e-01
3.616244218032609870e-01
6.206169329768024268e-02
5.508459035303647430e-03
-4.711555300660840717e-01
-3.301265496894120188e-01
1.709673556583377330e-01
4.682431761289974209e-02
8.448951283575479865e-01
-4.434799963196352501e-01
2.005318714059912411e-01
2.658057372413948349e-01
-3.177476511199243681e-01
1.534807540402362558e-01
-2.679343996135261086e-01
-4.271641363537416192e-01
-4.821551702075963508e-01
-8.888968110172335360e-03
4.790070496941294942e-01
-4.217928042224372565e-01
-1.977706623115005058e-01
-8.749837642476751554e-02
1.466572250790809440e+00
-1.546517075064799684e-01
5.923504661886457717e-02
-8.373521894110715069e-02
8.365912287894193555e-02
1.440586198362910353e-01
-2.852006358702517397e-01
-2.923194135767308646e-02
-3.892423554858870371e-01
2.589871754346599331e-01
-4.867447227316735181e-01
4.823016608428984386e-01
-3.560223506190218767e-01
6.475205683592915040e-01
2.308242474943238420e-01
-1.108699820468604796e-01
-2.458365340303231561e-01
1.956254725863176558e-01
-2.843396459871090354e-01
6.415367311647627302e-01
-1.749979406113862379e-01
1.620194537876716856e-01
9.582396813450926032e-02
3.648016351205721763e-01
-2.957492896727310083e-01
4.249587161324602791e-01
-9.940147524389946268e-03
-3.446283322193571808e-01
2.328191303970885973e-01
3.381885627394499716e-01
1.312810704077767565e-01
1.364003184470056473e-01
-5.769518969510685491e-02
1.774708329555536868e-01
-2.220198316495598789e-01
-4.422046161370463691e-01
-3.692235027290431959e-01
-1.647822850921524807e-01
-4.267075009301865007e-01
6.483022292723952806e-02
-1.189081664900297902e-01
2.315337127613107115e-01
-2.636119066516930398e-01
8.456708435620881037e-01
1.110426738929820356e+00
-1.368415192040118022e-01
5.644395903603321996e-02
1.223217518962390754e-01
-4.218163005457323811e-01
-7.212092523269127975e-01
-1.710527821758619782e-01
2.091698780429663562e-01
-9.821543426105014962e-01
4.863165062375990888e-01
-1.681835997891104606e-01
-2.469175111347997609e-01
4.919822325756382786e-01
7.114047382672427089e-01
1.773160690730057887e-02
-2.519793584795803065e-01
-6.087871808722334493e-02
4.401774126369149553e-01
-4.012353045790175710e-01
-1.620261655891094832e-01
-6.155217136615604989e-01
2.732320058798677898e-01
1.218073036640477502e+00
2.071446852911394410e-01
-9.772497200336185963e-02
-6.474729532478428196e-01
2.583631648485912313e-01
-3.783571944464421688e-01
-2.638537821672677919e-01
-1.955309739152211457e-01
-4.785673738704718794e-01
-4.243951530948490425e-01
3.289612338717395890e-02
7.490603940230419755e-02
-1.706752951643523974e-01
-2.816701256105467177e-01
2.792986724858035341e-01
2.954010374204424916e-01
-1.502245011884301984e-01
9.513289111533348441e-01
2.394737174297519589e-01
-6.096689752882847868e-01
-2.366978645799301395e-01
2.418114738300537470e-01
-3.348255087438007371e-01
-3.186382065176072143e-01
-3.435321724332143223e-01
1.056919555368877883e-01
4.708581235955117301e-03
8.373342037244226044e-02
9.065145716588617064e-02
-1.277088824631285487e-02
-1.364381565362403348e-01
-4.884509135964821280e-01
-6.590187698088707524e-01
-7.884831544196698738e-01
-8.982447082203311173e-02
1.060462760127294651e-01
1.556755503792071338e-01
-4.762765098319888812e-01
-4.057739770486414321e-01
-4.375766711198700865e-01
-3.353768231202824412e-01
2.292731269708753461e-01
-5.015566855015961556e-01
4.937823394950169864e-01
4.429671079028720815e-01
5.748438447127377504e-01
6.486740967127974100e-02
-6.428736285957903362e-02
-8.499603661040210090e-02
-1.195696905152345696e-01
1.675678485680180407e-01
8.828771759218649595e-02
4.024297225812080159e-01
3.486639782848596769e-01
-4.947119569971671765e-02
-6.588512987500545759e-02
1.108108345714111653e+00
-1.129366904416845424e-01
-3.056354525334857852e-01
-6.089871546153816650e-01
-6.901779806879296819e-01
4.056631304873941635e-01
-3.449062673897789200e-01
1.003795388601423089e-01
-8.341756309921777301e-01
-2.378762824085998706e-01
2.797877940423550980e-01
-4.061713781212810369e-03
-2.878049244769481096e-01
-2.634189269670190736e-01
5.560719533063904901e-02
1.728723659935034809e-02
-8.279734090887712616e-01
3.835708105233153198e-01
3.504749868048512296e-01
-7.400796629015084227e-02
4.121948414914567609e-04
-4.002033932245613324e-02
-4.188728804698355623e-01
-3.841598960556531078e-02
5.695764829409125096e-02
5.276704045878257698e-01
6.919956631895327615e-01
5.186663348229993975e-01
3.370993431639419113e-01
-1.841583807543316353e-01
1.154499115200605386e-01
1.184573570536904819e-01
2.524024815023648283e-01
1.804969293405043196e-01
-2.088700333411544485e-01
-1.995439141689806656e-02
-3.251774920552873982e-01
-2.856892123846743389e-02
1.124769687807124219e-01
-1.127459924703396454e-01
-3.261809192003115587e-01
6.757175054843151951e-01
-2.864437184195521569e-02
4.453157604758188337e-01
-1.736317987954316966e-01
-1.109434273517699576e-01
1.765068333402684264e-01
1.226102316569688544e-01
1.728710794809187601e-01
2.826814743891949144e-02
-1.001818883782473052e-01
2.494798355157396008e-01
-6.714482667026115958e-01
1.976405121490815431e-01
1.689472736222458193e-01
1.450608066808759811e-01
-6.859708469728131863e-02
-2.240416385922108788e-01
5.693882586854143169e-02
-4.855399989905732627e-01
1.539814139976198315e-01
-1.770724587326538424e-01
5.221363080549467073e-01
1.094961279035796958e-01
3.233873757287845652e-01
4.055822934636510446e-01
-8.415687918252849620e-02
-1.205843485245179370e-01
-3.989854359551214813e-02
-7.606986481895661178e-01
3.723643806595423270e-03
1.309188865647560873e-01
3.763964605793224671e-01
1.616778223312252682e-01
-4.771890715521728832e-01
-1.285665984407488582e-01
-1.874831370522044016e-01
7.347729205551010168e-01
-2.360887468314671056e-01
-3.979143081699889062e-01
3.737918453828187326e-01
2.143755167002101281e-01
7.624376529335752384e-01
-3.422807916073761225e-01
2.704513670424139593e-01
6.828012378320484910e-01
2.670913431950684980e-01
-6.410271311290386409e-01
3.721362850354897334e-01
-4.764701951438098937e-01
-2.874833433095858037e-01
-1.808246315327475817e-01
-8.295997143409304664e-04
-2.859885501985746092e-01
-5.335618185360820886e-01
-3.128576325640020639e-01
3.360343065376606431e-01
1.035401667940476722e+00
-2.404224574456402530e-01
-2.272863289890130964e-02
5.223624970390019495e-01
-6.610894093753685776e-04
-6.223798077497277870e-01
-3.395440596358390017e-02
-1.303310687775280016e-02
3.074728975088260041e-01
1.407210815547029203e-01
1.686008575676166688e-01
-2.298669055472779554e-01
-5.628431113317799994e-01
-2.486117871496226761e-02
4.053885296687110285e-01
1.035409292239859586e-01
6.215834316887450250e-02
-2.838112756359293942e-01
2.657518786475186398e-02
-6.388051730061108380e-01
4.121451338572505452e-01
-3.560496008902622744e-01
7.336492813340651509e-01
