-1.886091816538774113e-01
-1.969233045429650275e-01
4.244436147005820753e-02
2.670120638298129068e-01
-2.412465038526522554e-01
-2.738099194624129054e-02
1.787536574373543852e-01
3.044154456245674600e-01
2.729641127186289151e-01
-7.482580686541080439e-01
4.154832834743172332e-01
2.034441777955786901e-01
5.738252406531880734e-01
-2.517399934741888501e-01
-2.490403193658722036e-01
-3.410381230025366639e-01
2.827430164348560537e-01
4.064519485635558205e-01
-3.895389916788280504e-01
-3.310250839287958713e-01
6.656176661827668539e-01
1.335134805351587128e-02
3.727026586275853925e-01
4.612420883580421460e-01
4.604679042935864164e-01
1.754185727231215575e-01
-2.702453032110470055e-01
-2.234386313404593261e-01
-5.589059077501163861e-03
5.703593241108988465e-01
-7.061560553003458363e-02
-6.200804383667229275e-02
-1.294728897392176115e-01
-4.352767016837425645e-02
-4.453543858186687632e-01
1.687631016385967089e-02
5.815751752582726947e-02
1.109070409669150326e-01
-1.464243658270842630e-01
-5.074793431032373903e-01
-1.317262026091835583e-02
7.825780321284755425e-01
5.372438335039239621e-02
1.163073487031152653e-01
3.090894950926341145e-01
-4.330516469611225827e-01
7.900264462890167483e-01
-6.681548623730079739e-02
3.853151221720845232e-01
-3.857177660163086785e-03
-3.926279708471731023e-01
-5.609413213028532214e-02
-3.034197704291530240e-01
-1.317093356514089653e-01
1.028121954521838688e-01
-4.470474844537007386e-01
-6.010053224456377574e-01
3.292970781275419978e-01
-3.053853684512818356e-01
2.572094788270568588e-01
4.480083279985758726e-01
-9.175652360952120112e-01
2.439460676593753485e-01
-1.698742283798455321e-01
-5.232946795486785874e-01
-1.604548173467553740e-01
6.956585982055242257e-01
3.276084909725629490e-01
-1.300033018541432717e-02
-4.478598605994062454e-01
1.480248420194756609e-01
-2.321997201569577507e-01
-1.335336504860580031e-01
1.230976240302312646e-01
-6.532273607917195024e-01
1.336541296272748258e-01
-2.947664783933974242e-01
-7.671312798905456365e-01
-1.510789918317716196e-01
-3.838190238118278086e-01
-2.423524866493331487e-01
-4.523417033654141273e-01
3.476144152456404623e-01
-3.558787277128144244e-01
-2.463056951901746242e-02
-1.737802127546897168e-01
-2.148797773021424162e-01
4.678945672084146301e-02
-3.047130313639260790e-01
-5.266407555829405451e-01
7.888748808680067226e-01
1.234870469920984482e-02
1.633835863466515104e-01
-2.246808370363612972e-01
1.245369186063423478e-01
-3.198098085986062628e-02
-1.334385916865963584e-01
1.381013748655828821e-01
1.589562830009215721e-01
1.047643946505940893e-01
1.109004960463382400e-01
-8.535755845026075928e-02
-7.861774807394742437e-01
-5.815153151173110269e-01
3.880740812833059494e-01
-2.675936486948497089e-02
-9.156434433768148584e-02
8.635763489483408439e-02
4.180619627087182044e-01
-2.004120827117895909e-01
3.411459849403881694e-01
2.151416124704216282e-01
-6.686195470416525510e-02
6.585319371684315859e-02
1.306488583387948599e-01
5.775623245335070877e-01
-3.201761408847341173e-01
5.262079998446742568e-01
3.385002600411472079e-02
-2.114297930960621630e-01
-1.284996425340401982e-01
-3.831866304674751977e-01
1.735489215241991373e-02
-3.754868927504180776e-01
6.582060377637548310e-02
-5.229962980137468076e-01
2.147654822985782253e-01
-1.907410742844076745e-01
3.110264132856722652e-01
-4.669985886495903737e-01
1.063430458224070424e-01
3.467480114149649184e-01
-1.545140929097709726e-01
3.928569193069393339e-01
-3.332134346552622500e-02
-4.159728462043981723e-01
-4.595067949419837650e-01
2.314587670007081932e-01
2.796278413228174831e-01
2.760300953470783414e-01
-4.022046864259909427e-01
1.516040263842965974e-02
-3.275399541685817817e-01
-1.603491834665749793e-01
-1.915788691677363098e-01
6.178619816612983956e-02
4.329527725679931938e-01
8.172638779440223322e-01
2.431943389233222619e-01
6.077330181714540175e-02
1.712486480367589325e-01
3.468455689299902722e-02
-7.545176448813845083e-02
1.904173272486282473e-02
-3.214024816737284795e-01
-9.403706932917084427e-02
-4.789613696138153576e-01
-6.987569378041882939e-02
-6.598667305154451435e-02
1.324382374439538324e-01
1.565533419932198245e-01
5.409617135421653789e-01
-8.867866297813504772e-01
-1.014650547773819356e-01
1.807061151460846726e-01
1.009003019852824645e-01
-1.821323722478170870e-01
9.809602031060731253e-01
-4.874512604403702931e-01
2.890951063297554913e-01
-3.793266179154149986e-01
-6.861748510781032762e-01
2.967862532743538173e-01
3.366219080709588751e-01
-6.117604756692901491e-01
1.119889827381175484e+00
6.164526778828872677e-01
-6.214873422387451329e-01
-5.553133819387640058e-01
1.377078344795055476e-01
2.805362479403100129e-01
1.336744133283238045e-01
3.454890259437833899e-01
-4.225828857411110806e-01
2.028817510005676006e-01
2.040317923660245614e-01
-9.732682702327452584e-02
2.611810342867034729e-01
-3.207549101206498277e-01
-3.872435638061512697e-01
3.465896115229879504e-01
-9.699017474252646931e-02
3.170067461750082360e-01
-5.603662973808412051e-01
3.439292724300153647e-01
-5.081467724582489076e-01
-2.551819477324295260e-01
-1.325588967734809165e+00
2.647871225679175877e-01
4.075301561360069047e-01
1.033291824694922839e-01
-4.254899633917180735e-01
1.427738398579573575e-01
-3.719294521423298638e-01
-7.384316403401582074e-02
-2.294491564313396181e-01
1.666624400463407318e-01
-1.416976097463162609e-01
-6.919761023740256256e-02
2.297367685937601600e-01
4.016092256027797291e-01
3.610390215024972815e-01
6.094849323149249126e-02
4.440028990044455476e-02
3.824958783457270695e-01
7.735740701776538941e-01
8.001375781659761377e-02
9.972093319733357775e-02
6.304597444498317715e-01
1.522757616977476192e-01
-2.779334857362155686e-01
1.569199814845714525e-01
-7.434393463863454565e-01
-1.367576331843129225e-02
1.229813879485728290e-01
3.766887002537053775e-01
6.388751435357396813e-02
-3.893532070508675669e-01
2.168634031133497703e-02
4.297346070245887731e-03
6.407448871112507438e-02
-2.313086210167497603e-01
4.377518593480761999e-01
1.118429635651408197e-02
-2.710395182596999075e-01
-3.866479623880876293e-01
-3.076805507795903338e-01
8.609757140005713794e-02
3.982554191114832665e-01
3.420905214438997310e-01
1.859090491720384120e-03
-4.584045041760757312e-03
1.390479674720570269e-01
-1.382801870895895791e+00
-2.968711573186706976e-01
3.497195500292593073e-01
2.108446949482339627e-01
5.294543582560531370e-01
-2.628860919906379490e-01
4.459486534847649231e-01
5.402890165316958093e-01
-4.238731394466908053e-01
-4.409560816969153030e-01
-3.208614035017136046e-01
-3.017567243201728644e-01
3.735019587834412236e-01
4.168044538632406648e-01
-3.460904504707732615e-02
6.702827900861212385e-01
1.025397113144500688e-01
3.467969646548585416e-01
4.774311171545670418e-01
7.422090043547676652e-01
-4.379729397997909057e-01
-7.081694373626189155e-04
-4.528591818592450080e-01
1.073598140734024903e-01
1.830455982652748614e-01
3.844654817232892596e-01
-6.077445788314670416e-01
4.678029233730187642e-01
1.023061609632283320e+00
2.633565873243324251e-01
-1.237272589324838606e-01
-8.368937030969191282e-01
-1.655479325612573549e-01
8.188502015321685867e-02
-4.537857111988403969e-02
9.255660757954992102e-02
-2.913596590110094642e-01
-1.042862111207998876e-01
2.184617135992619197e-01
-4.403514377962442494e-01
-1.097598400234209015e-01
-3.825083524466076773e-02
-9.104255788354695955e-01
-2.360979541128319092e-01
-8.066223541363279903e-01
9.212695223590713130e-04
-2.402580340200645703e-01
-2.683956549833365623e-01
3.143645190401785361e-01
-2.176455822501980053e-01
-1.629458312651540230e-01
-7.439374202097723821e-01
-3.745230178669988752e-01
1.932454870681290238e-01
-4.748501249315751488e-02
3.567046318137210292e-01
-6.156516482969990461e-02
-1.354834068551978299e-01
3.455335722077312877e-02
2.950579111846123315e-01
2.362048890839247295e-01
-3.900668280957166889e-01
3.365327358822295944e-01
-5.022931333566598155e-01
-3.911998181179319328e-02
-4.883739347322463287e-01
-3.238026577327028921e-01
-3.825877644304309655e-01
1.419992707395476006e-01
3.079012695174689895e-01
1.818895861710068118e-01
-1.597250814400046071e-01
-4.805107907952886337e-01
1.702973572655149537e-01
8.590233382212196511e-02
3.301060510408093673e-02
2.272354245022376318e-01
-1.312114985923097388e-01
6.389548044992869880e-01
-5.108836272902318454e-01
-4.105491101280576149e-01
3.293677815911544848e-01
5.149592748761894212e-01
-3.118477483888439372e-01
-1.318947081884806749e-01
3.245226338679598199e-01
-2.039095581810398267e-02
-1.126950527850400369e-01
6.501565875622297153e-01
-9.395815193101171581e-02
-4.130942308906744853e-01
-9.238590939354719422e-01
-1.424290266286164230e-01
2.750757942867832484e-01
1.243871473091531649e-01
2.018011444607826499e-01
1.664354802391860011e-01
-2.875881861921391613e-01
-5.651794791022204389e-01
1.617994920881742349e-01
-1.935831145749424831e-01
1.143512272989850032e-01
-1.350803433791259722e-01
-5.704294105855246544e-01
6.831452887744518532e-02
3.812533208750652491e-01
1.903282979466268121e-01
-3.923276692469068183e-01
-4.331245035619887829e-01
-2.601321079467050490e-01
4.810158111774928136e-01
7.076390916196525493e-01
-2.660397629187026824e-01
-1.537135577078768134e-01
-6.524972688413785415e-02
2.971765604474471134e-01
-2.435253176622497462e-01
1.678948353554914896e-01
-5.409226874575824295e-01
4.015619829342135794e-01
4.884457350060854991e-02
-8.271265994007787059e-01
-3.572593561432237941e-01
-1.301210451422141756e-01
-7.230613511747961686e-02
-2.465235410328927845e-01
-1.282233326562038367e-01
3.316474076576719221e-01
3.263102081219400596e-01
-7.426499689541896099e-02
-1.732740076729135659e-01
2.355312743606811920e-01
-3.328867645038459666e-01
1.102104962224285667e-01
-1.438451576508296414e-01
1.006337258227275530e-02
-1.528579128190607206e-01
2.699080730905419889e-01
1.592911648759245125e-01
-3.748491625822338302e-01
6.825292145892104534e-01
1.184802443570011216e-01
3.572517832330337484e-01
8.924252116748013219e-02
-2.290636957526597517e-01
-7.968585068991239639e-01
2.202275092375683418e-01
3.772769910082491435e-02
-4.760356618322514333e-01
1.919655036767684841e-01
-3.568582288692700999e-01
-4.076038879275071802e-01
-4.225766178619132507e-01
7.105187501139454964e-01
2.596486483941002898e-01
3.525088569009516837e-01
4.504191978726307735e-03
1.886539388586502830e-01
5.627564140599763398e-01
2.032852361972048716e-01
6.917941473283631404e-02
-4.581245931464868471e-01
9.538181107522196445e-02
-3.987104556206896300e-01
4.130799745563350500e-01
7.806038400767544294e-01
2.659970842260092061e-01
3.512373360298554625e-01
5.916124572474523030e-02
3.135306351864629304e-02
-4.656468851366252215e-01
-3.321688420026620570e-01
1.362827853622791408e-01
5.450023122794794839e-02
8.286167384683414960e-01
-4.430858446833552122e-01
2.041504225389390026e-01
2.525004956922179966e-01
-3.093687594186042555e-01
1.331813053410511594e-01
-2.516909498316570737e-01
-4.352176103958350639e-01
-4.268682790284498707e-01
-1.124144955717514688e-02
5.193855444293766777e-01
-4.217058380234960380e-01
-1.952323694901063333e-01
-9.656663293012253402e-02
1.463855561805972982e+00
-1.631263127700164905e-01
3.037027820755352006e-02
-8.742379908835505586e-02
7.933548886716686177e-02
1.205312655887131185e-01
-3.028422610249187352e-01
-4.864516834336763025e-03
-3.713456422353864084e-01
2.611484142723436985e-01
-5.647098766783893442e-01
4.877247208819392998e-01
-3.504025731731870152e-01
6.254770063917269862e-01
2.838790376383064640e-01
-1.184057321074925978e-01
-2.481377351649063090e-01
2.059731591115994687e-01
-2.686554626735248030e-01
6.433398590226088176e-01
-1.584533057784648646e-01
1.710518053356758217e-01
7.018224643619602743e-02
3.410079401514551911e-01
-3.123296444343429124e-01
4.261564273252921309e-01
8.705074128484497492e-03
-3.325721251576384541e-01
2.268476052709115232e-01
3.191438292821758838e-01
1.325606629240181633e-01
1.001094237596649311e-01
-6.989108702265295348e-02
2.250391455169201971e-01
-2.106763498206550289e-01
-4.428758955583204093e-01
-3.769724990620777483e-01
-1.391355711416760732e-01
-4.243973824793892402e-01
7.175550779708295135e-02
-1.308841959995244442e-01
2.343035552427485124e-01
-2.607642158373009167e-01
8.167485371192304555e-01
1.056232884872649658e+00
-1.101555155205645453e-01
5.109836807557902039e-02
1.281292765009034440e-01
-3.914546045754820347e-01
-7.134829427342788133e-01
-8.488290391360897580e-02
2.066932109507264859e-01
-1.037637789202579652e+00
4.615493342308600311e-01
-1.792321608131450528e-01
-2.620076129217322469e-01
4.542521029495624196e-01
7.674113802753342872e-01
1.910822533933107317e-02
-2.702406452231407297e-01
-6.210564072888775933e-02
4.471553499369124163e-01
-4.089280115124774295e-01
-1.628354601384038036e-01
-6.177163722144867197e-01
1.905761713565897464e-01
1.233763990928059773e+00
1.996499953079046985e-01
-1.157732918518599025e-01
-6.356264961053803564e-01
2.541688799755887906e-01
-3.997849905584793806e-01
-2.537212475914796261e-01
-2.163068050335478221e-01
-4.884459831451751222e-01
-4.418106731886706773e-01
3.228162620175377417e-02
7.759387600737151225e-02
-1.527075319843652634e-01
-2.932172252146372227e-01
2.787280862105755985e-01
2.931687815420577770e-01
-1.516418252180871951e-01
8.967231552804337813e-01
2.575780653748053206e-01
-6.023147535551948151e-01
-8.918452710400354144e-02
2.455918835213823370e-01
-3.331737874844141745e-01
-3.120265221115659515e-01
-3.393929852168833805e-01
1.077032179204227141e-01
1.247583694006308350e-02
9.407361201215572177e-02
9.610678101217885738e-02
-1.501125565961076123e-02
-1.073708206062453235e-01
-4.903228974011674124e-01
-6.330361253882474948e-01
-7.927847886629121321e-01
-8.007764673395506572e-02
9.331912324163185724e-02
1.699643531059315815e-01
-5.097564608185547463e-01
-4.258317603592821077e-01
-4.101530298643635275e-01
-3.151239075156466174e-01
2.435536932326108350e-01
-5.118329773800157634e-01
5.181133304648938287e-01
4.462042463466778242e-01
5.769873663433668920e-01
5.977962376098551467e-02
-3.522957006653640311e-02
-8.727702058847898459e-02
-1.095338620168979926e-01
1.650263422046978901e-01
9.843725425254112871e-02
4.063807252981834206e-01
3.606662362404557953e-01
-4.459573974395259627e-02
-4.999910955086469405e-02
1.127934107389524154e+00
-1.008668837304727561e-01
-3.146780485510305425e-01
-6.087258173588523391e-01
-6.851671073677769730e-01
4.056229398689133459e-01
-2.887443834104163054e-01
9.942487227590118826e-02
-8.471178871623460394e-01
-2.024170104579229856e-01
2.788608935864526073e-01
-8.592594191788043012e-02
-2.308863379090213830e-01
-2.599223931345706062e-01
5.523640322945973236e-02
3.287804839625996407e-03
-8.156672641120036316e-01
3.822763139357018836e-01
3.481047520763134173e-01
-6.914006759669655278e-02
1.392871092231018999e-04
-3.765445836587143907e-02
-3.915671477502497000e-01
-4.843232396452856747e-02
5.084891148410669581e-02
5.327616245231113767e-01
6.902220434527704951e-01
4.884671975041173231e-01
3.372422385821156054e-01
-1.894029430121594582e-01
1.338783067916690939e-01
1.127382848255166492e-01
2.411554760867622160e-01
1.828202489626685745e-01
-1.318281900282207153e-01
-3.789707187630842605e-02
-3.189948947809123636e-01
-5.260219618299860622e-02
1.126132300761661237e-01
-1.104296275730693166e-01
-3.365544048948043709e-01
6.524189375436891813e-01
-2.987950020273163684e-02
5.057524840251026443e-01
-1.956292711049262278e-01
-1.118815568418351503e-01
1.697510828284996554e-01
1.294380304668740767e-01
1.825010768943470529e-01
1.012130647809154210e-02
-1.094231433011049748e-01
2.597644295432772754e-01
-6.730474645196109496e-01
1.437062301968137779e-01
1.666954013485854313e-01
1.115884621376758007e-01
-4.543206493756420106e-02
-2.260720866411978780e-01
5.747982004550943741e-02
-4.772738923464502347e-01
1.534119699850238494e-01
-1.837250680229761401e-01
5.399352696174195554e-01
1.120739481132344839e-01
3.339375787548810592e-01
3.978207744343451591e-01
-6.124768002498818392e-02
-1.188046339218333108e-01
-4.672186387191211432e-02
-7.386350602959862455e-01
4.822072309834305945e-03
1.314011091672492582e-01
3.680813060826747529e-01
1.692002717696790004e-01
-4.668140688867287724e-01
-1.179090833094092183e-01
-1.879694961517441310e-01
7.356751931772432807e-01
-2.352839172615648344e-01
-4.029082709320354616e-01
3.112826341658426754e-01
2.110038016491854185e-01
7.754968763598265591e-01
-3.018624465304682869e-01
2.693304850032199327e-01
6.633288533931848141e-01
2.691308083805792895e-01
-6.463053881987921301e-01
3.672607115880773265e-01
-4.829516683887588591e-01
-2.730509268293820346e-01
-1.782321094533027839e-01
-9.138144625488727607e-03
-2.983002683628121487e-01
-5.265629283347025291e-01
-3.658114142404900737e-01
3.884887349091404318e-01
1.029522697018555810e+00
-2.631787771344757942e-01
-2.928786472356550985e-02
5.445044237229231809e-01
3.362779634880726926e-02
-6.079131673482909282e-01
-6.413514677342492531e-02
-1.277238565951747604e-02
2.982876560008952960e-01
1.262142674006410392e-01
1.638594055606954480e-01
-2.882821980924663574e-01
-5.705102754657846997e-01
-1.674793097294115241e-02
4.086511856916650864e-01
1.003025468592707026e-01
6.481656651207537423e-02
-2.894526514573503850e-01
2.198805802787337157e-02
-6.643143918045811835e-01
3.910270868340310901e-01
-3.492184176211509117e-01
7.220355335103891825e-01
