-1.910187139213888607e-01
-1.961643668743832114e-01
2.097714317605540307e-02
2.706384561497696128e-01
-2.437985267744681717e-01
-4.896955229362457557e-02
1.802839339495792281e-01
3.151633897092156467e-01
2.703333694493333939e-01
-7.456029834337227769e-01
4.730574541803697075e-01
1.765601346799309246e-01
5.795926184363465739e-01
-3.287899166021485131e-01
-2.414014954853463124e-01
-3.800067356240165450e-01
2.775421273931651944e-01
4.016809910802044414e-01
-3.937411392744524230e-01
-3.179015907386455453e-01
6.548845912833497485e-01
-7.962614121975099962e-03
3.806628714079947073e-01
4.465320028044827416e-01
4.573517578261930283e-01
1.632093883321412420e-01
-2.664867623051732082e-01
-1.968146226366974116e-01
-6.566530960362632410e-03
5.738001609287499694e-01
-6.017937127677152470e-02
-5.390262754870214085e-02
-1.460909823673068042e-01
-3.498069558117188060e-02
-4.268320524871688781e-01
6.344924068888905047e-03
4.660638664733932762e-02
1.172886698321553012e-01
-1.449898614122563656e-01
-4.931299801793969095e-01
3.494497972212672401e-03
7.790186764144709786e-01
6.108282658256245640e-02
1.201773740515686140e-01
3.117782725444953607e-01
-4.359194273311901568e-01
7.771296028065148853e-01
-7.004374265930289611e-02
3.774869033239744431e-01
-5.469483557839318819e-03
-3.880561777160836945e-01
-5.217503226329441024e-02
-3.103413926987355076e-01
-1.316230734462010832e-01
6.390615488896576879e-02
-4.322406654805585058e-01
-6.049722740308276503e-01
3.358133203940328326e-01
-2.925402418522958237e-01
2.362476248908389753e-01
4.536978639931471546e-01
-9.015637596667254172e-01
2.401596331275908658e-01
-1.592734847982009150e-01
-5.367443535539879740e-01
-1.570180361579673611e-01
6.937746800364816835e-01
3.434399217798910775e-01
-1.082700655534091227e-02
-4.394235670798059545e-01
1.263517306036228416e-01
-2.314895266668435536e-01
-1.443995345520110996e-01
1.716243160626513553e-01
-6.520163834759807875e-01
1.414753143250487288e-01
-2.876801306848754125e-01
-7.420090626087819663e-01
-1.675456260791899910e-01
-3.850544603352166195e-01
-2.327449883255951479e-01
-4.648086259531409858e-01
3.570472369271260882e-01
-3.471185817744774083e-01
-2.814804092110978137e-02
-1.711628185080098508e-01
-2.154344244853468038e-01
3.109969152853093652e-02
-3.129076210780846745e-01
-4.878986660185953284e-01
7.880135863727029122e-01
1.038758560417098534e-02
1.660741259619948618e-01
-2.231002497542956542e-01
1.182212136063690439e-01
-2.972504123313172292e-02
-1.430466989884752738e-01
1.326253326264134336e-01
1.441486646822491002e-01
9.796884237420624975e-02
1.084827638442602271e-01
-8.604264448181729585e-02
-7.826244168367766374e-01
-5.642685374005107501e-01
3.878922210496512091e-01
-2.881285399168792560e-02
-8.983718386358373331e-02
6.927819868718831930e-02
4.131064482684044803e-01
-1.790438524294293565e-01
4.715721416689989676e-01
2.151313837931504158e-01
-6.672056395889244818e-02
3.598549757139977295e-02
1.102766773102000358e-01
5.773300076055908336e-01
-3.143327871558516118e-01
5.321938637422798379e-01
2.577669269753573092e-02
-1.825388465746405620e-01
-1.387620955174959925e-01
-3.730697601204385760e-01
1.637359336933571444e-04
-3.754180449616364434e-01
6.109132435872604433e-02
-5.142707165775028955e-01
2.108688224063466621e-01
-1.868620435764848930e-01
3.116533562013235059e-01
-4.754909498966275461e-01
9.605418705634610754e-02
3.359421593349014579e-01
-1.543478485994992655e-01
3.957004184899251542e-01
-5.372721279898223790e-02
-4.042382423253071955e-01
-4.959482178001899388e-01
2.323024583824345735e-01
3.050353245737982832e-01
2.622437154053105512e-01
-4.078245919921297258e-01
1.283436257945526869e-02
-3.182545302336756143e-01
-1.611706636329114095e-01
-2.038266843725025645e-01
6.751989892281086425e-02
3.998110225967504983e-01
8.149510273780108394e-01
2.316249977170197760e-01
4.738688485294922231e-02
1.593091672236033041e-01
2.684726016149159220e-02
-7.874519707154740977e-02
2.108925230919761820e-02
-3.184990193855957163e-01
-9.359488191359874310e-02
-4.882830536777928443e-01
-6.952066404319584558e-02
-5.875666683561588111e-02
1.320462303307107788e-01
1.573961924196287387e-01
5.470317765545018585e-01
-8.773928893665965401e-01
-1.025459192927544866e-01
1.796532313515863122e-01
9.858234700352974667e-02
-1.825912275453083489e-01
9.794452073451432872e-01
-4.902476873147937897e-01
2.846356796091704666e-01
-3.851320584759072574e-01
-6.905576915627249512e-01
3.154339251645530418e-01
3.413563725928523418e-01
-6.170341756074259054e-01
1.134571028253431146e+00
5.693928053376172693e-01
-6.224074928888824187e-01
-5.607174886088042154e-01
1.538684796018295053e-01
2.719273823962681247e-01
1.392655221065183524e-01
3.405779508251414733e-01
-4.361415049338922545e-01
1.942291453563716463e-01
2.046270024377472019e-01
-9.744352537837240591e-02
1.433587783441060692e-01
-3.210012170892835304e-01
-3.913769919449867629e-01
3.216951054630999285e-01
-8.576739547768739980e-02
2.525245889657037335e-01
-5.640078884895933786e-01
3.501156186229230638e-01
-5.127693929127544736e-01
-2.425280427005288564e-01
-1.319838463164022757e+00
2.664556706295524990e-01
3.839135803179082873e-01
1.109897734802551689e-01
-4.493179052864498257e-01
1.541481390845691468e-01
-3.693700880594014690e-01
-9.642815881811803158e-02
-2.225595224766309110e-01
1.593896256767163289e-01
-1.606653978194211019e-01
-7.324108196318664110e-02
2.322129410289579254e-01
3.755277826094688964e-01
3.640217335348826522e-01
5.348887081689938927e-02
3.386593932809084384e-02
3.947211090558838120e-01
5.563651433412682978e-01
7.787563166636293777e-02
4.681974406643812925e-02
6.086082718306157213e-01
1.574874905655150314e-01
-2.767358849511059038e-01
1.496497755757508763e-01
-7.148350071117509641e-01
-7.507644637123028764e-03
1.230135369690229380e-01
5.860841000625063302e-01
6.036515133134734423e-02
-4.095483652123808049e-01
2.051585709425246193e-02
5.895440001695556945e-03
3.853939245573118760e-02
-1.745650961600466178e-01
4.572384162018332532e-01
1.347280737591174948e-02
-2.704239946614974133e-01
-3.977787515405776242e-01
-3.030354410108557772e-01
7.954697851677366982e-02
3.939566229710936840e-01
3.319427967985972283e-01
1.975168609230217292e-03
-3.509797327385533010e-03
1.258376471346130399e-01
-1.438381988407942513e+00
-2.792801220765907533e-01
3.500965562461800240e-01
2.137403207789754234e-01
5.236435863803645674e-01
-2.617515901420700564e-01
4.620344246760884621e-01
5.697866361829511117e-01
-3.778385182786453411e-01
-4.668496461393848995e-01
-3.165467700766724790e-01
-3.015658292177404998e-01
3.774820510165148857e-01
4.535000342467362944e-01
-4.252147490233824240e-02
6.700179087286187718e-01
1.020875131029445049e-01
3.519907494291066308e-01
4.883455819750894822e-01
7.389290289611382123e-01
-4.225995655666454631e-01
-5.172717632983772455e-03
-4.930156516687092538e-01
1.016393729134299068e-01
2.001751996597658234e-01
3.139639533154744977e-01
-6.122394621115211377e-01
4.560567365065844037e-01
1.044816651332613144e+00
2.560321730578011268e-01
-1.227753416820765303e-01
-8.337100382600234338e-01
-1.642631121876750033e-01
8.688455114012309799e-02
-4.825597289621649799e-02
9.607424695613143995e-02
-2.885381685629143100e-01
-1.481800769067292967e-01
2.595913075367632383e-01
-4.363749009526063372e-01
-1.035900869128017210e-01
-5.286256819225716025e-02
-9.710749915929015597e-01
-2.332748527749506917e-01
-8.002992673540193502e-01
-7.620680647204461367e-03
-2.385187378038235162e-01
-2.503022169099821115e-01
2.936734763942599469e-01
-2.045339758962906040e-01
-1.698994039507191189e-01
-7.332763057128287576e-01
-3.845475443170272567e-01
2.585130392799210308e-01
-6.120062482693952588e-02
3.663269257063098139e-01
-7.074409370935394459e-02
-1.447695078196931107e-01
3.001454220135917755e-02
3.159969376578963818e-01
2.325144289443062673e-01
-3.859585568310048287e-01
3.560055428744283157e-01
-5.098140349967361651e-01
-3.625546337250470930e-02
-4.840287422791038630e-01
-3.234719428407161201e-01
-3.842831272241097329e-01
1.435150528232862766e-01
2.972096915856353716e-01
1.855705535879004775e-01
-1.687588168776267272e-01
-4.823251874284794072e-01
1.713627518922154480e-01
8.709238158419913001e-02
5.520902767689075952e-02
2.456289489333694231e-01
-9.977329369403967196e-02
6.322481510459514453e-01
-5.004974680291859324e-01
-4.089875462039995191e-01
3.306008592701763504e-01
5.134548133346604759e-01
-3.138078136119636374e-01
-1.597676492959908823e-01
3.218672296116372733e-01
-3.350856525744515951e-02
-1.080910155621662844e-01
6.379578584618843529e-01
-8.737249846693970201e-02
-4.165562459960657771e-01
-9.306657042140091818e-01
-2.421030386467983020e-01
2.742587056686933700e-01
1.259892871709167028e-01
2.048436460470834108e-01
1.730250957945315693e-01
-2.862432879187785661e-01
-5.630982338428622835e-01
1.408431973698711648e-01
-2.020764455908235779e-01
1.063280956138833999e-01
-1.411593202157445104e-01
-5.762032277357762577e-01
7.005027734902680159e-02
3.784126413785665610e-01
1.824334837557099742e-01
-3.924499598849278681e-01
-4.340727082247761159e-01
-2.577435796206360985e-01
4.173804052458021108e-01
6.759324813164159229e-01
-3.137119662377104712e-01
-1.557756669573651387e-01
-8.278204989168741479e-02
2.955287352335270734e-01
-2.444677230994329320e-01
1.812388829802066281e-01
-5.495691955939703277e-01
3.831206476619286039e-01
3.700441883876884330e-02
-8.398753718572867788e-01
-3.498865624262240681e-01
-1.357316750920302961e-01
-7.819488137496777291e-02
-2.322583559713302381e-01
-1.328961429213866841e-01
3.402120388997028066e-01
3.257424563160196129e-01
-5.553704234863035549e-02
-1.760688601675218234e-01
2.368657944911259916e-01
-3.426405796135720272e-01
1.139095789579030321e-01
-1.419752669381975640e-01
1.036712710519653927e-02
-1.625108080792164178e-01
2.631702658128673988e-01
1.424046617270645076e-01
-3.602109399572152038e-01
6.625515041346777823e-01
1.309702122660110490e-01
3.586069470005639470e-01
9.569187928255482034e-02
-2.340987060236776329e-01
-8.243654862916250936e-01
2.094270748747366628e-01
6.518010954622099895e-02
-4.544224191395775381e-01
1.894702033722948376e-01
-3.497596072357544994e-01
-4.062350906897987945e-01
-4.225261488056472614e-01
7.265809246604815197e-01
2.581023985073581106e-01
3.514185288065152513e-01
2.484462612902143402e-02
1.746193495363802528e-01
5.322453476908203251e-01
2.147267100957974961e-01
6.090534356233433255e-02
-4.695896374568683251e-01
9.294153668380573940e-02
-3.972094647707605231e-01
3.861532577766906282e-01
7.837169993410598723e-01
2.659838394737816802e-01
3.580582282308484854e-01
5.138359950874168275e-02
-2.080697131851409754e-02
-4.701623225159129449e-01
-3.302844386373700036e-01
1.518231509409409818e-01
4.028406495624200362e-02
8.569604481916813787e-01
-4.400744618879603443e-01
2.064011925875603726e-01
2.837011071280878260e-01
-3.069500899180923614e-01
1.306574967714451141e-01
-2.628513370280864403e-01
-4.287306993860052207e-01
-4.346844310119239996e-01
-5.283298392900875537e-03
5.335394274003227855e-01
-4.190931806992075348e-01
-1.980700374486258630e-01
-9.334926922974984276e-02
1.388812088732913397e+00
-1.313474255339767693e-01
4.524807839954093219e-02
-8.653481702555673727e-02
8.682733487124823235e-02
1.374306674843011056e-01
-3.127022819971449485e-01
-9.610531343314285269e-03
-3.797667444374932533e-01
2.652334253661587371e-01
-5.125403229148240980e-01
4.854593678222910436e-01
-3.571435273402018828e-01
6.407501840488756262e-01
2.568376027677121698e-01
-1.128314308262656079e-01
-2.508807950282902488e-01
2.006880339138721325e-01
-2.654413034474628619e-01
6.368319124330352743e-01
-1.685136886410335266e-01
1.606675940991146301e-01
8.046600230181949476e-02
3.500289233643440467e-01
-3.016771858766689740e-01
4.231560117707793278e-01
-4.434644010150517318e-03
-3.358107192553124176e-01
2.347812552309691547e-01
3.187008160268336443e-01
1.236396664190574091e-01
1.170989083760031191e-01
-6.168471490738602209e-02
2.025625728519953039e-01
-2.141948799816427995e-01
-4.465175202875368843e-01
-3.670189432835833099e-01
-1.598323879822164117e-01
-4.005288170886384114e-01
7.454305439587549653e-02
-1.197879734388334061e-01
2.348444526492276252e-01
-2.691116031889220217e-01
7.834348380526332534e-01
1.089954766675839348e+00
-1.200032521587739154e-01
4.442532239906633873e-02
1.358579738486303257e-01
-3.806990929565403636e-01
-7.242348493329090475e-01
-8.447977051715832575e-02
2.119182630166527859e-01
-1.042383474463784987e+00
4.748689817346596898e-01
-1.663269253819560922e-01
-2.302000561870315154e-01
4.581425796679488016e-01
7.669962097922705668e-01
2.109091600326542734e-02
-2.594208410557026778e-01
-7.129739273419050116e-02
4.361470019759515204e-01
-4.060561791466764658e-01
-1.596912783416276072e-01
-6.145351989383389668e-01
2.170760135314618033e-01
1.098502958243001482e+00
2.139258498691551102e-01
-1.090020825411326666e-01
-6.519906679024779494e-01
2.534303373352045918e-01
-4.211350241226794466e-01
-2.573950348640114405e-01
-1.905160772616641407e-01
-4.736930988920528551e-01
-4.374271706910672353e-01
3.446523108282385089e-02
7.586761916171277931e-02
-1.911263560564786523e-01
-2.871857648709156274e-01
2.864191694531554866e-01
2.968834719904517860e-01
-1.524289835390368608e-01
9.092020779061096292e-01
2.473681364187531873e-01
-6.030862269961094757e-01
-1.319242170305281181e-01
2.489653574354422916e-01
-3.313033742663435977e-01
-3.125714691069766404e-01
-3.346889789141573868e-01
1.033834708108756634e-01
1.076873151835732248e-02
9.002831201772083791e-02
1.009196834847816554e-01
-1.633605753791872797e-02
-1.208563973145540815e-01
-4.919055725085046959e-01
-6.549719225470568285e-01
-7.887947632969111167e-01
-8.824171903978947351e-02
9.765547271431759824e-02
1.452344328558885789e-01
-4.861219158684871311e-01
-4.317145833327726279e-01
-4.112210374273475577e-01
-2.951990785135427675e-01
2.322511510165798931e-01
-4.982496662451253444e-01
5.033115125097413767e-01
4.300271361820021121e-01
5.736324641909873456e-01
5.719724452089953309e-02
-6.024317314735559703e-02
-8.980090335565886484e-02
-1.173158540728558991e-01
1.565468105080803085e-01
1.016644269819364510e-01
3.993254533360042213e-01
3.629805466088673049e-01
-3.853278376230079294e-02
-4.771849685667560459e-02
1.126269393792695972e+00
-1.015478673460375458e-01
-3.130442098216639213e-01
-5.975936624879997217e-01
-6.892822735256416422e-01
3.993581180916848106e-01
-2.802093925884092118e-01
9.165842473034749305e-02
-8.299969936278031035e-01
-2.164991852639086556e-01
2.837759988590307092e-01
-2.849847944561091986e-02
-2.789253494262581845e-01
-2.653431719950653522e-01
5.194667615935918970e-02
6.025677472355604400e-03
-8.315105683114093482e-01
3.910194925451135894e-01
3.484992416414773309e-01
-5.674760363614990422e-02
-1.430292492527410024e-02
2.175678020446554940e-03
-4.018973065598199779e-01
-4.663739734233492140e-02
5.054337138120748585e-02
5.240090508379560141e-01
6.868002307033308496e-01
4.830338110548270114e-01
3.431151056552742551e-01
-1.895692513207772323e-01
1.162294516071778472e-01
1.138809767348869656e-01
2.418060959922610498e-01
1.815275661161387388e-01
-1.970413804487080589e-01
-4.271272277378842380e-02
-3.222425628298150047e-01
-4.833942636530773329e-02
1.176246905999634718e-01
-1.191934682902890397e-01
-3.289511482049430335e-01
6.491385866627049639e-01
-3.293767183498045453e-02
4.761918837464649834e-01
-1.846047161420428240e-01
-1.090835294188645666e-01
1.728378371944069847e-01
1.231449978908069620e-01
1.768574020733501562e-01
3.587486982136977448e-02
-1.009217477276557057e-01
2.636440915721467992e-01
-6.685318230987652433e-01
1.705333711705665223e-01
1.654914985248843173e-01
1.204020958141785447e-01
-2.975364976584021423e-02
-2.098580026084672645e-01
5.126052479317687316e-02
-5.020493071886305003e-01
1.552105716410195901e-01
-1.790425077686791377e-01
5.317630912044397640e-01
1.120551309934787326e-01
3.222063958547122797e-01
4.021694217863296950e-01
-6.505857955378907542e-02
-1.215613513868236267e-01
-4.031991437388495608e-02
-7.474774260562280226e-01
1.027091430483748763e-02
1.270144617207902282e-01
3.758722345537351406e-01
1.444287643155284517e-01
-4.713726354305222133e-01
-1.307624480775335107e-01
-1.866024316042832476e-01
7.343343601695201395e-01
-2.271198186883048031e-01
-4.004257187099641291e-01
3.469175706933633752e-01
2.149189014143700338e-01
7.827663981629969792e-01
-2.981243811020108381e-01
2.740662976154107366e-01
6.253548056922823006e-01
2.674390537744890661e-01
-6.413490818636414792e-01
3.707413132641922404e-01
-4.727714543553642734e-01
-2.779659642129145847e-01
-1.804692964201290439e-01
-4.496478113497798766e-03
-2.992126478722870186e-01
-5.266636636572531449e-01
-3.023723180818289058e-01
3.729642538682439445e-01
1.028766351897825837e+00
-2.462973450820773180e-01
-3.372707006800867297e-02
5.428078358958847716e-01
4.219931037337656086e-03
-6.039493485017174423e-01
-5.082749976960176941e-02
-5.833441709909802791e-03
2.898604400080156407e-01
1.265822577133329796e-01
1.670143087481577304e-01
-3.006344549852910664e-01
-5.800115660852206423e-01
-1.581771191815642755e-02
4.085345041798792987e-01
1.049485296141992180e-01
6.001753067475690956e-02
-2.739646924166421194e-01
2.521868887642592441e-02
-6.418101332803920478e-01
4.013906990500907268e-01
-3.493875144975929214e-01
7.375390579045330020e-01
