-1.887716818851980227e-01
-1.285661755941130135e-01
5.784488444739747243e-02
2.670220204473925940e-01
-2.406386761000999241e-01
-3.683375072491646557e-02
1.844180776182376968e-01
3.191103939544552293e-01
2.607694653048265310e-01
-7.402020729913278974e-01
4.461597455222145459e-01
2.287351564665766057e-01
5.638040601850309308e-01
-2.851132692859920659e-01
-2.362119313386582820e-01
-3.580260486510921658e-01
2.766781079373862307e-01
4.136081651992878916e-01
-3.957588693682774217e-01
-3.373036026384216846e-01
6.573846235382990733e-01
2.462034617273252055e-02
3.612127167718041099e-01
4.785530896608161111e-01
4.655854554940319634e-01
1.816886490148915401e-01
-2.695367639902392365e-01
-2.292691176128450192e-01
-3.217012949040293224e-02
5.629016010501467493e-01
-7.796477770294914234e-02
-5.631888358314709325e-02
-1.359907997393062229e-01
-2.910872067876699165e-02
-4.161278268459955854e-01
-3.626716018103736706e-03
5.554688939490731725e-02
2.155548644719721407e-01
-1.470470966819432124e-01
-5.168290033614026946e-01
-3.702163727988933006e-01
8.065991512954956422e-01
8.032474937860259456e-02
1.388444560474147160e-01
3.054773687729504528e-01
-4.281712753190005660e-01
7.892982712383750377e-01
-6.342009063770411015e-02
3.892281804440048676e-01
-1.203784561147304075e-02
-3.886637946747098504e-01
-5.156654856330483011e-02
-2.892170704585471652e-01
-1.334013173129721952e-01
7.729402761538595179e-02
-4.258267356526301284e-01
-6.069386684635379448e-01
3.251774082904933527e-01
-3.056262568847620265e-01
2.563000424361928653e-01
4.416956250957766450e-01
-9.655718308521074045e-01
2.350018884574547051e-01
-1.977351405556505293e-01
-5.219361647214256772e-01
-1.645853756658701983e-01
6.984578256675834096e-01
3.599558754507166669e-01
2.521302252559678991e-02
-4.438434206087181200e-01
1.200589668548014272e-01
-2.326470751585764940e-01
-1.641273271808814105e-01
1.724562540153845580e-01
-6.526803939913867758e-01
1.357084630489454602e-01
-2.687309170692243621e-01
-7.800555286833626978e-01
-1.318789285184277238e-01
-3.854274700601831860e-01
-2.454273934569912996e-01
-4.609411033114642620e-01
3.622294390507728723e-01
-3.324974995259834532e-01
-1.333349855625350772e-02
-1.693882315919234827e-01
-2.167318754874078268e-01
4.442747764287949958e-02
-3.028062370533899372e-01
-4.274805651523384542e-01
7.785179850426459103e-01
1.914939596190816037e-02
1.636792827135493678e-01
-2.277214348150956025e-01
1.210026228284917238e-01
-3.146139174615482370e-02
-1.215637175102505380e-01
1.379991746525147667e-01
1.175359472748283285e-01
1.076000501398366727e-01
1.178187166206930564e-01
-1.111070674645396189e-01
-8.010096269060890117e-01
-5.895551787352023565e-01
3.901914552503456535e-01
-1.993025798210612196e-02
-8.615263037970538607e-02
7.746693126245569883e-02
4.210422112717925880e-01
-1.870868274433759582e-01
4.270199597570825123e-01
2.122839793510107043e-01
-4.642236391315900101e-02
3.364788048669169196e-02
1.143021082477688466e-01
5.725200012538514960e-01
-3.111223886395606542e-01
5.207194980739607848e-01
3.070071291028163979e-02
-1.801657268790206601e-01
-1.452403098475116283e-01
-3.839047898544399318e-01
6.028013647861332758e-03
-3.624471625789973395e-01
6.785011323360440327e-02
-5.191409060694670563e-01
2.369393532628857324e-01
-1.778587165045733554e-01
3.074447764349602652e-01
-4.737770908910651779e-01
1.034157349952608412e-01
3.268921792231321288e-01
-1.517532105098381989e-01
4.005129600730141792e-01
-8.280458036829785318e-02
-3.945345271763026074e-01
-4.836658998778624596e-01
2.312481881632587333e-01
3.186225422049238087e-01
2.618427577442188348e-01
-3.859118022372579615e-01
1.569983931804287344e-02
-3.804852161963331869e-01
-1.689024162148456132e-01
-2.188044199642567023e-01
5.532813650816991585e-02
4.518255057974903122e-01
8.211491801671673141e-01
2.393119315669247626e-01
6.607965969884398161e-02
1.572967432422764933e-01
3.030928183014450911e-02
-7.641180231739647111e-02
1.769262395476226685e-02
-3.199725230552710742e-01
-9.693816538550673045e-02
-4.797928762560374483e-01
-6.576063876863214031e-02
-4.432262432676416924e-02
1.254419903809053105e-01
1.564348291520326339e-01
5.427890872309366621e-01
-8.889698451402666679e-01
-1.065278488735924983e-01
1.770511360843229631e-01
1.001426423930372872e-01
-1.947616112080560458e-01
9.150137268985446548e-01
-4.967300780241848956e-01
2.954451126064266964e-01
-3.686346103657405782e-01
-6.973423273282237655e-01
3.457539454558892777e-01
3.381930916782985852e-01
-5.927666117325600670e-01
1.166810216203207684e+00
5.818547014081151270e-01
-6.037006070173486227e-01
-5.676244559578306204e-01
1.507574871130486771e-01
2.738590679773913461e-01
1.367734850606657782e-01
3.435227492425894091e-01
-4.236311889386614182e-01
2.366236320997641696e-01
1.956708682858039894e-01
-9.162636876561214283e-02
1.401883009451704853e-01
-3.218827061566763570e-01
-3.833090205606238809e-01
3.509584359146747934e-01
-8.859922469208136864e-02
2.983486247190170193e-01
-5.649136773270403422e-01
3.434748177444134076e-01
-5.241463778812526231e-01
-2.581475551883489761e-01
-1.342465121458430666e+00
2.655990719849179449e-01
3.926088345951344594e-01
9.296259236847607965e-02
-4.363504508591872222e-01
1.240846761788125668e-01
-3.702116535673387054e-01
-6.349236993857818034e-02
-2.461352170275383500e-01
1.409104009047213446e-01
-1.527403502124103363e-01
-7.871728965911574394e-02
2.409753003647826242e-01
3.687872966299651778e-01
3.668750820517016620e-01
6.686174605958902784e-02
5.444645600716462031e-02
3.730754593865767132e-01
8.057494355546460651e-01
7.766304949516558698e-02
6.022106053142314841e-02
5.810170616737947435e-01
1.515355239741796034e-01
-2.734022544126301080e-01
1.519933582834321617e-01
-7.458021869081780109e-01
-3.575797649547363295e-03
1.274948511270465601e-01
5.012301385089287242e-01
5.711004042139707776e-02
-4.036231775924766230e-01
2.759609658525876905e-02
3.671504318054768200e-03
7.748087501677917988e-02
-1.936764380055206736e-01
4.465641772322206382e-01
4.533440767397241798e-03
-2.723651909705767094e-01
-3.874090804884857686e-01
-2.993176455274796921e-01
8.919348103472074518e-02
3.948505974240037464e-01
3.394996724082147144e-01
-7.328203041290840252e-04
-4.124623447587215559e-03
1.043506610462749812e-01
-1.347154516753549913e+00
-2.893268053073420054e-01
3.450598681420095071e-01
2.018450501970162625e-01
5.285621542396827799e-01
-2.635823663285618013e-01
4.541069862633793641e-01
5.589929900608068269e-01
-4.550612820572638717e-01
-4.433232155028422605e-01
-3.210468333662230278e-01
-3.194226370371012758e-01
3.747811129428822441e-01
4.370415588737479595e-01
-3.207154431234425507e-02
6.642892409284251176e-01
9.934924444158900469e-02
3.470782240786654538e-01
4.510191583927614656e-01
7.335782466811343605e-01
-4.433268850160297925e-01
-1.999325544725381269e-03
-4.738080665398750613e-01
8.583477602657818561e-02
1.639418989113805014e-01
3.268117824911421776e-01
-6.001324805703815990e-01
4.531242863220845130e-01
1.042786957497014777e+00
2.820756121492361546e-01
-1.217609918119250678e-01
-8.666918608067925023e-01
-1.706881825236981898e-01
7.749407140134820238e-02
-4.116337448020280371e-02
8.342566264197205650e-02
-2.948479300016363380e-01
-1.814468300096256925e-01
2.756773357436032579e-01
-4.456304964500170662e-01
-1.103920146703608468e-01
-8.089259040890352248e-02
-9.299197742675752165e-01
-2.393897601836798561e-01
-7.992201526494154828e-01
-3.739840285137953531e-03
-2.423840461304790916e-01
-2.570347666791283348e-01
3.291789468443868105e-01
-2.069005541901631773e-01
-1.601374935714626746e-01
-7.375261630904272891e-01
-3.952018790129157022e-01
1.397464638076365562e-01
-4.114700559585792589e-02
3.481293557350052525e-01
-8.042624334124771901e-02
-1.406221214497103134e-01
3.595106579434234617e-02
3.225960642573550974e-01
2.428331975055172676e-01
-4.006703574706527160e-01
3.440002785109298467e-01
-5.018360977155224001e-01
-3.577830413801249415e-02
-4.975451723695935580e-01
-3.129641760961242580e-01
-3.878863019780539045e-01
1.469066228015124542e-01
2.929016944968404479e-01
1.782306267292632085e-01
-1.796327066274256978e-01
-4.774247434754401720e-01
1.729174382343441896e-01
8.204740033825852485e-02
3.557005052487945823e-02
2.108653428429745624e-01
-1.242491131259145093e-01
6.359496896357251794e-01
-4.398556930072096693e-01
-3.918862113058002028e-01
3.278088222113453853e-01
5.108878237705594128e-01
-3.100099718617439493e-01
-1.541524436184209257e-01
3.188352709272681551e-01
-1.443049814008805568e-02
-1.160233075073805881e-01
6.341650349143593823e-01
-9.308525445367626938e-02
-4.124971967813104157e-01
-8.989540048154657237e-01
-1.844803521734808827e-01
2.757558304430130502e-01
1.324049218851610921e-01
2.036941302024542488e-01
1.799748805054380840e-01
-2.853670865710186133e-01
-5.642402252827229958e-01
1.407477562580194685e-01
-1.960267228298065711e-01
1.107772758492988341e-01
-1.365654601404756030e-01
-6.757791636156275095e-01
6.160771870766897085e-02
3.861135302286481941e-01
1.980430362871373751e-01
-3.976586074200910703e-01
-4.344920920381817875e-01
-2.599626751381645673e-01
4.481121234675140008e-01
7.165578670548281570e-01
-2.912811444715440179e-01
-1.519959992418539463e-01
-8.257433812445445775e-02
2.949139786664795593e-01
-2.469409418842494208e-01
1.898237644194852580e-01
-5.505980697950270120e-01
3.866333764216016156e-01
5.445197144063605721e-02
-9.219612131371776043e-01
-3.582780247816972352e-01
-1.274485437230579443e-01
-7.504218698551769207e-02
-2.503303698639809949e-01
-1.261073347723664362e-01
3.696048152306807832e-01
3.302038636726192244e-01
-7.225660111738539670e-02
-1.697009670981274865e-01
2.279592748999262342e-01
-3.358869229292306691e-01
1.426418167334301546e-01
-1.592741890265432780e-01
1.166257537560897069e-02
-1.671494614662039357e-01
2.681037201776858003e-01
1.446051363736744200e-01
-3.730836470615079281e-01
6.577436436385637464e-01
9.706153471981890379e-02
3.575448956795056477e-01
9.006276521907077837e-02
-2.273852522515680818e-01
-8.510969167006424696e-01
2.211830956052392438e-01
6.815046295009387356e-02
-4.675453169051554947e-01
1.911519104095087962e-01
-3.546876149242780829e-01
-4.078526181738953427e-01
-4.130937158915441998e-01
7.102692992269931116e-01
2.622659090287886574e-01
3.498040130622185329e-01
2.339252095039170629e-02
1.908940697773532369e-01
5.661781035778826743e-01
1.512414426663865885e-01
6.567495487621770323e-02
-4.594762453931891533e-01
8.743035025080328482e-02
-4.020000128664419359e-01
3.951378594293235569e-01
7.658562399009968269e-01
2.543690454894852460e-01
3.571050522943532424e-01
6.197708385990750857e-02
3.380052512834321593e-02
-4.679428588467476335e-01
-3.307200282810544012e-01
1.784829475376707997e-01
6.428223523772488845e-02
8.271319774525065505e-01
-4.435260803318012424e-01
1.977161456839358344e-01
2.537366119450600865e-01
-3.165311342269750972e-01
1.558550861587943148e-01
-2.615698213350259316e-01
-4.327377505006475000e-01
-4.673876780910838358e-01
-6.378670445169440720e-03
4.794615227774815525e-01
-4.229154108783370614e-01
-1.968468282659549817e-01
-8.964420186627750087e-02
1.518276303019485240e+00
-1.686503618771249269e-01
4.354528377706062131e-02
-8.393363145634945288e-02
7.996142843019668489e-02
1.362073259731723385e-01
-2.865587893469976333e-01
-2.842328228175514115e-02
-3.811221448237524512e-01
2.546099901263096377e-01
-5.250653545239952757e-01
4.860064926146290265e-01
-3.520322877378674886e-01
6.413370533219836522e-01
2.522120307253218896e-01
-1.138833159485469898e-01
-2.428673203055041474e-01
2.009589051282049399e-01
-2.740123014353809672e-01
6.439600053915323086e-01
-1.592745572357417705e-01
1.673303596524358117e-01
7.168077476290088401e-02
3.541686913240944534e-01
-3.051973372569223297e-01
4.279808644352403046e-01
1.126886958830253423e-02
-3.450840462316139279e-01
2.277994053887883452e-01
3.315394631541494497e-01
1.331857097312909299e-01
1.387169414850498161e-01
-6.526263412559983601e-02
1.987738791523477322e-01
-2.121307374244502941e-01
-4.428821778052082769e-01
-3.749708388510904489e-01
-1.546477027705393803e-01
-4.323611682545447921e-01
6.373980975474925759e-02
-1.273208149168180148e-01
2.322334033135619313e-01
-2.615367836225462872e-01
8.811454448266707873e-01
1.088736291219354557e+00
-1.257737500814151976e-01
5.769404976758931575e-02
1.202299643168669996e-01
-4.313426168525580362e-01
-7.208615849728124969e-01
-1.736485549242274551e-01
2.077828544775266462e-01
-9.875181369832081169e-01
4.788894573931108956e-01
-1.811963949266335305e-01
-2.643039229571548798e-01
4.837935375275349559e-01
7.216325108104676422e-01
1.726615220834686049e-02
-2.557103766271300316e-01
-6.000095592279061640e-02
4.462567833855854982e-01
-4.033517774626044772e-01
-1.629618603384582753e-01
-6.153934138709732382e-01
2.769250540223177626e-01
1.246240307029716332e+00
2.017565999616831862e-01
-1.205866378602975797e-01
-6.386152112289976701e-01
2.574254044941715058e-01
-3.727684497433617627e-01
-2.609581700958076844e-01
-2.022084644871065817e-01
-4.840221640929051605e-01
-4.262812954092477513e-01
3.170793518614755530e-02
7.884069077042742124e-02
-1.506285861965444284e-01
-2.777337559809388012e-01
2.775436596889631069e-01
2.938130575027153579e-01
-1.500420042318052205e-01
9.323364452613663866e-01
2.437511032307643211e-01
-6.135617411295937185e-01
-1.698222262274986794e-01
2.409583971453878870e-01
-3.339772650570451695e-01
-3.176537444500984742e-01
-3.459973543532300910e-01
1.094260688205147131e-01
7.214679680930242631e-03
8.780192902000777400e-02
9.270844944135681054e-02
-1.292303529002664791e-02
-1.445416562017192152e-01
-4.889678429704114593e-01
-6.447253822074791030e-01
-7.898269136509614707e-01
-8.635339833373988083e-02
1.020610440946746467e-01
1.704751013984149854e-01
-4.880053137761506954e-01
-3.998881769376584350e-01
-4.315669523593807511e-01
-3.284365493525145396e-01
2.321189061182489521e-01
-5.076866679106298852e-01
4.970096027582859843e-01
4.519422295816353241e-01
5.750611909698069013e-01
6.481739181657288074e-02
-4.600958421971110268e-02
-8.472472410150344579e-02
-1.181623997485354849e-01
1.709038291675261112e-01
8.787939333203537151e-02
4.055722581462539167e-01
3.519184303273312775e-01
-5.091456191958861760e-02
-6.732939416321478965e-02
1.109370783259634896e+00
-1.095819901382913270e-01
-3.071111566002777682e-01
-6.168574604297002439e-01
-6.870405198917619582e-01
4.101826270662571328e-01
-2.901913963726264756e-01
1.033967366881851369e-01
-8.476493347635322140e-01
-2.308501981936896541e-01
2.723078212098580253e-01
-2.493145037146593523e-02
-2.611865924141882345e-01
-2.661865998452463966e-01
5.643831613925695545e-02
1.319280570609011709e-02
-8.094296828377169906e-01
3.798829858544533478e-01
3.487566353337660519e-01
-7.634827627376833403e-02
3.860979621365605730e-03
-5.588614814716941215e-02
-4.003143946600120073e-01
-4.102097429125527855e-02
5.941347878357464141e-02
5.315778037525992206e-01
6.960456195641153698e-01
5.298611973406414100e-01
3.310340554995551687e-01
-1.825977313707550509e-01
1.302477259337304349e-01
1.154743378222872485e-01
2.557099002713081881e-01
1.810788298722448009e-01
-1.642764432637280614e-01
-2.277887659589695329e-02
-3.227441872836058767e-01
-2.948914392899918205e-02
1.124819803545846625e-01
-1.097752931422895512e-01
-3.331735842713908213e-01
6.739070501778274824e-01
-2.782912285803313887e-02
4.929596011955053037e-01
-1.773079564068049119e-01
-1.131202608123528519e-01
1.772042999022894194e-01
1.257434328319957384e-01
1.757101729566060144e-01
2.356719242837092276e-02
-1.017247309578712677e-01
2.490636869048487578e-01
-6.729411795671867980e-01
1.888831949544280409e-01
1.654897199146823650e-01
1.366376308197284617e-01
-7.587267396865644831e-02
-2.289233065264898448e-01
5.556720439743573214e-02
-4.698446217912604084e-01
1.512730114280445015e-01
-1.797770484015802361e-01
5.273923621884808455e-01
1.100575822106834717e-01
3.260522795322365330e-01
4.037598190831825362e-01
-8.013787544608311220e-02
-1.194492635768889810e-01
-4.252892163071188975e-02
-7.461446395211244198e-01
4.265352088704788339e-03
1.352691232705016955e-01
3.650120982979938589e-01
1.719754482259226724e-01
-4.749585722592963855e-01
-1.175221493365863484e-01
-1.901788339892607760e-01
7.351312489689383334e-01
-2.373255723892069846e-01
-3.978439283862406084e-01
3.458871785541812738e-01
2.115108789966118064e-01
7.967406191313177732e-01
-3.715693053069307195e-01
2.702678985305887460e-01
6.948751147503233749e-01
2.658435976895401343e-01
-6.435099063910896255e-01
3.691195741615712067e-01
-4.789204122060693458e-01
-2.829573955980232980e-01
-1.802754320430731694e-01
-2.311085111163216268e-03
-2.891944342055224881e-01
-5.335075442940100388e-01
-3.676356214232873731e-01
3.563279889379424303e-01
1.033971243048792621e+00
-2.507318175585131481e-01
-2.197190195361002976e-02
5.261068410807032691e-01
2.099905531171454565e-02
-6.216352352868897979e-01
-4.845628804787886768e-02
-1.497620521840404596e-02
3.059244332266103927e-01
1.362874125072481568e-01
1.679090501294077664e-01
-2.267952666219360258e-01
-5.614106456543410673e-01
-2.619127230635794057e-02
4.059201890138525171e-01
1.016946347759526692e-01
6.374823561331449673e-02
-2.861939615050897445e-01
2.457931995704993808e-02
-6.658197321803166480e-01
4.165229301576743870e-01
-3.779308115298518067e-01
7.275362973855894477e-01
