-2.197622627514530247e-01
-1.207633855676721740e-01
-8.352099189117026534e-02
2.631256296338152501e-01
-1.821287812058594580e-01
6.799638260340468143e-03
4.886274168978274046e-01
2.991251274821910000e-01
-3.348155222891880944e-01
-7.868252757705339606e-01
1.067823535904926791e-01
1.311824538800515638e-02
4.950539659920540903e-01
2.628189084540910950e-02
-5.681156759266254852e-01
4.378896133620595599e-01
5.965723985562427778e-01
4.860290806308055211e-01
-4.176803132242382643e-01
-1.231990875819708897e+00
1.551425013380007822e-01
2.451759291609753588e-01
6.899804863567706725e-01
3.945859522734669333e-01
3.808973120777341403e-01
2.505533436555865134e-01
-1.644202618217073530e-02
-5.649379110236093515e-01
-8.638645617722989778e-02
4.994067791254805377e-01
1.658056572424202596e-02
5.742096674970512127e-03
1.294508371468085783e-01
-4.973009974812295231e-02
-3.942333588597557448e-01
-6.613599069073183845e-01
3.513502743557616603e-01
-2.421227912198372634e-01
-2.607614933968771531e-01
-5.696601145411175349e-01
3.570593063477132678e-01
8.356593749837799567e-01
3.857190597265681142e-01
4.374582024164037630e-01
3.319353272623734585e-01
-2.272459205902191415e-01
1.755941629249506031e+00
9.813916998990139529e-03
4.191475258382220681e-01
-2.710362770819000899e-01
-5.146202504236681297e-02
1.223059611506427911e-02
-2.944802731545609897e-01
-1.604834863745664697e-01
-4.185930690562816858e-01
-8.732508361941865305e-01
-2.319764321974155385e-01
4.021270275386371051e-01
-2.687714334364993407e-01
5.010354290878429318e-01
2.886362156777817489e-01
-9.603554956798743270e-01
3.014287209442114701e-01
1.850639451527663626e-02
-4.135864108962252761e-01
-1.051486276803716563e-01
5.698758449474148335e-01
-3.981749787328480727e-01
3.425198802099446160e-01
-5.580598103770070262e-01
2.498345716012660978e-01
-3.598960795303799420e-01
5.236603155216207339e-02
8.466877593644479560e-01
-7.096575491963268423e-01
-3.060545445040224743e-01
-4.529326850945256111e-01
-8.890157552257973439e-01
8.286816319699744082e-02
-2.455217206162149668e-01
-7.652016891256796516e-02
-6.396398340033301322e-01
5.207913574604963736e-02
3.232771783177765257e-01
-5.991459180256379635e-02
-2.586035448654743218e-01
-2.719004466992758773e-01
5.051694598782751067e-01
-1.257335067305579701e-01
-5.990154536148508679e-01
8.270877386971884349e-01
6.535445153612160496e-01
3.296858086421580736e-01
1.494764865343435056e-01
1.653958367612976543e-01
-9.981581273895294426e-02
-9.860820566030953360e-02
1.374367445223282358e-01
2.020404841169712862e-01
-6.743765952974501987e-01
8.691565325758703053e-03
-2.864371085700900821e-01
-8.449455282739326556e-01
-7.678190692835580311e-01
2.398453455507176257e-01
3.928328850828715080e-01
-2.326106028361316913e-01
4.345729617744693574e-01
1.188079645198251155e-01
-6.697921407575289088e-01
4.778598491224791966e-01
1.746791405704467559e-01
-1.021515814937823917e-02
5.713893788782993255e-01
-2.750726246556169791e-02
3.164872196120787073e-01
-2.669450441897405213e-01
-2.095847225526012991e-01
-4.048491955759069283e-01
6.018132004563852000e-01
-1.568226343282575763e-01
-1.999817656861598847e-01
2.826968685920442925e-01
-2.192839930637148771e-01
5.111413389070353780e-02
-3.791943993150088676e-01
2.723605461181954346e-01
-8.035152119220995148e-02
3.567339737680126355e-01
-1.403760130950985285e+00
2.602060491306379397e-01
2.304325736221977672e-01
-9.240946207754523190e-02
-1.276444289028361434e-01
-1.257130643242451162e-01
-3.244944588088691795e-01
-6.584920168969967680e-01
1.870789414406852647e-01
1.692248363836750813e-01
6.091473727251194292e-01
-8.886652651655553292e-01
2.196660255342600676e-01
6.790098013044463254e-01
-4.613555062711242050e-01
-3.992749319952082487e-01
2.381623867821674179e-01
7.887316927731132798e-01
6.819092620990384601e-01
2.842564355784583663e-01
1.073241007745986964e-01
2.227803770508826886e-01
6.986224443007977847e-01
4.408695007828825757e-02
-2.635525306461157166e-02
-4.982714887444156804e-01
-7.510331131183118486e-03
-1.504653792407579238e-01
2.312063531279826833e-01
-2.841582240533885861e-01
1.363736093360458645e-01
-5.795850171330665934e-02
1.571960817465996585e-01
-1.041540718217446759e+00
-3.652896627925616979e-04
6.060724765071143216e-02
1.011100080644113386e-01
-1.070054919063790216e-01
1.338945570866531209e+00
-3.529413853282581948e-01
1.151707652737054693e-01
-8.946425881812417047e-02
-8.688628971380312205e-01
7.490764770870240730e-01
1.185365904584494146e-01
-5.449111220423284996e-01
1.306001530679256062e+00
4.131867665359938435e-01
-4.679468843953463741e-01
-3.447680120401357406e-01
2.454404323043095082e-01
9.670866590009867536e-02
5.384136691192414892e-02
2.863719255605300384e-01
-1.593668712090689499e-01
2.674866562582156049e-01
1.100093262518275078e-01
-1.733367420821487204e-01
3.013996806506553938e-02
-7.282628955449614583e-04
1.201428853147751274e-02
7.084985175442479743e-01
-3.233682189826609932e-01
5.429902244449156257e-01
-6.135914204366966773e-01
3.805059057472475748e-01
-1.094380727394759667e+00
5.203685832368872832e-01
-1.284398944918711649e+00
6.824705613130978288e-02
2.963658656934955449e-01
-2.810234555618864039e-01
1.435108464297251973e-01
8.394170693718238097e-01
-4.211126277253064432e-01
-2.800469507065987407e-01
-2.010123275735738735e-01
2.142023370470184651e-01
-2.685311079389743893e-01
-9.963567359200548035e-02
4.623437994146919472e-01
2.703385969792725940e-01
-5.273466671713714082e-02
5.891641437316958579e-02
-6.008790056342242641e-02
5.156502749178211165e-01
1.224978079059816094e-01
-9.343138154626544345e-02
1.623647000967486931e-01
8.116745376899735520e-01
4.802047969397989224e-02
-1.353431009869898449e-01
-1.214218237061639311e-02
-7.867418727561993341e-01
-1.496006489257578342e-01
5.068994159780404463e-03
-2.596388367228018579e-01
-1.571848041535331419e-02
-1.635153725076293751e-01
4.487447533132888494e-02
1.786216135376111624e-01
8.269957224123097861e-01
-1.288096293286940808e-01
7.444089414635269852e-01
-3.081073741498260299e-01
-2.001374973942256497e-01
-3.781529075624430747e-01
-1.966709064840982679e-01
2.993685398737327974e-02
1.075517327696981384e+00
2.405559517872043473e-01
-6.660498455118774030e-02
1.462769522040290315e-01
1.039734186636647628e+00
-9.252395891553466534e-01
-3.038323493814338305e-01
2.662665542993102319e-01
1.166054330708846121e-01
3.108252255884092485e-01
-3.619153150486933423e-01
1.526514361085904437e-01
5.509452748080000406e-01
-1.760274408176883965e-01
3.574998940422109417e-01
-2.647396708748600558e-01
-3.894548243521600006e-01
5.498900871380707489e-01
3.462460557514400183e-01
-1.372973742109196982e-01
-3.655057081924976137e-01
4.481692655978679607e-01
4.239790800947820237e-01
2.531167053791095189e-01
7.257803920394363395e-01
-2.579362627551549658e-01
1.479441297918458742e-01
-4.582222361791537524e-01
-4.392262555373174782e-01
1.600461692642575762e-01
-1.536263062771612842e-01
1.803904325707051393e-01
5.455856227674071857e-01
7.164393129770523228e-01
5.952057922108632271e-01
-2.693251148588632349e-01
-1.252077077672907324e-01
1.153339368289905964e-02
1.476486384023439347e-01
1.511520899804188189e-01
7.877516230566820876e-02
-3.088692123044943227e-01
9.599278970859628779e-02
4.399175136361306304e-01
-2.218693407802346806e-01
-1.190707387859792910e-01
-4.955552862176831885e-03
-1.408648875490329244e+00
-6.604446308358249418e-01
-1.188020399509354785e+00
-3.045969261361999685e-03
-1.884004646026979368e-01
3.036886683325754066e-02
4.717176757852520885e-01
6.907704875060783900e-01
-1.890944961633506671e-01
-7.269744259247957752e-01
-5.878966862798986615e-01
2.308085391789841123e-01
1.945520228317039746e-01
2.334112094544892990e+00
-2.092996529448639675e-01
-3.555105959551397854e-01
9.517191081204151581e-02
3.068399797683878383e-01
3.275435388766562150e-01
-1.184240282383797471e-01
2.877440851607035999e-01
-1.146205877435708897e+00
-8.340759131976173413e-02
4.945311756318538920e-01
-7.787153957015786609e-01
-4.722186775508350753e-01
1.278906776062982975e-01
5.173557076661964294e-01
6.330416435472341341e-01
-1.716328007708183001e-01
-3.277134272669225412e-01
3.880389017143091590e-01
1.138970401095997925e-01
5.296272081007730170e-02
5.059784928172574858e-01
-1.330563001212146379e-01
6.023909858578524457e-01
1.017198498804393059e-01
2.465546538322267722e-01
4.255181843207168635e-01
4.987139104263879075e-01
-3.959624469970798866e-02
-3.003740833221553164e-01
3.550635474975134542e-01
-2.267761402153322670e-01
4.052402174810938451e-01
9.638827811971276693e-01
-2.111577113136986761e-01
-3.457621023706826391e-02
-1.259699455479109442e+00
4.303548146827241849e-01
1.252715916222705006e-01
3.036780566102014189e-01
2.453028135575826552e-01
-2.030491479638426855e-01
-3.026233089903899165e-01
-4.570476226821900689e-01
-1.309243246040592279e-01
2.032526026686005960e-02
7.003568571082031680e-01
-2.091508937717969641e-01
-4.305037820520634106e-01
-3.135688772284654924e-01
4.368747062584198426e-01
-6.634406529246834605e-01
-3.395108106263194925e-01
-4.455114847449110904e-01
5.981902344964834528e-02
4.296699416237014235e-01
-2.876029553893632018e-01
-7.177542467873820886e-01
-9.904845293236587411e-02
1.363579841149232530e-01
3.112404291202572892e-01
-9.462189056470880766e-02
2.505110822555063899e-01
-4.106243999147459189e-01
6.054288303024419893e-01
8.129485931360640460e-01
-9.443485026260654003e-01
-3.943224465059403383e-01
2.305251412788351106e-01
-3.677637768538011970e-03
1.035031634359978858e-01
-2.949458227901820551e-01
2.990629328789333186e-01
4.780470693136494309e-01
5.071814387519416600e-01
-3.833099474346580993e-02
1.537183831023858638e-01
-2.922136640623542725e-01
2.581547751622600417e-01
-2.974439664978605347e-01
7.002187644373056297e-02
-5.221771029918527152e-01
3.144540400197883279e-01
-7.359378577345482286e-02
-3.048428472322252669e-01
3.437474868233034719e-01
1.921564495748514512e-01
-3.328341969610885132e-01
1.582173185892875034e-01
-1.275892222227470896e+00
-7.719240670011925376e-01
4.108596455167300987e-01
2.314644855529542911e-01
-3.622208147700961556e-01
4.847202365977182348e-01
-4.919540117147268021e-01
-2.484620655996223060e-01
-4.653692152000454829e-03
4.608286444442835084e-01
2.726672171712838932e-01
2.216115848373318709e-01
2.841249484001253101e-01
1.888348935748945800e-01
3.297060165984264657e-01
2.844745527686948217e-01
1.079686302238651863e-01
-3.801309038970381304e-01
2.063320045077175757e-01
-2.725878385274628779e-01
4.888626266857493130e-01
6.910599257294032238e-01
2.208456391315711809e-01
-6.094476282045512283e-01
8.284036332823489779e-02
1.043289271447973704e-01
-4.817781302318167036e-01
-5.359657733787024370e-01
2.959797830563106746e-01
-2.204438895528230802e+00
6.787315712877644014e-01
-6.080025138131013307e-01
-1.133924841864625693e-01
-3.695055257450320929e-01
8.768562322836681577e-02
1.470739340371678694e-01
2.105935508819425372e-01
-8.642039497774401946e-01
-5.291075945161847205e-01
2.738681465567099349e-01
7.573481739328270790e-02
-4.710327564350275664e-01
-4.130325431767777333e-01
-3.500290086875666729e-02
1.050132409590023741e+00
-2.376927489490552603e-01
4.706348697783630658e-02
-3.610128144468038869e-03
1.601509816387842733e-01
2.361253758118282142e-01
2.946727571194034390e-01
-4.585006277228413640e-02
-1.741865030728724506e-02
-5.923047565445948015e-01
-3.335703471829174482e-01
5.993079585026920286e-01
-3.799988000354539985e-01
2.503075342285132621e-01
-5.419919003494465259e-02
-1.467574076027902685e-02
-1.905348402377515515e-01
1.684686926726073827e-02
-1.314949757146730847e-01
4.571475390913607439e-01
-2.702083987183392932e-01
1.386070980585997481e-02
2.194421869638800704e-01
3.300702205533427858e-01
-2.510296670252378792e-01
1.418535000294571524e-01
1.132227638306144424e-01
-3.508384822605972730e-01
1.672737421011190051e-01
2.124899510729452157e-01
1.846184985353232222e-01
2.246339152760546409e-01
-7.620183966508571605e-02
-8.607713649888218410e-02
3.255827426660882762e-01
-3.262096707989294853e-01
-2.329829036247658136e-01
-3.157853530892238969e-01
-4.153498651202023328e-01
-1.793789616347540861e-02
-6.306313986050718912e-01
-2.567471591069331316e-01
-1.802304941112422010e-01
9.789518037508182502e-01
1.385549391787676443e+00
-7.186819958178336520e-02
1.455414020000225794e-01
-2.481035360276384327e-01
4.028882264220259302e-01
-5.477999364769182700e-01
-2.625503613141247916e-01
2.646283322704539032e-01
-7.168488561581473073e-01
4.922799815840086524e-01
2.623941429102215617e-01
-2.328899476947488556e-01
1.043844676277670691e-01
6.520786472690159874e-01
8.758837487428507151e-02
-7.262606080272304698e-02
-1.736104142451108667e-01
5.945648804228520490e-01
-3.554614585591114873e-01
-1.283441575343446106e-01
-1.126233648756175265e+00
2.256493745965410247e-01
7.176521325426489240e-01
3.071818630713408771e-01
-5.393515105509980728e-02
-5.245027752560036394e-01
3.076511054485866481e-01
-1.092336545820515870e+00
-3.374214573876013756e-01
3.336093717281738424e-01
-5.272056685638857321e-01
-4.491150039722549003e-01
-9.654284199530366317e-02
6.667431516323747698e-02
3.004309216688954010e-01
-2.191079675509698954e-01
-3.061796488255786874e-01
2.069199573512246759e-01
-3.105332936574584091e-01
9.465872493920999275e-01
4.316969356368728361e-01
6.447156608377430098e-01
-1.432231585670252216e-01
1.093538103595976529e-01
-4.304118493372009469e-01
-3.366974100986894758e-01
-8.228438271092088085e-02
-2.075126488970652772e-01
-7.958485807205001317e-02
-2.990341708022644651e-01
1.996189848728932292e-01
-2.125468949384354267e-01
-1.702578179282983051e-01
-2.783319180593289976e-01
5.437453528463487284e-01
-7.603918030054322985e-01
-8.411502647801516463e-02
3.561291097000862105e-01
2.137543124357563495e-01
-9.461745553685546595e-02
-3.040213494058973120e-01
-3.484807625670288123e-01
-5.271088332255542408e-01
3.615194188589195279e-01
-4.537274908551232611e-01
6.656196193772161429e-01
1.406057671996707725e-02
5.087092094798865149e-01
-2.631979220598823499e-02
1.321041639572637649e-01
-7.111811012646984675e-01
-8.786964228555575740e-02
6.189983878879608964e-02
2.001853554866318829e-02
1.026095835612284901e+00
-2.709495698771161032e-02
7.489016025375606900e-02
2.095137888135182869e-01
1.814210622939458117e+00
-4.047703368781968569e-02
-2.034779614426787120e-01
-8.648544787828513769e-01
-8.179464914454072089e-01
2.219622425176838165e-01
-2.092692639438244184e-01
-1.733804849389375957e-01
-5.870295363283786205e-01
-5.939270168248493853e-01
8.088069959626460748e-02
-4.641775568914422445e-01
-6.248240198116128408e-01
3.404080852033378179e-02
2.039561125084993209e-03
-8.580285945148634352e-02
1.524120117135439045e-01
1.755528179286866275e-01
5.015837348283734842e-01
6.255518106025143021e-01
-2.584253899931029941e-01
-2.425533258834175199e-01
-4.473012485844203301e-01
3.190712023795211350e-01
-4.408119489726782837e-03
3.868423457589842962e-01
1.538004779882078177e+00
9.129365481295750873e-02
6.928769995286757077e-02
-3.236732051635956009e-01
-8.915387512103695178e-02
5.122262135675517136e-01
5.744158528181112500e-01
2.240006966743184336e-01
3.310412565448791478e-01
1.585888908577979539e-01
-3.141988991540227150e-01
-3.656927610394099526e-01
1.654747517863980610e-01
1.513002367425083372e-01
-1.116901930468199577e-01
4.309375954821442201e-01
-8.716173123933421141e-02
-1.017708630159002814e+00
-3.779252967307155098e-01
-6.122491058646187950e-02
3.689802117650767266e-01
1.195774755805122658e-01
1.765388910770740727e-01
-1.365301742200660806e-01
2.967736641894773708e-01
3.651490190042335215e-01
-6.929339902775106808e-01
2.213976455592515380e-01
9.204288200983484769e-02
2.717229292919847716e-01
-4.096760036361088431e-02
1.939179638625736571e-02
-4.167431615207430051e-02
-1.400907518861165268e+00
-3.392823385721808332e-03
-1.039264618487041048e-01
4.033978539511812733e-01
-3.569542358061711385e-02
-3.317803329940449686e-02
2.892093775325806915e-01
3.592719976085234634e-02
5.206348370632492978e-02
9.004826711396399230e-02
-1.363062705006323760e+00
-4.006517568090673387e-01
2.555329982409920708e-01
-2.050109509922724838e-02
2.906718977239572399e-01
-4.644315422399138416e-01
-2.069318064579961369e-02
-1.623063891597642805e-01
7.459473009927090059e-01
-3.595810165732569175e-01
-2.032469800359571199e-01
1.814914083469336692e+00
1.207579544895619750e-01
5.959840093861079602e-01
4.657207321312317738e-02
1.439960909890650176e-01
2.301123164341229987e+00
1.506139336522680505e-01
-5.952247221987405634e-01
4.318002350105117904e-01
-4.208837903497872901e-01
-2.972960130329319606e-01
-2.677282486123117589e-01
-7.583459529333594351e-02
-5.335065565943070132e-02
-1.392697327901066151e+00
1.818885946086638283e-01
2.533815840481662973e-01
6.955590094205772456e-01
-1.779670320962385699e-01
-1.122040115419401518e-01
-5.811030545824584781e-01
9.358573460134617106e-02
-8.739249084267077805e-01
3.191374167518848948e-01
3.742287442905545963e-02
2.608720153925846441e-01
8.059873959657292142e-01
1.809760863618856963e-01
-2.448691679469571891e+00
-2.299880645266423329e-01
-6.112101297925479071e-02
2.194094820338517438e-01
1.080543103251469517e-01
-1.330247522323025899e-01
-4.073699619478662881e-01
9.752322109834794805e-02
-6.903510962130874340e-01
4.506684850557370337e-01
4.830391561101826658e-02
5.129650619283291357e-01
