-1.949972497499633528e-01
-2.825072890415197269e-01
1.480277352027328103e-02
2.738746445588553513e-01
-2.387710267580339385e-01
-5.015301336932890403e-02
1.796217592439617317e-01
3.176512042190143270e-01
2.620174526277372351e-01
-7.445969289509306588e-01
4.646355213049509492e-01
1.182133269039334911e-01
5.936814938904390049e-01
-2.661181364547007822e-01
-2.323727386709666387e-01
-3.740448535946959696e-01
2.839204201693723006e-01
3.880351352805131993e-01
-3.914956985519367216e-01
-2.846937475131440798e-01
6.393081382165670679e-01
-3.621757388105727865e-03
3.875700403153228835e-01
4.382220124873774658e-01
4.522315298293071995e-01
1.451907967956380663e-01
-2.692595938432580938e-01
-1.889693206424505056e-01
1.081806654799000525e-02
5.757444079396554226e-01
-5.665144786936029270e-02
-5.819510419848508004e-02
-1.542092074975742466e-01
-4.278648528673834744e-02
-4.347536900344696753e-01
9.145207680016621821e-03
3.262255408873628026e-02
1.491269702281866061e-01
-1.436676968864141757e-01
-4.841466824175255090e-01
1.381301286332593248e-01
7.737061093983803595e-01
4.656097007476467375e-02
1.100200402380152598e-01
3.140842044176151426e-01
-4.467811904053232697e-01
7.684366478755647600e-01
-6.970255022340360318e-02
3.662355585275196557e-01
-7.010531614647752367e-03
-4.002995772147601161e-01
-5.347263403981555169e-02
-3.203898909327593247e-01
-1.262590456545823470e-01
6.473318429147768838e-02
-4.280132054006303699e-01
-6.053491037822429366e-01
3.384407140046773455e-01
-2.804426419713281771e-01
2.380246557168975707e-01
4.604154678767969355e-01
-9.210842717186937811e-01
2.295263251677510941e-01
-1.559184673006019373e-01
-5.376645284898028399e-01
-1.419520376021032870e-01
6.908586010680517475e-01
3.307084837834920465e-01
-3.873841454418722879e-02
-4.352971127948231378e-01
1.318699559668822241e-01
-2.340404015557716599e-01
-1.484109207668838359e-01
1.387101184804005460e-01
-6.512802569868335612e-01
1.473358713957720889e-01
-2.958898898213931927e-01
-6.949191916678187919e-01
-1.889252479592191392e-01
-3.830567427948441406e-01
-2.218075284444268880e-01
-4.562532539269517629e-01
3.716353957381861028e-01
-3.459363969936778416e-01
-2.296481320133017534e-02
-1.619458310635835396e-01
-2.144122293226424225e-01
1.932847180482612226e-02
-3.080817938097938358e-01
-5.426643888115758596e-01
7.854873902633272564e-01
5.433260254345831375e-03
1.713696512065668864e-01
-2.247736209860883849e-01
1.175980573150137570e-01
-1.438783858951117600e-02
-1.594110929539091226e-01
1.269957519578407135e-01
1.753051204446753331e-01
9.017450332084463172e-02
1.036656066618030780e-01
-6.987757263940486130e-02
-7.633495838891745100e-01
-5.411570359687581933e-01
3.885015454535717394e-01
-2.619003450012975104e-02
-9.642454256835153448e-02
7.963984798441235691e-02
4.058488159632936965e-01
-2.174934271256211971e-01
3.991398110408337363e-01
2.122799385152085438e-01
-6.691173536463441984e-02
-3.239828819351570684e-03
1.114840419315457493e-01
5.715979951840276518e-01
-3.066700912632591702e-01
5.357370955651958866e-01
2.634662190912862717e-02
-2.108776518856917970e-01
-1.312418486810071894e-01
-3.618782817734287893e-01
2.100079778467034766e-02
-3.836927916981632825e-01
5.805330473142470554e-02
-5.073554297080136166e-01
2.182409876342673583e-01
-1.870938403735713795e-01
3.075330692579394953e-01
-4.700689844734789458e-01
9.066332762403829515e-02
3.359100825270588953e-01
-1.593628249581215683e-01
4.094113219914493618e-01
-4.434930234248248004e-02
-3.916771516146967391e-01
-5.096063891823192638e-01
2.373471761284084991e-01
3.293447736762252775e-01
2.640850049806205968e-01
-4.054262015042602862e-01
1.496373395519054982e-02
-2.425342185911248394e-01
-1.766075039420395565e-01
-2.039837076207003941e-01
5.047693759817999809e-02
3.769125360628586274e-01
8.191900836344883086e-01
2.291636357876232211e-01
4.545838553060466136e-02
1.490550249325437726e-01
2.672021624731610312e-02
-6.933049038347979809e-02
2.413293987222319206e-02
-3.138484934504952584e-01
-9.292735633620811952e-02
-4.850249987397236007e-01
-7.481857977489449196e-02
-6.281992900310540140e-02
1.296689317377548445e-01
1.596354742097255697e-01
5.484033729062885998e-01
-8.805256854317224935e-01
-1.050001788477217674e-01
1.771526581315632509e-01
7.728477533674259214e-02
-1.769108353104358045e-01
1.048926164620257451e+00
-5.011987340845112104e-01
2.797822009173581148e-01
-3.910302032309689313e-01
-6.973948841063146720e-01
3.273723345092974246e-01
3.434780266334063747e-01
-6.261047290569529133e-01
1.139105029321097140e+00
5.833038925833857746e-01
-6.150138643315119502e-01
-5.377966242642798766e-01
1.547667450755855212e-01
2.636230883093021449e-01
1.455668642002811430e-01
3.351582323590883705e-01
-4.453187863857036577e-01
1.655546245330059840e-01
2.048761289827479293e-01
-9.124615513927758492e-02
1.565441677768302231e-01
-3.171574764608106056e-01
-3.918927306022321200e-01
3.222716085448871226e-01
-7.580339576687658565e-02
2.860965646108387106e-01
-5.668124583905002067e-01
3.452849637228777024e-01
-5.042154521180759463e-01
-2.282444292903897110e-01
-1.305142323550668948e+00
2.698416069215037183e-01
3.742202440729768265e-01
1.242452873138283342e-01
-4.246143114041260880e-01
1.440152522121111445e-01
-3.684698679793670384e-01
-1.138735117905547711e-01
-2.305879625731684091e-01
1.607129828780779479e-01
-1.578633717033220141e-01
-6.854722677349413262e-02
2.241616426586453270e-01
3.806374040479827414e-01
3.651851498419053099e-01
4.322210170490203840e-02
4.313969938543784494e-02
3.924729601344028040e-01
6.918544624023631462e-01
7.665728286688319737e-02
6.145354963520539837e-02
6.219499058452672147e-01
1.534755921868917738e-01
-2.767605557591823473e-01
1.412432670238533139e-01
-6.814184979549524623e-01
-3.923797253500949100e-03
1.229337840177180674e-01
3.745594831700429506e-01
6.609322173488388352e-02
-4.190712104318609632e-01
1.881136022247245632e-02
1.845906803629001475e-03
2.039424275088182192e-02
-1.649983348189681120e-01
4.511691548737024604e-01
2.016605604634333013e-02
-2.726667097670011364e-01
-3.994043187355454938e-01
-2.964241953360251536e-01
7.822864340481397449e-02
3.873258470375137708e-01
3.261269108389822646e-01
7.537402600131501255e-03
-2.465486884773444853e-03
1.566820576060786729e-01
-1.373464103526150781e+00
-2.704969506904202348e-01
3.466461774937736329e-01
2.087486938662707348e-01
5.211762275560253288e-01
-2.652130636343897341e-01
4.612367481083849419e-01
5.339317597283305128e-01
-3.554044164064676936e-01
-5.089505049709258655e-01
-3.156934678671979300e-01
-2.813721290409021969e-01
3.730737374508316107e-01
4.450647613836176686e-01
-4.978111541694352216e-02
6.749110523923981253e-01
1.001393712384721496e-01
3.547513464235060310e-01
4.883136201056862968e-01
7.367497694925350116e-01
-3.992266906494887913e-01
-7.025373559895965216e-03
-4.981318164715591856e-01
1.136748854828158461e-01
2.153998566629450051e-01
3.344561504634137594e-01
-6.112790344251157748e-01
4.482590897292068055e-01
1.050369197966523505e+00
2.924141957303751371e-01
-1.259395827398746281e-01
-8.252447660942394680e-01
-1.546973443472970666e-01
9.598142553917231312e-02
-4.752653053952648338e-02
9.006955941516611719e-02
-2.845332173499550144e-01
-1.260561411304845503e-01
2.147189878060508650e-01
-4.284073203194140311e-01
-9.944922886272453133e-02
-4.208180613628512839e-02
-9.349247287408600782e-01
-2.420480720952593034e-01
-7.972460797389601117e-01
-1.490643039745702739e-02
-2.359254344662155001e-01
-2.510756996504845406e-01
2.650428855469942335e-01
-2.086764893593800185e-01
-1.812822700231221384e-01
-7.284361428972715435e-01
-3.798199763995575018e-01
2.592125679653463077e-01
-6.851949739972640341e-02
3.647874089731966696e-01
-7.590957138273667082e-02
-1.411547782935075324e-01
2.372906579597548749e-02
2.990482357888955556e-01
2.318702026636282054e-01
-3.818643060728357796e-01
3.590908811574962667e-01
-5.073647571816821689e-01
-3.474681833801429587e-02
-4.862318323995120095e-01
-3.312241853741698661e-01
-3.801562830978655882e-01
1.443914194092819347e-01
2.968089038822079306e-01
1.989448649031836935e-01
-1.939250479415098871e-01
-4.923097018866534058e-01
1.715020168372842768e-01
9.164464277203396292e-02
6.001394597886862414e-02
2.448276702890193057e-01
-9.074660897676975480e-02
6.264097484202766353e-01
-5.070986193171471701e-01
-4.136742847917416199e-01
3.312882182769265049e-01
5.074422739517097103e-01
-3.085250728348558624e-01
-1.311444111290815395e-01
3.163187276669164327e-01
-3.191567881617558139e-02
-1.022391842580277904e-01
6.485438413193312934e-01
-7.749944323587990014e-02
-4.175808024616459169e-01
-9.369724481751752210e-01
-1.957483932130940352e-01
2.774380064416485103e-01
1.147644638898751568e-01
2.019427885557080193e-01
1.617371072456041392e-01
-2.770190913686595424e-01
-5.567621065805524738e-01
1.560593476920692502e-01
-2.120844550790340621e-01
9.304797618806028014e-02
-1.452928714421230505e-01
-5.395353707041486979e-01
7.523464244886093888e-02
3.732879980576293555e-01
1.756690910313449816e-01
-3.922812135519839205e-01
-4.349480698028573844e-01
-2.538240177142476184e-01
4.480672299135158854e-01
6.498843377525523879e-01
-2.980160209541290461e-01
-1.499895290545514848e-01
-7.105396294566831972e-02
2.865112616450667948e-01
-2.313882994080297684e-01
1.689578114724120950e-01
-5.534717324290786555e-01
3.912660147648847619e-01
3.525153611137812892e-02
-8.022106996132117862e-01
-3.465675280147500481e-01
-1.344701053179274408e-01
-8.457810691062625508e-02
-2.197436994795389786e-01
-1.348205925940626493e-01
3.381313852719375346e-01
3.244928333822297284e-01
-5.974947407051697801e-02
-1.833836341877144449e-01
2.353907595960050281e-01
-3.460750258533971113e-01
9.821121795834349133e-02
-1.428799194771325221e-01
1.296837553552528458e-02
-1.586715520882011621e-01
2.675436865803640374e-01
1.751920040307647641e-01
-3.550686076996247831e-01
6.715151733065355399e-01
1.368183753947768699e-01
3.537598030727414078e-01
9.942528236226849669e-02
-2.295538040751219366e-01
-8.461764304715718721e-01
1.984717788396221649e-01
4.124825522268035088e-02
-4.566270343895369455e-01
1.879771957699839513e-01
-3.381093819681885160e-01
-4.043170820807721055e-01
-4.152138862918972606e-01
7.309685172663068498e-01
2.586467708529377463e-01
3.504554205532064981e-01
2.053904786541106003e-02
1.621234941768724958e-01
5.299628783612695404e-01
2.334587079385267161e-01
5.745236188264196686e-02
-4.726706944927295817e-01
8.970886949197677540e-02
-4.036466629223554592e-01
3.810393399303824702e-01
7.774294680437070504e-01
2.682960672914063704e-01
3.546969051422669827e-01
4.413683909319240234e-02
-2.398495092584175190e-02
-4.709704846781843646e-01
-3.306273795581925468e-01
1.383991363847411338e-01
4.570483262808860275e-02
8.479917712725694168e-01
-4.358667802696762905e-01
2.079438904844424785e-01
2.895547053213201050e-01
-3.000691950071018854e-01
1.273167457734550867e-01
-2.648891433257203332e-01
-4.392038607388081273e-01
-4.281547800757657396e-01
1.710009772208983137e-04
5.479235665557090629e-01
-4.186436230142063786e-01
-1.967150651300722808e-01
-9.095875700594997781e-02
1.549301969332848916e+00
-1.225796627968551572e-01
5.882066321553655608e-02
-8.795151783956473013e-02
7.900604037056321860e-02
1.256093147569880830e-01
-3.147862560399978804e-01
7.035710900704818596e-03
-3.790016831345192072e-01
2.775785270384712455e-01
-4.914880916817880863e-01
4.871308030473332495e-01
-3.590641102903096571e-01
6.465927594374868415e-01
2.735312590004990163e-01
-1.171521596092492540e-01
-2.539439041730602309e-01
2.024372883466198092e-01
-2.599130413604435752e-01
6.241889086359067029e-01
-1.567872835900739614e-01
1.561283595012636083e-01
4.291182079439162522e-02
3.405907304071965624e-01
-2.775880072536637266e-01
4.218557310680350891e-01
-4.343884439945865442e-03
-3.363000382234091479e-01
2.379034668998032398e-01
3.212342539688962662e-01
1.142961121236669708e-01
1.183696555099408437e-01
-5.962218094645756195e-02
2.014592313908897536e-01
-2.050055891293043886e-01
-4.509965345693944805e-01
-3.639113980532487913e-01
-1.517237057039328429e-01
-3.740223404688376996e-01
7.636926760438962625e-02
-1.256114668844404980e-01
2.364731999526446804e-01
-2.786733995730470981e-01
7.664411495988832090e-01
1.084724134854736510e+00
-1.136933658578608425e-01
3.838295285319776734e-02
1.244446330970293557e-01
-3.673711778469173628e-01
-7.352400520726839472e-01
1.740432323130869374e-03
2.120325960649256380e-01
-1.026680580681632149e+00
4.930070339798319767e-01
-1.669648429803826106e-01
-2.064494564154971123e-01
4.511006430738441209e-01
7.793116053900402962e-01
2.321201108208212349e-02
-2.403103334301999738e-01
-8.267861322095913790e-02
4.495855334731079789e-01
-4.085965059642492347e-01
-1.567549540142663400e-01
-6.153160770757797327e-01
2.649448016317236809e-01
1.121878261618565409e+00
2.095938092008660936e-01
-1.102100895294632205e-01
-6.546355497058994333e-01
2.478842777747052306e-01
-4.124583358853736170e-01
-2.531241379551499859e-01
-1.869452823001236386e-01
-4.632444916622682762e-01
-4.457145206298312456e-01
3.458338079693942801e-02
7.498484269453659090e-02
-1.963580956239390773e-01
-2.877257060582526504e-01
2.945019981989877578e-01
2.977289164540887212e-01
-1.524984025925528452e-01
9.334840151992308543e-01
2.375768792948010355e-01
-6.076988053583030069e-01
-1.060743227297325092e-01
2.419825510343943109e-01
-3.290066373994774973e-01
-3.113551325748514231e-01
-3.296649262706740080e-01
1.127142809289167213e-01
1.572865519715211172e-02
1.002303462600640654e-01
9.950070953706408039e-02
-1.863451729743272403e-02
-7.005666150958642091e-02
-4.941771333638529384e-01
-6.433518041798006459e-01
-7.831673915863430757e-01
-9.056109985588357836e-02
9.617168950090916602e-02
1.638891060977429315e-01
-4.848980895717431849e-01
-4.436104847142293139e-01
-4.150503624903345012e-01
-2.781357677625119762e-01
2.123515847106650367e-01
-4.960049570649106010e-01
4.973894124830189334e-01
4.163674547328530817e-01
5.723989811311047671e-01
5.453265025246843006e-02
-6.211405954639624000e-02
-9.208807835316444590e-02
-1.141933269983213262e-01
1.438556875269027813e-01
1.073915262507830620e-01
3.956998863765105456e-01
3.669489257167780627e-01
-4.676101405742497802e-02
-5.686034447687108445e-02
1.133070817656717688e+00
-9.086777692977660026e-02
-3.163780686928753250e-01
-5.955263886565200782e-01
-6.936802335541332187e-01
3.959371766223204747e-01
-2.549557538671154422e-01
7.426386988544295131e-02
-8.416158818891658067e-01
-2.047824551319921138e-01
2.809119446752709193e-01
-2.584614217035743206e-02
-2.615147034994028674e-01
-2.771679109651297157e-01
4.981685675821941744e-02
1.082895020850003533e-02
-8.231799986993484364e-01
3.917162265863975423e-01
3.467368627112941692e-01
-3.797514888620508872e-02
-2.472115131540341196e-02
2.291583099169114401e-02
-4.026528967482621568e-01
-5.466311063482658800e-02
5.094432755449674471e-02
5.088792158972360591e-01
6.893128311492633387e-01
4.888256928601840690e-01
3.449039831766871900e-01
-1.991242192692709023e-01
9.026158541410733704e-02
1.154431105075227754e-01
2.532011582630401270e-01
1.832945846514679455e-01
-1.880649316537239268e-01
-6.093353198292333905e-02
-3.190671361902794323e-01
-5.127791352939670144e-02
1.240512417546009299e-01
-1.238434799943911591e-01
-3.392065930922727457e-01
6.458847377211618390e-01
-3.970240082799335324e-02
4.819803697087330918e-01
-1.767708052055214363e-01
-1.095863806178352662e-01
1.725779060406561205e-01
1.204023133268585510e-01
1.748195575033176519e-01
2.500630394939996545e-02
-1.003526714094000877e-01
2.673361004606103486e-01
-6.644874606047675991e-01
1.911342082993175706e-01
1.640206597773604669e-01
1.130771646801902452e-01
-1.468563823446175295e-02
-2.220211201652204924e-01
4.232578761509717125e-02
-4.986389206365952620e-01
1.529636974982085396e-01
-1.742740335956889930e-01
5.373082776071608224e-01
1.120635765150452823e-01
3.092050867148900539e-01
4.019251458868240423e-01
-4.953800943965702697e-02
-1.210404629974220908e-01
-5.350806892506463491e-02
-7.501916291039604223e-01
1.838020888162411950e-02
1.181237161713195732e-01
3.721164877392536541e-01
1.283750487317388833e-01
-4.688384046889720880e-01
-1.215230328474309202e-01
-1.880656014890317307e-01
7.347669202984076220e-01
-2.203018668700184868e-01
-3.991115329943759060e-01
3.116257366915320959e-01
2.157236989523884374e-01
7.993951849589910896e-01
-2.821273327525400387e-01
2.805363150864106925e-01
6.222161198701308127e-01
2.539307177836723772e-01
-6.431556487859478866e-01
3.669359264155195866e-01
-4.762064799269017934e-01
-2.739515564472042586e-01
-1.825248453975039931e-01
-1.295069458468920895e-02
-3.135465654901162247e-01
-5.255884731120830100e-01
-2.931393616650310729e-01
3.825648324355758190e-01
1.037152646162203151e+00
-2.526718228999573213e-01
-3.900582002637668216e-02
5.516760515940141163e-01
8.067973450283623740e-03
-6.042210748735865611e-01
-6.641751493721967381e-02
2.655260294934712502e-03
2.695728559125817880e-01
1.241018730751217436e-01
1.749911942844721013e-01
-3.510507438307090000e-01
-5.859283637401817568e-01
-1.709331797543611753e-02
4.129318923215697379e-01
1.100674699535212769e-01
6.304039630162511232e-02
-2.594300940014399037e-01
2.529954068417441734e-02
-6.441191657454917729e-01
3.881219317901616339e-01
-3.358784247654183486e-01
7.407694740928195687e-01
