-1.889567175622405282e-01
-5.038040575140914079e-01
8.827132556948644182e-02
2.881103593435247467e-01
-1.952969752987254171e-01
9.163798833172198677e-04
1.856070758940469023e-01
1.982197890480285607e-01
2.074953858889139746e-01
-7.735147955892618388e-01
3.858899693809023090e-01
9.131215512038703963e-02
5.888568419975563906e-01
-1.835302076545762551e-01
-1.497188384695881114e-01
-4.009595847757575493e-01
3.266728350952990412e-01
3.548039087716913231e-01
-3.882914228719483440e-01
-2.544911319513479819e-01
6.401592303699920050e-01
4.619050092719206857e-02
3.449242785009141166e-01
5.058253192930555198e-01
4.470449019307413119e-01
1.600785256283601410e-01
-2.756201820758362731e-01
-1.914237790490020130e-01
2.158362866600278540e-01
5.734000695712619944e-01
2.839598641315591032e-02
-3.111978287813917804e-02
-1.470580909075501208e-01
-3.201689448025259177e-02
-2.569807512397630500e-01
-7.127111533744970306e-02
4.513975268703446925e-02
-1.572016707091016541e-01
-1.585965775899370322e-01
-4.976349991441590404e-01
-3.122377999262491155e-01
7.964791345100885600e-01
1.118729656573341641e-01
1.231314891416717544e-01
2.794731927721578191e-01
-4.975649312004646330e-01
7.272998325525572572e-01
-3.803186768127446438e-02
3.281122420103466109e-01
4.938674089724540833e-03
-3.950294734832862087e-01
-1.742102765222998118e-01
-3.281987322450316547e-01
-1.238280618926377724e-01
7.963167277423878476e-02
-4.176998551409318861e-01
-6.332069358003912241e-01
3.504484331607567449e-01
-2.698400187638996806e-01
3.095838698575663073e-01
4.727508340843583068e-01
-1.149917480985640506e+00
2.024842886345292470e-01
-2.260074106469812938e-01
-4.685536583106542086e-01
-1.062815503307714404e-01
6.869643102870652829e-01
3.996297799688161567e-01
3.776201817341830191e-02
-4.009323349995488339e-01
2.197247871009871956e-01
-2.638602724479583994e-01
-2.029066430815988920e-01
2.703012474070303206e-01
-6.402129041596955616e-01
1.456437793376643419e-01
-1.482402392901751020e-01
-6.290628465327181562e-01
-1.054247543613578975e-01
-4.506309020850484126e-01
-1.972788709836698628e-01
-4.101785989786345676e-01
2.042679557139417124e-01
-4.649870138863501090e-01
8.076361745727918262e-02
-2.534486785369290951e-01
-2.299440774177796409e-01
-2.569163422913752978e-02
-2.757206358192429430e-01
-5.255381538957948351e-01
6.760944250668656785e-01
4.070235372293526388e-02
1.943232005923987982e-01
-3.530615856671186492e-01
7.021486621550580842e-02
1.286863968680387015e-02
-1.788668150741447860e-01
1.140053956055789575e-01
-1.174202466664905908e-01
8.943958744980896880e-02
1.284636047122491576e-01
-1.308358469524455447e-01
-7.820114787998238004e-01
-5.723129779463715927e-01
4.432931256765560435e-01
2.343393606240983321e-02
-8.025178342392140507e-02
5.038493580678211903e-02
3.642147770373950766e-01
-2.458163510294907594e-01
6.004918198100493987e-01
1.991042685980846660e-01
-1.592963426309959019e-01
1.269214011371136430e-02
8.008291275282800048e-02
5.347049473012792653e-01
-1.974762275162158243e-01
4.882703115496977997e-01
6.350540042103471061e-02
-2.082430079349983643e-01
-1.487172259088887782e-01
-3.171580400241590936e-01
-1.687237140670566279e-02
-4.272376447868641569e-01
5.411408706128946478e-02
-4.076093124929757172e-01
4.175755835838452779e-01
-1.625672961224962909e-01
2.850607874265339015e-01
-5.522940128591735665e-01
6.304936438937654153e-02
2.636229225755884475e-01
-1.314821895216709557e-01
3.962883767271731528e-01
1.735244645020828924e-01
-3.291135159949413191e-01
4.621960828594662285e-02
2.382564556679288570e-01
1.807962867933959883e-01
2.631000628045910839e-01
-2.965976058244860214e-01
3.804328575471729867e-02
-6.221185916739326860e-01
-2.020328145568993095e-01
-1.591955674483909455e-01
1.734310991660997225e-01
5.455810000021537043e-01
8.764390696578805429e-01
2.641188158178364720e-01
4.424105580472098564e-02
9.894475541779729211e-02
8.022231234644211506e-03
-8.099476510345310354e-02
3.833571327886915736e-02
-2.807284066968119274e-01
-9.988476123273061502e-02
-4.205978861187816831e-01
-7.233951395488906477e-02
-4.908914945001137398e-02
9.143863315887694465e-02
1.692419736450852530e-01
5.456269380949922976e-01
-8.657644789227332272e-01
-1.338931224125292085e-01
2.281567907875783063e-01
7.827682880987570091e-02
-1.419711995958523598e-01
1.229323834476535371e+00
-5.537735036805488953e-01
2.217434913012777398e-01
-3.364768383647088190e-01
-5.890456223341584696e-01
4.124568790457427969e-01
3.844181806329547424e-01
-7.045550020769398847e-01
1.148864032569673954e+00
6.125781587096584824e-01
-4.902012551286783482e-01
-3.911053340159955649e-01
1.914369767391145005e-01
2.421939959603944259e-01
1.648914145745445092e-01
3.351825708736106968e-01
-4.604476467048129185e-01
2.757740966648513092e-01
1.848990261936115931e-01
-2.650202619546680738e-02
-1.497469701211762705e-01
-2.757661470471129972e-01
-3.471084308125593765e-01
3.721516141561383439e-01
-6.677202364553964931e-02
1.666972436747568564e-01
-5.569764677134296793e-01
3.308882414680188733e-01
-5.917472516920332382e-01
-2.339289420212744552e-01
-1.258452617057690182e+00
3.008462662958283906e-01
5.447783969502614232e-01
1.252904467236979902e-01
-4.553244680693932511e-01
-2.475510902527692791e-01
-3.539459955871248065e-01
-4.388470757607249029e-02
-5.768765847986599971e-01
-3.520695483644994961e-02
-1.840121746835768068e-01
-6.610911785653532380e-02
2.304946231890161734e-01
3.600715774400926605e-01
3.840564380687290780e-01
8.789620330106981405e-03
-4.984211243184155649e-04
3.492234550282190542e-01
-5.205595738101366221e-01
2.241477739191970187e-02
5.343981106400520764e-02
6.939770512280045711e-01
5.721907042553302236e-02
-2.724150418579168176e-01
1.411869233299820059e-01
-5.877014766079313723e-01
8.232946628011872381e-02
1.995140980863718272e-01
5.106549973546103960e-01
5.120617925976796159e-02
-4.301726335414026159e-01
3.613406452636288430e-02
-3.711161314709476855e-02
1.268904807290872350e-01
-2.222462365316650590e-02
5.201091211116544155e-01
1.017372467832612926e-01
-2.712613186377473284e-01
-3.945544001788812150e-01
-2.480398831890010536e-01
8.635800415372520134e-02
3.615212708905229944e-01
2.832792745316252137e-01
1.697107563718012746e-01
-1.630831040920064506e-02
-2.734630536005902557e-02
-1.314854919667236999e+00
-2.278525492238405170e-01
3.613943295715593695e-01
2.069684971832420339e-01
4.947997029024939208e-01
-2.942007516266795242e-01
4.275258348544885845e-01
5.614018271471669097e-01
-7.036757847649226516e-01
-4.471141118004179349e-01
-3.255052161736668448e-01
-3.305957612831451620e-01
3.657813603450407181e-01
5.969518877048588523e-01
-3.656534478838337210e-02
7.492155709254174623e-01
9.215308043542212724e-02
3.578856070465342709e-01
4.598396691528368052e-01
6.910440898453094061e-01
-3.258812911684477731e-01
-1.015714268313136666e-02
-3.865810466475460561e-01
1.058070127694089591e-01
1.926954456816620809e-01
3.250889825123269294e-01
-6.515757052006431183e-01
4.642015264059551338e-01
1.110911888448119056e+00
3.606773819376791756e-01
-1.365197947205116780e-01
-8.140008453184758297e-01
-1.644560485902945290e-01
8.911833475507231761e-02
-5.126660523370851763e-02
6.003177213046866079e-02
-2.861825083512652967e-01
-2.197438361843322974e-01
3.466875366298746153e-01
-4.167768687223632473e-01
-9.260975916758619475e-02
-4.492489408500376091e-02
-9.991415215960994800e-01
-2.333129294531265940e-01
-7.491534066062623953e-01
-3.519863155184282250e-02
-2.839953611777456532e-01
-1.662506541714843522e-01
2.584057690725337086e-01
-2.193356667711481300e-01
-2.226717269988681136e-01
-7.241437821614912229e-01
-5.354905480713291199e-01
-2.191637508835105330e-01
1.387019627748508066e-01
1.884953380184184735e-01
-6.043555261988826227e-02
-1.446534345688316181e-01
1.501993869726842880e-02
4.277669856197614529e-01
2.526379024132358042e-01
-3.881875026954850205e-01
3.924629398603192709e-01
-4.573186386801310066e-01
-5.496629359427962491e-03
-5.002388557641583855e-01
-3.221878373299335019e-01
-3.975485613398075935e-01
1.422950905043964542e-01
2.338301817808716432e-01
1.576868241815727600e-01
-2.997049540048863370e-01
-4.465212390137920928e-01
1.945031981230797569e-01
1.432501127570567911e-01
4.296928551040497812e-02
3.706718478063001920e-01
-1.402103206000640812e-01
5.849130913782185637e-01
-5.793156150509020108e-01
-3.762558862386835568e-01
3.162175231120831764e-01
4.354994240296287122e-01
-2.703545016751516816e-01
-4.706465813509246726e-02
3.435083198342243072e-01
3.727670661131546326e-02
-1.116104150232190007e-01
6.272319705075251051e-01
-6.479972455619409377e-02
-4.211484459321029883e-01
-8.390996695458120547e-01
-1.600726303382635773e-01
2.946893783522154808e-01
6.832521323885623610e-02
2.248886609895046351e-01
1.548305906628845985e-01
-2.410654842236669981e-01
-5.121475333819303088e-01
1.081604910023944294e-01
-1.984092959382880439e-01
-7.765194379691555543e-03
-1.166471852340609516e-01
-4.666278483729049409e-01
3.750833022109260201e-02
3.781064097645286393e-01
1.362762344342041965e-01
-4.160846508919073816e-01
-4.358658134446690702e-01
-2.346086829196348811e-01
4.828706158943637528e-01
5.720772263121689516e-01
-2.361198889889533081e-01
-7.157442356284371421e-02
-1.059214893964040838e-01
3.497248111450002028e-01
-2.724241504115575419e-01
2.342571396836853614e-01
-5.627190101126403610e-01
4.679809679434379088e-01
-1.548974752100212848e-02
-9.104487081220046241e-01
-3.071291499481639264e-01
-7.002235542694554282e-02
-1.252657827714809824e-01
-1.590559086372617115e-01
-1.482475456302846106e-01
3.931641952232293180e-01
3.158342969984477278e-01
-3.846983038533058341e-02
-1.514229584376358129e-01
1.914894834647756783e-01
-3.696639614878055591e-01
6.670159058695346310e-02
-2.826886646613669951e-01
5.201078800666816132e-02
-2.582753071768778552e-01
2.647888756012524714e-01
1.589018964963122005e-01
-3.244301752890672574e-01
8.872951070592431932e-01
1.468927487827340617e-01
4.087833115304542742e-01
1.011012627081802479e-01
-1.893318155138762893e-01
-1.006094457822782173e+00
1.674161001632311352e-01
1.187350457778095503e-01
-5.737993523304842913e-01
1.849114882531026072e-01
-3.972369949523084087e-01
-4.110337747834004740e-01
-2.933269713409430990e-01
7.460530284738335904e-01
2.658756601529815300e-01
3.316665199167295186e-01
7.876385846036572380e-02
1.142022038109805904e-01
4.990944562362511494e-01
3.517159277391350147e-01
5.479250036262921231e-02
-4.913160581160430085e-01
1.016979666150787248e-01
-4.419991232525867786e-01
3.693712493776687977e-01
7.837062399239805854e-01
2.324266809012681401e-01
3.864885216964906167e-01
3.517990446182057973e-02
1.650996758088834823e-02
-4.948637711929966820e-01
-3.500784471728370928e-01
1.715213364634353144e-01
1.394134208308552836e-01
8.441733491121602428e-01
-4.238979148480943038e-01
1.769078093883374725e-01
2.465049185038104551e-01
-3.472973299643537515e-01
1.523112152264166907e-01
-2.860958445669742334e-01
-3.709039735028218376e-01
-4.218669651503306195e-01
1.577686722722570697e-02
7.075687892173028182e-01
-4.246209764008666565e-01
-2.269295396801125908e-01
-5.032241706525761304e-02
8.465363560053096315e-01
-2.051142312575622018e-01
-2.647551942853378082e-02
-9.735653133143425120e-02
3.227963926370894243e-02
9.541736875807008134e-02
-2.411133093397269112e-01
-2.832078849196277559e-03
-4.153937728336582480e-01
3.168571242328102056e-01
-5.672169377241642607e-01
4.832849094832113446e-01
-3.942989302560986342e-01
7.273419642594927126e-01
1.970296443258255925e-01
-1.110895668251944968e-01
-2.974049505991025466e-01
2.222128143248124910e-01
-2.935104631445396017e-01
5.974520383553486580e-01
-1.829895792019978762e-01
1.466702176114092759e-01
4.092812301394188612e-02
3.197817355715369403e-01
-2.911015478996203942e-01
3.974364315035502360e-01
1.009746286499742934e-04
-3.903527922380521931e-01
1.724690959326930506e-01
3.750367902393799135e-01
8.513291410648773927e-02
-3.446658729528742637e-02
-4.212588403127024567e-02
1.536417397079585245e-01
-1.153792754427435674e-01
-4.019242288095262738e-01
-3.677850232154247778e-01
-1.497859536795978497e-01
-5.503553870461230790e-01
4.060271390491002746e-02
-1.126104273897505920e-01
2.181437343436739840e-01
-2.885330222998186978e-01
8.826871347998181960e-01
1.167961207618646524e+00
-1.250196387275713528e-01
4.017011270539509737e-02
1.309029859828551301e-01
-5.186197959729127449e-01
-8.485391537415105656e-01
8.182741841982066333e-02
2.025121130715872020e-01
-9.382264401285823618e-01
4.116531369412328445e-01
-1.715935385433546290e-01
-2.004539785469034718e-01
5.143021487287440241e-01
7.875241207563647983e-01
2.355450562774711806e-02
-2.529074795810981602e-01
-1.492527295508809249e-01
4.707271283060979750e-01
-3.556806417978654045e-01
-1.667840828252367125e-01
-6.028423120202101027e-01
-4.031801656560310421e-02
9.800369847771908116e-01
2.143090781164047887e-01
-1.270140221378371626e-01
-6.413302229915784913e-01
2.487446215510978609e-01
-3.635409886437614979e-01
-2.409055336583420526e-01
-3.046915390537826562e-01
-4.355082572125091867e-01
-4.458734033113019857e-01
6.257998713960870318e-03
5.640142285854662929e-02
-1.247325653479881558e-01
-2.744776964658174334e-01
3.312643730049080193e-01
3.080600615629180972e-01
-1.541420258768274043e-01
8.294075658722221966e-01
2.381453343395469879e-01
-6.604179898934791071e-01
-1.878075302980578010e-01
2.452393832747988278e-01
-3.273675309343812567e-01
-3.529479039772484006e-01
-2.919643159712472791e-01
1.441684203320727220e-01
2.954749488446253153e-02
6.690028092372621304e-02
8.597517355649339499e-02
-2.741915579523008031e-02
-1.514962326097510359e-01
-4.910458310190676801e-01
-6.252613184003432689e-01
-7.529029511895064530e-01
-7.884763856522067349e-02
1.044116814881622807e-01
2.302368790638453788e-01
-4.686224532062843173e-01
-4.466176459268538790e-01
-5.133453019885788615e-01
-4.492147324313489065e-01
2.479831118249319899e-01
-5.196042525244151111e-01
5.141423102676823120e-01
4.704532580884200899e-01
5.831226620169408514e-01
2.897055932272738638e-02
1.613669576103426706e-01
-1.055281104003869680e-01
-1.048549984338478652e-01
1.060666065406929010e-01
1.370466702256432079e-01
3.745443235544215210e-01
3.899241266733380340e-01
-6.861389988497751391e-02
-1.464004777120061496e-01
1.296049094687808267e+00
-9.016025279039281692e-02
-2.575503864901065310e-01
-6.134238084108142308e-01
-7.121719343703086791e-01
4.055506615196002862e-01
-2.199308481167976947e-01
1.090439066771879684e-01
-8.017199211447330054e-01
-1.359450338772811850e-01
3.385675982355803582e-01
1.260176267105083368e-02
-4.496239475876572800e-01
-2.050426265643700008e-01
5.285377778074772104e-02
2.373740380879404283e-02
-6.356440728808709917e-01
4.061091714491902316e-01
3.300369301502230068e-01
-1.853961901058703843e-02
3.314380774034760002e-02
-1.241120687851896831e-01
-4.152515020037169657e-01
-1.846737181175199527e-02
4.202986149763848767e-02
4.627370166285637576e-01
6.510244090364460945e-01
1.402177925519941804e-01
3.392835182278092221e-01
-1.875790432207480596e-01
1.495423640742911398e-01
4.390355488228478431e-02
2.543034400799394357e-01
1.920894604351684465e-01
-2.970372129056564336e-01
-1.188778250980030704e-01
-3.159535104174428510e-01
-9.851949341046835340e-02
1.681449831982611831e-01
-1.628567224632987420e-01
-3.787956871235119150e-01
6.963314594255742840e-01
-6.718578226895365046e-02
7.018432233297685618e-01
-1.776310103375393079e-01
-1.088519712813603435e-01
1.856367682024578913e-01
1.062843412853102937e-01
2.163050052235464260e-01
5.441564126285446112e-02
-6.967043964799762845e-02
2.799131478040932652e-01
-6.648708824488273050e-01
2.327507577947134643e-01
2.087303537798041175e-01
3.691962533428458371e-02
-8.574519892129260634e-02
-3.161242798242306917e-01
3.088272991125942321e-02
-5.455949567783360266e-01
1.186821903324954408e-01
-1.457743256530401876e-01
5.285487552640675268e-01
1.083278049157070100e-01
2.529427185770765640e-01
4.537758292185868347e-01
2.340128417367241809e-02
-1.386107872214189241e-01
-4.244563784959355657e-02
-7.296234296139525455e-01
1.055622644035673074e-01
1.375686876553932070e-01
3.940967203516865802e-01
7.414318951616265252e-02
-3.915836687275529027e-01
-1.854632359471758696e-01
-1.902403143834889843e-01
7.275284845144138757e-01
-2.209844844551049348e-01
-3.844159793145833781e-01
3.458660145560894517e-01
2.107970607792422901e-01
8.910753521305521119e-01
-3.633803797796405499e-01
3.251942768234478698e-01
8.114110249967988464e-01
3.070592000380227282e-01
-6.471835949931548093e-01
3.878376836798024807e-01
-4.989923500825037550e-01
-2.535747972906292058e-01
-2.153756361280427523e-01
-1.102135156690560031e-01
-3.689643780499975989e-01
-5.435148765708978091e-01
-3.887632385371475041e-01
4.577103684920849069e-01
1.002378221923765578e+00
-1.791081214124568000e-01
-2.064641997428232761e-02
4.760932563186972555e-01
-7.830522186888620381e-03
-6.307951304668579784e-01
-1.503192872483869458e-01
2.058767898342844793e-02
2.657570213855556807e-01
1.121312147620411037e-01
2.096579305874000654e-01
-3.719135223512320954e-01
-4.939559756805554369e-01
-9.123716845546052390e-02
4.105218187571044175e-01
1.333686389703736264e-01
2.672203899398429422e-02
-2.470020206596955925e-01
4.734885645023553802e-02
-7.015955804380845651e-01
3.564155447792635156e-01
-2.597981652179389700e-01
7.654230209614947267e-01
