-1.832422816587320202e-01
-2.552236780520052983e-01
5.242235623227026187e-02
2.784303152788368818e-01
-1.778644658097687792e-01
-3.126864013727350886e-03
1.744715840361802661e-01
2.464077108785755477e-01
2.225134054370376535e-01
-7.509357755492328534e-01
4.924824244793558625e-01
2.145635726042524616e-01
5.804490469714145284e-01
-2.399707794374373870e-01
-2.135919412818254592e-01
-3.882152421751321469e-01
2.967190224013742661e-01
3.811723135692872133e-01
-3.854082366185668240e-01
-2.883157273266971909e-01
6.681850018274432257e-01
2.197178700186670428e-02
3.987375666916638806e-01
5.115477868020164021e-01
4.576827492483573900e-01
1.705998042726999953e-01
-2.703815931085409852e-01
-2.456758601099812700e-01
9.361177180791331598e-02
5.593700203136789950e-01
-2.302544032740280050e-02
-5.657825426988605938e-02
-1.595113755716429937e-01
-3.130958215184918847e-02
-3.530710576017979108e-01
-4.308085270774653086e-02
6.641970012493363107e-02
1.818109509435157367e-01
-1.544286159652266954e-01
-5.124403970880363479e-01
-4.079049185914658815e-01
8.036698357589775465e-01
7.626655117406791473e-02
1.136135278066822824e-01
2.987464985560787656e-01
-4.590686431298682812e-01
7.364976037255174246e-01
-4.801976353272870146e-02
3.614113543827082720e-01
2.788055174042017997e-03
-3.852982040795789875e-01
-1.142071010291008659e-01
-3.045763540135545400e-01
-1.296907400253260179e-01
7.149305369705223623e-02
-4.169817448230618284e-01
-6.166113854364742020e-01
3.288224443237970362e-01
-2.920785939647239648e-01
2.779454706062127745e-01
4.494837178176459558e-01
-1.155955487988002073e+00
2.135606397518005906e-01
-2.314408563171678757e-01
-5.135424880718411078e-01
-1.314153599000563999e-01
6.925976046498172334e-01
3.820857487910932493e-01
3.552293840997727131e-02
-4.289212372820584429e-01
1.745993474020060554e-01
-2.494637833408992755e-01
-2.021590860253759114e-01
2.134586421740131412e-01
-6.453321839050965014e-01
1.438191854870906061e-01
-2.380500924509202365e-01
-7.163570869657016615e-01
-1.312288432697829021e-01
-4.207330745914480974e-01
-2.253753607993574659e-01
-4.566177777076065314e-01
2.855033198393735483e-01
-3.840555549042741768e-01
1.319999902822054788e-02
-2.744879058223701485e-01
-2.280875580626622046e-01
1.230764783830171592e-02
-2.850916542041745938e-01
-6.126359202870759191e-01
7.271923248827842912e-01
3.488640483417732030e-02
1.817733253949951333e-01
-3.108981646189278858e-01
9.501907391564755334e-02
-1.009186646476544630e-03
-1.539690347496846523e-01
1.270118536019567423e-01
9.495480128516593787e-03
9.818635651388581131e-02
1.157229455241430283e-01
-1.069497053083338783e-01
-7.918704910068766756e-01
-5.858806501904347819e-01
4.324203316328908420e-01
5.351570590997770625e-03
-8.210778031484686212e-02
6.669219147814384185e-02
3.963148781759796013e-01
-2.281866132350096887e-01
5.473391579719903977e-01
1.984855185491231078e-01
-1.280501179330056083e-01
7.017771536221767414e-02
9.843993340747569931e-02
5.473591520009390976e-01
-2.650292482431953478e-01
5.187153757161100387e-01
4.709037939812621421e-02
-1.934048870670718456e-01
-1.338682359129021726e-01
-3.505982897676918064e-01
-6.913351252422211476e-03
-3.814233363586020387e-01
5.991215485260908968e-02
-4.706763962044575034e-01
3.427843531653169684e-01
-1.684900378624171191e-01
2.989716978842480999e-01
-4.916192955534544606e-01
8.610009228663512149e-02
3.135429456537532911e-01
-1.407977179506964271e-01
3.824509262911307550e-01
1.737943043213479102e-02
-3.734116112811531885e-01
-1.524287242107036922e-01
2.333740021286410948e-01
2.347823693445002524e-01
2.875300078919451607e-01
-3.522250531242949734e-01
2.580746937689193388e-02
-5.212707986743876365e-01
-2.081046786894164558e-01
-1.528411219816941946e-01
9.597758907505460346e-02
4.737205110330591218e-01
8.342424914223663945e-01
2.498122148919816876e-01
5.289936850734530682e-02
1.310707639857726925e-01
2.061504359701014227e-02
-8.078235106898590256e-02
2.679702087287298001e-02
-2.997638221565425698e-01
-8.928669351785177566e-02
-4.504913682720984025e-01
-7.127098628103732680e-02
-6.816982597610250771e-02
1.068149393696464083e-01
1.673598177629185280e-01
5.433989578941326171e-01
-8.797722137122274688e-01
-1.377724729566084938e-01
1.908337177794591777e-01
6.530842698388161782e-02
-1.605517661819385600e-01
1.112555579312733078e+00
-5.251332393897912842e-01
2.631350347362105269e-01
-3.663565688699677581e-01
-6.392575363841942471e-01
2.893047180955332642e-01
3.340856821698472978e-01
-6.470846230832438817e-01
1.150213050090441724e+00
5.756896189474096648e-01
-5.262265526019601625e-01
-4.554245887255065073e-01
1.396417615217258046e-01
2.562661462323872485e-01
1.511136156011686493e-01
3.425934958272681130e-01
-4.409919363741617304e-01
2.999231915516520353e-01
1.969212076150282931e-01
-6.007984946180181668e-02
-3.020555360435296308e-02
-2.954289156867951904e-01
-3.666927274241035262e-01
3.898473881095264049e-01
-8.703369282579390132e-02
2.585001629620041763e-01
-5.645130860216885926e-01
3.432379458067605360e-01
-5.472866359742908360e-01
-2.591348009073338732e-01
-1.308352659788741379e+00
2.832518129620286151e-01
4.831552561273280699e-01
1.296113428542893242e-01
-4.383522553457865345e-01
-3.808173265342419678e-02
-3.620352711907784959e-01
-5.233181433217195394e-02
-4.366676415271575906e-01
1.137730740109511168e-01
-1.665328738864295111e-01
-8.493943495923017561e-02
2.362337467535046420e-01
3.618630610606631270e-01
3.736483721060920304e-01
4.330655740063921177e-02
1.458534000703603888e-02
3.363472886397933515e-01
5.348760550690133675e-01
5.010076504367597106e-02
5.897806166419760493e-02
6.369214757107498626e-01
9.592326650597977900e-02
-2.722135317277860622e-01
1.537445399883979602e-01
-6.686260570998949770e-01
7.356298243295236738e-02
1.601416216835385153e-01
9.020252015111656085e-01
4.278380127679935058e-02
-3.906044467959413624e-01
3.800220301745180912e-02
-4.893096627463922044e-02
9.353931157979890332e-02
-9.404991678251294063e-02
4.846896802575224039e-01
4.100479469707775382e-02
-2.716081257501948287e-01
-3.889489310356523677e-01
-2.721008617061504431e-01
9.088859213704335305e-02
3.762971373826871080e-01
3.104756525989579852e-01
7.380838089565269766e-02
-1.105788242986274761e-02
1.459862263175035549e-02
-1.362693577042376702e+00
-2.519582094182044041e-01
3.542980252013426257e-01
2.040300917048883944e-01
5.075284499682561901e-01
-2.930018520580018881e-01
4.465955823221144372e-01
5.587627845718821096e-01
-5.400392248197000145e-01
-4.825597543500542708e-01
-3.295966694486024418e-01
-3.053616471926501319e-01
3.679214162475934469e-01
5.112375726549460708e-01
-3.306228345078294356e-02
6.904771787967757257e-01
8.495900784011153895e-02
3.512985808860439874e-01
4.632813713994980431e-01
7.098290748566493669e-01
-3.969391028452035619e-01
8.540156957005749089e-04
-4.362740473058191459e-01
1.093677652853832227e-01
2.042519578573262495e-01
3.180690658214141431e-01
-6.146815283554549758e-01
4.569740798408977733e-01
1.088784508116344085e+00
2.927894135988659552e-01
-1.295217091860305647e-01
-8.682699528350591445e-01
-1.674035003953112666e-01
6.603824735935331924e-02
-4.452638159657242717e-02
7.101935248199417461e-02
-2.962678282922773798e-01
-2.173631421128779384e-01
3.678924111745301984e-01
-4.304847111903949974e-01
-9.802856652701499862e-02
-8.888157824156353581e-02
-9.724541411071664365e-01
-2.456292568073425997e-01
-7.745601612393190338e-01
-1.985541881433146652e-02
-2.439115562920981251e-01
-2.204033361966900584e-01
2.801323234436081666e-01
-2.088210400769908714e-01
-1.927562708725809315e-01
-7.291234354786559901e-01
-5.150987759705515368e-01
-7.267378784138957271e-02
-6.749054164404215406e-02
2.429621304608799159e-01
-6.995647443788557962e-02
-1.443751924262003106e-01
2.731421345667069817e-02
3.342789327586002113e-01
2.525004924671545581e-01
-3.937411218376152267e-01
4.004108096944341555e-01
-4.717130098065746013e-01
-2.199251863183375455e-02
-5.333616665367382215e-01
-3.110551026185320866e-01
-3.984753000932210187e-01
1.488458145639893204e-01
2.750085309969331204e-01
1.677884005498374853e-01
-2.332158694834614021e-01
-4.610485432200486233e-01
1.823280823474359158e-01
1.110509866428172759e-01
7.550877047878630510e-02
2.999468508712307968e-01
-1.135368641343922208e-01
5.957046414393692979e-01
-5.135791476362568941e-01
-3.729979329338804495e-01
3.329121310851695936e-01
4.757486308497466121e-01
-3.015428166464664272e-01
-1.013995189958465659e-01
3.199054840380338716e-01
3.180114263735000363e-03
-1.161034918335251825e-01
6.389969110034192656e-01
-7.534929776371955545e-02
-4.182801567697475575e-01
-8.701951651754078476e-01
-2.055194335526114857e-01
2.868147230563806160e-01
9.219294051416673796e-02
2.222292985029813150e-01
1.731700390140862023e-01
-2.681712999369724737e-01
-5.338840530609855195e-01
1.148866960505799811e-01
-2.205991222402727547e-01
5.319513789663193881e-02
-1.245320869525949892e-01
-5.755008473396823199e-01
3.979335021606348471e-02
3.804062727479647910e-01
1.603768290003883823e-01
-4.019747955411406282e-01
-4.351292994173029394e-01
-2.479706856518174851e-01
5.404206046308341893e-01
6.660317721629028798e-01
-2.929052339994611120e-01
-1.465502671774240595e-01
-1.008890496209967624e-01
3.163239430994714829e-01
-2.648233116558237898e-01
2.212383916385630422e-01
-5.576130005758286323e-01
4.171221566300326034e-01
1.535696722998736337e-02
-9.225648253750570182e-01
-3.288337394653714219e-01
-9.436139157939474331e-02
-1.023416370807542913e-01
-2.001768077921027011e-01
-1.387642476918097556e-01
3.853141776175795785e-01
3.277727938285813214e-01
-5.915275382009428651e-02
-1.610340995751748938e-01
2.202462741191793250e-01
-3.643438686693620254e-01
1.007998494289928521e-01
-2.307834591323508489e-01
2.895507293162040419e-02
-2.055335458940855675e-01
2.552253360932758564e-01
1.382753975138386882e-01
-3.496220029917583849e-01
7.521016459047578095e-01
1.164627903494719896e-01
3.849567520301056534e-01
1.133201228460698762e-01
-1.902680710760891458e-01
-9.593263387020147803e-01
1.932931898233870571e-01
1.196361966486264861e-01
-4.982210707206324307e-01
1.924967001682960088e-01
-3.764786621975049763e-01
-4.184443253773128535e-01
-3.436428431012443774e-01
7.028980566114190198e-01
2.636071111192667682e-01
3.418966136499463904e-01
5.962119834514267858e-02
1.479057184715688034e-01
5.555274537306159610e-01
2.368596211864522350e-01
6.009038214288596469e-02
-4.647657013737698795e-01
8.758600454745109343e-02
-4.231188820364263914e-01
3.956103556784276720e-01
7.677181796910809153e-01
2.436617268803195069e-01
3.701068209913213058e-01
4.904606269741386415e-02
-5.543920551676374125e-02
-4.869537926513287651e-01
-3.406391625479072149e-01
1.762000819292189324e-01
1.124897795611900786e-01
8.434163330787709523e-01
-4.311569877368675585e-01
1.859465484760054466e-01
2.523570189653355222e-01
-3.356605532287421645e-01
1.745033169703080200e-01
-2.748661852578331288e-01
-3.996372242710749534e-01
-4.616539756968790487e-01
1.029416083106868621e-03
7.437376619894624508e-01
-4.234568824727313885e-01
-2.140863551097081929e-01
-6.463831928401761462e-02
1.193605048549292169e+00
-2.006498508971442385e-01
7.057521027047064001e-03
-9.073419111007159643e-02
1.209825401716607685e-02
9.821567061087664585e-02
-2.623520376494609119e-01
-6.269161746778581512e-02
-4.033248637944006898e-01
2.743354624919825402e-01
-6.211668118924487114e-01
4.908244065325159111e-01
-3.720083831539485186e-01
6.932839303385331942e-01
2.481074877806852819e-01
-1.069402809644118685e-01
-2.810387214818367840e-01
2.520486095590872000e-01
-2.891084576445334120e-01
6.335502529799031946e-01
-1.738630421881188493e-01
1.567148704343661325e-01
5.827918241921292708e-02
3.365742079942286025e-01
-3.623247817693199258e-01
4.124111622205077210e-01
8.215078911485765994e-03
-3.581069870526437104e-01
2.035076019623160704e-01
3.573886330049123039e-01
1.139157090573466868e-01
7.281630114983342339e-02
-5.275842618868829825e-02
1.880858168830514265e-01
-1.708305871806867771e-01
-4.448906294624866420e-01
-3.611974586906812612e-01
-1.630944710399279962e-01
-4.772446533900195909e-01
5.584665018613696463e-02
-1.316720480790393444e-01
2.247307845930272274e-01
-2.721270055680883315e-01
9.113158674135110049e-01
1.144186502669205963e+00
-1.283542626766008277e-01
4.783098672886574448e-02
1.441565327730701118e-01
-4.277335598317181242e-01
-8.052591415168197653e-01
4.896613203103646061e-02
2.009303123273201430e-01
-9.812971053031197544e-01
4.375944164966341088e-01
-1.740904669434301111e-01
-2.094556087125136190e-01
5.253299992275745067e-01
7.492286606924958292e-01
1.983249370163280012e-02
-2.519498092541765932e-01
-1.056804397776008458e-01
4.574557023360403263e-01
-3.839002515816243855e-01
-1.626450266604020090e-01
-6.113758848590512551e-01
1.128397506564732256e-01
1.047795828144294950e+00
2.040113986940400026e-01
-1.210929882857464113e-01
-6.463138095839765507e-01
2.542165816193027728e-01
-4.012818492707178608e-01
-2.486883636566548650e-01
-2.664844512791863518e-01
-4.597389979968649065e-01
-4.416013872492514092e-01
1.869900153860342903e-02
6.283798221736816569e-02
-1.633338979531940571e-01
-2.734254593776311304e-01
3.036804335320327231e-01
2.984205422370582728e-01
-1.522839821852721709e-01
8.727781099299848355e-01
2.310636648119550607e-01
-6.241311337863645337e-01
-1.057245172687281687e-01
2.376652720517369310e-01
-3.307716044866884642e-01
-3.371662711254212463e-01
-3.239832985972343482e-01
1.156004682066879702e-01
2.045449811548598687e-02
7.249033186638609294e-02
9.609043857711863090e-02
-2.188038894735580553e-02
-9.888676808876439850e-02
-4.868132087292271204e-01
-6.348696176144204006e-01
-7.728949188623041033e-01
-9.486525161236412929e-02
1.084671771310329880e-01
1.974657738106211646e-01
-4.641379830913526794e-01
-4.197513934131296698e-01
-4.795239245195609401e-01
-3.828390148790883907e-01
3.246588586676811272e-01
-5.187929557422387150e-01
5.049003767960585920e-01
4.596057844055547181e-01
5.765928793539364383e-01
4.342712133903663813e-02
6.799408290419768630e-02
-9.658861422486851589e-02
-1.134144290505660346e-01
1.373420960750874609e-01
1.074865495772494434e-01
3.833010081495560883e-01
3.496368454636442635e-01
-6.800401431944753938e-02
-1.307968137353603955e-01
1.160951951248426761e+00
-8.845411742685123369e-02
-2.924132665308949441e-01
-6.209477955050168863e-01
-6.956275344099763780e-01
4.075394850050219064e-01
-2.532585102081651995e-01
1.070167844271293633e-01
-8.219456773941999916e-01
-1.546495189071314946e-01
3.044596123291710144e-01
-2.829461550084449648e-02
-3.583245947074390481e-01
-2.094038513003007307e-01
5.442295434453270353e-02
2.366349277949552840e-02
-7.434466397066655796e-01
3.964687109555876665e-01
3.360356400140354083e-01
-4.065343897736797829e-02
1.958465283008762464e-02
-7.631390897713642707e-02
-4.088607388098410844e-01
-9.931061136956794572e-03
5.680370591221992060e-02
4.947347297572953773e-01
6.706892369849013491e-01
2.755958728086231324e-01
3.521230565740200991e-01
-2.030037306639971562e-01
1.459996745470703294e-01
8.334209546871890195e-02
1.731289956735448943e-01
1.840747746623542236e-01
-2.576070165693497005e-01
-9.766598761720077237e-02
-3.205108820399960590e-01
-1.057672776062268810e-01
1.348925060576423307e-01
-1.357147979863037313e-01
-3.584915514693663430e-01
6.829696777851045342e-01
-4.778354888414156759e-02
5.682483274916123595e-01
-1.705307336577078781e-01
-1.123460273831429490e-01
1.858919519100092066e-01
1.084643950484077829e-01
1.982165499876919756e-01
4.089175966944461754e-02
-7.348321422133116676e-02
2.692701382086392647e-01
-6.684643301329601384e-01
1.963910259691708238e-01
1.932911877087416519e-01
5.873973603944656480e-02
-1.022428787362760078e-01
-2.687078284913196335e-01
4.833537455940876970e-02
-5.125366887213904654e-01
1.372495604974662275e-01
-1.641172340587161160e-01
5.191392797188115749e-01
1.075565218494462794e-01
2.855286841500598860e-01
4.286146944975685602e-01
-2.646437203180365336e-02
-1.223474555056619922e-01
-4.070423046090996394e-02
-7.402215958252245098e-01
6.960246052970119057e-02
1.366536881517783908e-01
3.762358082520150804e-01
1.394061243132813099e-01
-4.316640416110043010e-01
-1.387023651246693801e-01
-1.937033967808397816e-01
7.334435866322259745e-01
-2.413527028357477233e-01
-3.919938205034753098e-01
3.643344613086061390e-01
2.079551274642547076e-01
8.087831053296311579e-01
-3.708628890531530109e-01
2.955290408316599282e-01
7.982333082146724212e-01
3.008180945083716584e-01
-6.486617295696860408e-01
3.699391464566998411e-01
-5.104867361900872202e-01
-2.683532773659426107e-01
-1.959477712233964608e-01
-4.459860225644553255e-02
-3.265790544307091148e-01
-5.422099457905400488e-01
-4.671652861331195838e-01
3.804177254027739652e-01
1.006614502298682545e+00
-2.256445946293598737e-01
-1.875371229496818060e-02
4.951127142308348605e-01
1.791891906358571498e-02
-6.211706778997980738e-01
-2.118102977914679830e-01
2.133387144786031732e-03
2.970269049017012497e-01
1.224972108732618886e-01
2.014146355545385902e-01
-2.645148215862802021e-01
-4.953143789187504087e-01
-5.812393998485227559e-02
4.066396600726380761e-01
1.172702787287353277e-01
3.667163417118152885e-02
-2.690416287308177723e-01
4.103470742404717597e-02
-6.871996158392649212e-01
3.913034644503750603e-01
-3.348168635009967642e-01
7.477663858539833619e-01
