-3.345217567278021553e-01
-4.043052348953996011e-01
2.127317754136756056e-01
2.635365708906908244e-01
-1.566196479463745905e-01
-5.576084406044646835e-01
1.919245493253478041e-01
2.649171170292005106e-01
-1.928901532508812688e-01
-1.021614286983626219e+00
5.613511684332442853e-01
6.537491107420974057e-01
5.136122658708559552e-01
-5.588431554674312407e-01
-4.236974044765420278e-01
7.937619020450700225e-01
4.470236357221747392e-01
3.474965687744472342e-01
-4.763953381688945665e-01
-1.031640347118792933e+00
-3.322921869081726376e-01
-2.439307304337209603e-01
5.878851423053200742e-01
2.331111797479421543e-01
4.021619313617015301e-01
2.149934070195391456e-01
-8.527012824385385437e-02
-4.998586508365898684e-01
2.721092410311122881e-02
4.735314183376950758e-01
7.854668297923333986e-02
-2.040746208957847085e-03
1.886888744023922093e-02
-2.108548184904039113e-01
-2.559717957267554911e-01
6.602149596346290616e-02
2.908043180606313949e-01
-1.377960450230665546e-01
-1.916187598498595435e-01
-4.092155519743780889e-01
1.450250290554818466e+00
6.993982058831013093e-01
4.067912375761850163e-01
5.483475983475188942e-02
3.316928007457515815e-01
-4.577139542143805473e-01
1.270548411129994948e+00
-5.129661743136865182e-02
3.467659552288324676e-01
-1.331231735301575958e-01
-4.421027967445918527e-01
-7.181250366043262501e-02
-3.365131553421955024e-01
-9.792270281301874990e-02
4.580173490619476873e-01
-5.011772432912602326e-01
-4.505011452398586802e-01
5.564438685414281327e-01
-1.470132493019652431e-01
1.984996191850656733e-01
4.512792992850126472e-01
-1.043796127047798006e+00
2.588411742330138932e-01
-1.199029082452721107e-01
-4.710276028811656857e-01
7.620349411160826092e-03
3.608356748061224417e-01
5.672932265366943672e-02
2.868818517748381591e-01
-3.398359284255663137e-01
5.873175695975016986e-01
-3.486441115270450530e-01
-5.305726968535317001e-01
2.555870228674398392e-01
-6.087322233226508672e-01
-8.672558453157373781e-02
-3.007593768781817167e-01
-1.091786053789792321e+00
1.894114661789083470e-02
-5.636093449949226564e-01
-8.736137529486685815e-02
-8.821901903734610251e-01
8.494803843916672037e-02
-2.893889643790489297e-01
5.669049284201090055e-02
-2.248723859954009363e-01
-2.712304010987234282e-01
3.330046203134355842e-01
-1.140330230851416271e-01
-7.138674934326736388e-01
9.256553815319182865e-01
2.688233568965560094e-01
4.630839978834916382e-01
-2.510511944628417424e-01
1.856774966705538321e-01
3.710345583736812669e-01
-1.229124354223674193e-01
4.982407031060179931e-02
4.122456924938838752e-01
-6.653674573740702147e-01
-3.408977011444101757e-02
-7.383712618253263082e-02
-1.330442901741719641e+00
-5.633637818936720887e-01
3.381271472367282094e-01
1.705293238390811483e-01
-8.425256085346916057e-03
-4.866994674900332329e-02
2.248186627933867476e-01
-5.658856277492501086e-01
7.132545445821164565e-01
2.868165817577544852e-01
-7.215053679845451207e-02
2.076936168012708805e-01
2.041142501449606517e-01
4.368016020193135063e-01
-1.910808153921561559e-01
4.816984737817145423e-02
-7.617664112590341041e-01
-7.709645732319053701e-02
-2.843882344676760265e-01
-3.085282354548123940e-01
9.535102568658668232e-02
-1.793594352410184944e-01
-2.846991769964114447e-02
-6.060236641656731038e-01
5.567618012623900547e-01
-9.675064191540283520e-02
3.167186309043710790e-01
-9.468865050045233156e-01
2.902340896829448402e-01
-7.068910398204045209e-02
-1.783589921158319769e-01
3.402540546712885527e-01
-3.367416469580874483e-01
-1.204210493114686864e-01
-1.041186041687540031e+00
2.272335843806878031e-01
-1.653814918765119657e-01
2.281149470759793907e+00
-8.210576282987434027e-01
-6.272412832072138400e-03
2.392173291428449644e-01
1.256196675392645679e-02
-2.779422247962008430e-01
-2.264143440475155089e-01
9.039161250667659964e-01
9.497661799910092073e-01
2.144089087058369814e-01
1.925196983781548854e-01
2.413159451788851606e-01
2.045554291447250761e-01
-1.998269900504816635e-02
4.443885796390340676e-02
-2.466695632552260709e-01
2.168548278156172404e-02
-3.567136798743169579e-01
1.582819026970369580e-01
-4.519527833094409419e-01
3.009320998364330979e-01
2.084578007441607039e-01
3.505125647216792983e-01
-8.327793695754340808e-01
-5.894456060773779066e-02
1.584970061378702111e-01
1.877981479251065455e-01
-1.888843096430686264e-01
5.481276547192233117e-01
-5.058417112033706253e-01
3.618434831054287981e-01
-2.201401614764316450e-01
-6.858224062330545712e-01
6.983989623982844730e-01
2.000696170381585093e-01
-7.272472889484530301e-01
1.046201036710545651e+00
5.796044156465157693e-01
-4.453044933275640549e-01
-4.473682119491695364e-01
2.465696650749064633e-01
5.367852519198741679e-02
1.213403241939310789e-01
2.386454224306166216e-01
-3.533735036494233261e-01
4.129234053213792777e-01
1.497123869004028940e-01
-1.136674932461164550e-01
1.848396004543117477e-01
-4.768931399061210330e-02
2.006416558404337802e-01
4.830813134806960507e-02
-3.034152980511086728e-01
3.558094533339110077e-01
-4.244741999917994724e-01
3.907860058834711769e-01
-7.873440939297944308e-01
2.313190160209571689e-01
-1.194766601610966594e+00
2.606470349117121499e-01
2.400071432047926889e-01
-4.841791325638336585e-02
-9.966692860335957249e-02
6.467995128099283120e-01
-4.982300929214080187e-01
-2.206134423258608868e-01
-3.035719101529658626e-01
1.731208938638396089e-01
-2.377517454532876162e-01
-1.540114729288570294e-01
3.380702925780964541e-01
3.188968400089198241e-01
-3.298321051572580820e-02
1.999040383448009717e-01
4.074241843880424541e-02
6.181783897348961387e-01
3.881195191986143156e-01
1.278123116638621992e-01
1.179884578377233817e-01
8.486236673433016353e-01
8.099081705144847709e-02
4.343080450229991341e-03
-1.740017947635745521e-02
-5.156156008106712596e-01
-1.866283006563324576e-01
2.745585390268066028e-01
1.175104328311732393e-02
8.864255101539467163e-02
-6.297103617703598832e-01
-5.585235826973353745e-01
1.937318960528832679e-01
1.374701743596226100e-01
-1.394088112340377550e-02
6.104914347803656050e-01
1.322435203074954768e-01
-2.654594999354479290e-01
-4.928208199817198376e-01
-1.450806237463649895e-01
-2.578460915528643649e-02
6.857880870356540814e-01
2.741462338613619432e-01
-6.143779069340940535e-02
-4.084276654519963801e-02
1.684207468054137458e+00
-8.108540402628665600e-01
-3.208231484851613580e-01
3.396976896249142008e-01
-2.191314491605844961e-01
7.350150138529152333e-01
-1.631924770650495793e-01
2.881984480441036611e-01
5.936977367037644671e-01
-2.944080742047998078e-01
-2.663853756566782471e-01
-2.520840835506835687e-01
-4.743593367471258260e-01
-1.673456945474666724e-01
3.470192415976132150e-01
-1.321585797136696494e-01
1.636722673518849480e-01
2.696997979801571965e-01
3.250281642547797611e-01
5.259994008515452846e-01
7.897659722788051839e-01
-2.417692401449432205e-01
5.470834244536679214e-02
-4.764405065051043886e-01
-4.752439387430906770e-02
1.824316740783422375e-01
1.174289792385034420e-01
-3.497816822625064992e-01
5.398990168871404816e-01
1.243153266491118014e+00
8.913808255362047905e-01
-2.939674856569477468e-01
-9.318173617671353659e-01
5.991539289969978199e-01
-1.178634037357671471e-01
7.228353296343913159e-02
2.208409606577778073e-01
-3.590725273055579980e-01
5.657746274097796846e-02
5.096144897750191083e-01
-2.899884022471662659e-01
-4.896616965650604086e-02
3.887912656702317143e-02
7.268036735181704344e-02
-7.127047061066247302e-01
-8.472972803843625833e-01
-7.189411440142240428e-02
-2.428956493878886291e-01
-1.957207897321795176e-01
5.398287284586996693e-01
3.951097034780186590e-01
-2.545548150076485383e-01
-6.575905638237062867e-01
-7.982050494768724302e-01
2.459917726752323119e-01
-4.017709389312326129e-01
-5.812691632608184555e-01
-2.298443660486486073e-01
-1.758658667708570822e-01
4.850214277266331475e-01
3.456272158273321349e-01
2.866285468768764444e-01
-2.446793670437432122e-01
3.584866582725311779e-01
-9.050815247464543134e-01
5.770067585501276186e-03
-5.406069311463649468e-03
-1.191883240511792730e+00
-5.202083351036541625e-01
1.816651874265786670e-01
4.203577196647760306e-01
8.088744271055625656e-02
-1.057823295015184739e-01
-4.064948407755632487e-01
1.079949778949709782e-01
1.587210149803018056e-01
-4.348516471610955336e-02
6.121419919971287094e-01
1.806126453657245223e-01
5.600979169306199434e-01
-6.139948689900014411e-01
-4.152951014330046042e-02
3.656862150391226862e-01
4.649362098237696528e-01
-3.985799806683443247e-01
-2.532617848398840410e-01
3.100482806091389154e-01
-2.330176116454040769e-01
9.204073264219359007e-02
1.259206230896477985e+00
-1.427468646837992128e-01
-3.733074761180898427e-01
-1.000148191185682434e+00
-2.889774174019865693e-01
9.554435255273451000e-02
3.809651916306938668e-02
4.032706348420240783e-01
1.453120821459483181e-01
-3.222645615596712032e-01
-7.158425169708313440e-01
1.231627682914880340e-01
-1.553306036778437371e-01
5.733915803873003147e-01
-2.772786588318355561e-01
-4.414280640475282680e-01
-1.562453258839658354e-01
3.204334615615034298e-01
-5.535286027649632956e-03
-4.536855392753095240e-01
-4.850362754070976501e-01
-1.565424407372957849e-01
6.261859424604308000e-01
1.261085957838140592e-01
-1.273388292049922432e+00
-2.425769214232940951e-02
-5.309969757683492830e-02
2.963636660447553917e-01
-2.317081594413226975e-01
1.843218452427892451e-01
-6.369660208556634506e-01
5.304870141750821499e-01
2.157078845708117476e-01
-6.803041661507462923e-01
-2.894657146232310074e-01
1.122417007212967111e+00
-7.860570091809326865e-02
5.566392963789123377e-02
-2.596759556688025827e-01
3.542005378003417748e-01
4.456095040252374129e-01
4.014819772661453734e-01
-3.579347265241734632e-01
-2.228287872658696323e-02
-3.418652982525012263e-01
1.970605013732854571e-01
-3.094031431105753738e-01
1.340906100980135407e-02
-5.874891494029398364e-01
1.588998006002140251e-01
4.612897981420120003e-02
-2.990021991844987737e-01
3.558414051871737760e-01
2.116454115519312285e-01
-4.254044842556816697e-01
2.553601013032512634e-01
-3.774102543950285105e-01
-8.099850455818700112e-01
2.431842026757541353e-01
-7.537829101471290594e-01
-8.091425284711222243e-01
1.878446138727239423e-01
-5.935798970474017722e-01
-3.063837154033111632e-01
-2.325558670709210185e-02
5.210133674762295053e-01
2.287446113885114596e-01
3.329528966421221314e-01
1.267317509022408417e-01
2.379108617323542618e-01
3.759521642773278605e-01
6.450388978101618820e-01
-1.339990844072465326e-02
-4.083042285586770959e-01
2.754033309510027228e-01
-3.400360223662001191e-01
2.898298252579836198e-01
8.552142725223559339e-01
3.172953284193887336e-01
-1.825136223066445296e-01
3.127215710200335896e-02
7.612276632761082185e-02
-3.698732734611936412e-01
-4.019631330810922720e-01
3.742963344420896510e-01
-6.886713565404827264e-01
9.764031984589882640e-01
-4.370187256533728526e-01
1.532603411782618719e-01
-2.872685355841523291e-01
-1.093608796844607739e-01
1.090847272557812636e-01
-4.245489322008516586e-01
-7.581538712848533423e-01
-4.167192080079419325e-01
-1.607560264751486390e-01
3.177244592794390421e-01
-3.913272710314967817e-01
-2.590399976879113053e-01
-2.386115958289470457e-02
7.717894687961196487e-01
-2.573454502754611573e-02
-2.469596876989367529e-02
1.159642416162160600e-01
1.089086864497532114e-03
2.481847444316343243e-01
4.843344438095092963e-02
-6.450969579063453585e-02
-2.622967386952497759e-01
-1.708950216301532432e-01
-2.950734529266600403e-01
6.768983765165199618e-01
-4.508442125994517879e-01
4.881282665511855190e-01
-5.739265487354289208e-03
-8.433655187262886765e-02
-1.837317224170499919e-01
6.782017243078547475e-02
-1.964014364044904259e-01
4.796961409358495576e-01
-2.487107831134298119e-01
7.275778959097624343e-02
1.480905014286524046e-01
1.787001733279577342e-01
-1.000669833079949944e+00
2.805223122909338840e-01
-5.615559802223395180e-02
-3.055090244628078655e-01
2.358869706919813347e-01
4.509019908406624588e-01
-1.010910152284568847e-01
2.188612955438261065e-01
-1.057759923160275367e-01
-7.165188420347941289e-02
-3.609461813699381127e-01
-7.780407349848084131e-02
5.238264816656679201e-02
-3.108704689283871003e-01
-3.709055406349973105e-01
2.154960024793013407e-01
-1.040993151084608215e-01
1.688723736012918281e-02
-2.612214403227868242e-01
1.010306255304949108e+00
1.506964351439874950e+00
-2.045890838620081920e-02
-8.566222331317905475e-03
7.125620930386916685e-02
-3.816940091489920417e-02
-7.329066797887041629e-01
9.731979780845105565e-02
2.724971242438803953e-01
-3.678715180272629226e-02
5.733384626101963866e-01
1.872659838486189776e-01
-1.815404296618687852e-01
4.067569991383522265e-01
7.941319528086433488e-01
1.150026107517032742e-01
2.972587863331856151e-03
-2.017263593164673741e-01
8.233467205937762268e-01
-6.011672721627751015e-01
-7.154569661025850236e-02
-6.651232365797374868e-01
2.621849996901203794e-01
7.544350700626533124e-01
2.964337534738193947e-01
1.382113780775910683e-01
-6.392243975689024804e-01
2.009686169805191824e-01
-8.343230997672901328e-01
-2.977284145580952335e-01
2.933695623477473591e-01
-4.073237650118994857e-01
-4.537757905201180164e-01
1.216790822774424519e-02
4.936414624137488993e-02
1.292227318184857587e-01
-3.126092105833250256e-01
2.931271439823991409e-01
3.449351745914607248e-01
-2.773695691540402075e-01
6.913008170834228361e-01
2.066065390284225756e-01
1.030042973731958855e-01
9.369736159886030147e-02
1.402990057685149505e-01
-4.287027395826094600e-01
-3.312516640927476996e-01
8.366764373602647575e-02
-4.181343964734882124e-02
-2.218183970025113805e-01
2.852916812233480259e-02
1.953080354611393121e-01
-1.239485734167768693e-01
-1.611766503433030018e-01
-3.723343441409840415e-01
1.962914596814357426e-01
-7.698774878090499652e-01
-9.654453161322164301e-02
1.667869351356880692e-01
2.885047663509255900e-01
-7.265280233569355595e-01
-2.347009497704427017e-01
-4.508731276880540983e-01
-3.338478658976495872e-01
2.883976307341157286e-01
-4.497711060649036141e-01
3.011854763160490278e-01
-4.337625997661911925e-02
5.111879295232454323e-01
-7.016153319004214683e-02
1.428513824245170594e-01
-4.796201642587482605e-01
-2.345094341915643366e-01
4.796441664270952726e-03
2.133820111366685479e-02
7.041988041497985185e-01
-3.591568312100498761e-02
-2.143237566171835723e-02
4.557460415862700509e-02
1.811053534297150103e+00
-1.997789287857552054e-01
-2.772390082039832837e-01
-5.732865463850151944e-01
-7.445055470946083664e-01
4.267576652665768799e-01
-1.250924053109026546e-01
-1.989264761113143098e-01
-5.877109541012950356e-01
-4.177665737545543378e-01
8.050012974391107523e-02
-4.009313119877533915e-01
-2.807925813540841364e-01
2.713194465757535756e-01
-9.846006627704819575e-03
-2.387338633550300029e-02
-4.806071467188858248e-01
4.225766667199626347e-01
2.673289524425396246e-01
5.420905196594294484e-01
-7.439601976102153125e-02
9.436958440973963747e-02
-5.785880632142287316e-01
9.825533761643021058e-02
-3.643641368348782272e-02
7.737766580744001033e-01
1.141486637518445590e+00
1.227998841603840097e-01
2.636876729108727502e-01
-3.454865520304223891e-01
-2.308943709173799652e-02
1.768637953129655327e-01
1.459215919494045721e-01
2.327228110596512300e-01
-3.365004009118223449e-02
9.460108273455659911e-02
-1.517515285061171171e-01
-3.888415208530254241e-01
1.494844163440512130e-01
4.298786750282158897e-02
-6.337470698818048476e-01
5.251271421222275526e-01
-1.501525610672299338e-01
-2.310446661579174665e-01
-3.752392533031332911e-01
1.079740144695134491e-01
2.088457157101542838e-01
7.549832564588737638e-02
-2.327373464963777838e-02
-2.541180975861138253e-02
2.292234052763916785e-01
4.182780488229795868e-01
-6.813169130064613555e-01
3.293463094176057315e-01
1.924118574878933841e-01
6.186168190610868978e-01
1.354280330694985768e-01
-2.525286847401298496e-01
-5.475847778799213667e-02
-8.733485948128636434e-01
3.950717746073022230e-02
-1.470211802819082758e-01
3.956408920005310970e-01
1.728944205542887191e-01
-1.549686793068494051e-01
1.401515586325000340e-01
-1.798820158719368345e-01
-2.195234578581146956e-01
3.131677939942886096e-02
-1.109730813964316498e+00
-9.891313829432036853e-01
9.887784138869537554e-02
5.883991617372441585e-02
1.532357052202517333e-01
-8.301272558538452806e-01
-1.576093526190251171e-01
-1.668641127709294680e-01
7.023597334849753793e-01
-4.473576273525418645e-01
-3.344719575126771094e-01
3.252646780919826952e+00
1.732536683257151489e-01
1.003567070074235845e+00
-5.526335692368598007e-01
2.914562667924123773e-01
1.631972401939230100e-01
8.545306229339463266e-01
-7.257494412298922670e-01
4.024799219176161680e-01
-6.041997502904894457e-01
-3.488533794598436821e-01
-2.485649300685848218e-01
2.460185866761701451e-02
-1.397699653470952097e-01
-9.560341941567566115e-01
-3.830292248234219016e-02
3.570931389702319825e-01
1.128616395118017701e+00
-2.639186043317455765e-01
-9.885425456378320319e-02
-2.914485199643134794e-01
7.518126994597146284e-02
-1.213573831839502626e+00
7.051213638302616937e-01
5.355201767833767806e-02
4.744272923526469676e-01
5.322388659058996385e-01
4.628340463928959925e-01
-1.521621437082375738e+00
-3.769027148503367175e-01
-1.273010006046180476e-01
3.640473949899299400e-01
2.301301166793291442e-01
-5.308411249637893375e-02
-2.727758036792372609e-01
8.982442954420953585e-02
-9.194583375434057793e-01
4.343733111416333004e-01
-2.650204378570857888e-01
6.888515449410410607e-01
