-1.926515667986593849e-01
-2.554267789146845713e-01
-3.759537438022429734e-02
2.704568770065335359e-01
-2.230555411134553800e-01
-1.001990105980635343e-01
1.846123722516519183e-01
3.542842625174389970e-01
2.590458799385862987e-01
-7.449261961181410374e-01
6.128415983099503306e-01
1.707308741780266814e-03
6.295871501701387762e-01
-4.007080191465367536e-01
-2.463144861376821426e-01
-3.953763693194146667e-01
3.087576706357478273e-01
3.799768131576425345e-01
-3.998533147379682573e-01
-2.614921544716655166e-01
6.098267349391123249e-01
-5.841101145383331000e-02
4.312625709453333234e-01
4.200347903740854205e-01
4.375176108035199740e-01
8.762690896132627194e-02
-2.664175362313298545e-01
-1.105828614276134908e-01
8.236538988397518191e-02
5.963030658090551217e-01
-3.326952392438877609e-02
-3.962721598709391391e-02
-1.848402006752916105e-01
-3.033870788511343342e-02
-4.548478571552271310e-01
1.187191148645644345e-02
-9.404811986861438822e-05
1.120601308155113607e-01
-1.381418923044397118e-01
-4.283241368545407934e-01
2.451343770061731320e-01
7.396377580841861921e-01
-3.238699820915511007e-02
1.148162541228735789e-01
3.171643722245875430e-01
-4.380962215451134067e-01
7.569025971806361275e-01
-9.867901353658850572e-02
3.554382227226091095e-01
9.713639029670491365e-03
-4.216844444920165302e-01
-2.041485724510751915e-02
-3.315825673825898434e-01
-1.074198571948982439e-01
-2.463406335453216522e-02
-3.919092851097598640e-01
-6.206386388604313575e-01
3.592964650972250151e-01
-2.507507455708611888e-01
2.003753662497520238e-01
4.678676655543190233e-01
-8.651710836461349308e-01
2.165331994219362177e-01
-1.139997149892886807e-01
-5.985971377354479817e-01
-1.537576221188334813e-01
6.859150050690494549e-01
3.290585733525775991e-01
-7.267194525372236424e-02
-4.296646015918806905e-01
1.143267714127719492e-01
-2.245305782335176026e-01
-1.557866029894098836e-01
2.170900878956335822e-01
-6.518656142531430442e-01
1.614993569031141774e-01
-2.683732329193355137e-01
-5.984377963278109114e-01
-1.889867349007315345e-01
-3.648361412910223200e-01
-2.190446293409056000e-01
-4.788679655802438595e-01
3.834133922759817570e-01
-2.970844218530552250e-01
-5.272206854683296473e-02
-1.346644376546822508e-01
-2.118012489427065215e-01
-2.312915128787351900e-03
-3.302027771597629835e-01
-6.798294004334413110e-01
8.073874268277244637e-01
-3.624367553320358148e-03
1.984905209060217057e-01
-2.210057680712418371e-01
1.300888316704386649e-01
-2.451014367126751192e-02
-1.703138958541936809e-01
1.141184984239983075e-01
2.554749253273020937e-01
7.204788996297147030e-02
9.397491279466055336e-02
-5.066042013337486438e-02
-7.622245477181524009e-01
-4.962398854810555759e-01
3.626160389028876274e-01
-1.737128815853606484e-02
-8.852703551168303320e-02
6.245452453439347823e-02
4.061385904624250642e-01
-2.105076315099811690e-01
3.714243212072470546e-01
1.986409681905347002e-01
-5.579777101781102644e-02
1.398734107522042747e-02
7.931470653710238905e-02
5.962690450203114167e-01
-3.163162422667628038e-01
5.569854130820588445e-01
5.197415039820733884e-03
-2.227980930948914862e-01
-1.405995527162932079e-01
-3.513744371389037613e-01
2.079893901778768692e-02
-3.811489233044761948e-01
5.473761833442224861e-02
-5.081085589199036967e-01
1.180310308170774425e-01
-1.975448630753878221e-01
3.187359723044181359e-01
-5.053140425744698794e-01
8.326894646326804539e-02
3.285425026402277737e-01
-1.870482998427540067e-01
3.948568272139368340e-01
-9.443604990705087299e-02
-3.933423030171053769e-01
-6.633918434387163776e-01
2.374735210299390165e-01
3.083936745125284151e-01
2.504329760237539726e-01
-4.392968537331769507e-01
-2.180890476798071076e-03
-3.466683068506931642e-02
-1.477654129130275829e-01
-1.498462489259115848e-01
6.067086838092509288e-02
2.872864061465904562e-01
7.945711936442130252e-01
2.100079072642898337e-01
1.232189222609404028e-02
1.414515559714976389e-01
2.324776803221582575e-02
-8.051634104281574222e-02
3.275257690604302385e-02
-3.177795569535082354e-01
-8.718657992414463598e-02
-5.130497670396849674e-01
-8.278220963303953295e-02
-4.300998659561794391e-02
1.433154670968898869e-01
1.614500903048455560e-01
5.631069653345268655e-01
-8.664868064471129561e-01
-1.268425284398105313e-01
1.836946247398143217e-01
3.433985704784310589e-02
-1.708599682755964910e-01
1.030219728946625724e+00
-4.808452477495570032e-01
2.721249320840763986e-01
-4.141171757724234070e-01
-7.209802846640046559e-01
2.554140195757086951e-01
3.473106218974822412e-01
-6.537512662548115028e-01
1.105276847240059368e+00
5.386301253457275173e-01
-6.263310582481018685e-01
-5.679262986127515678e-01
2.265557160571613771e-01
2.518550993918604597e-01
1.501295624685635710e-01
3.250261095187409466e-01
-4.700514403078814296e-01
1.631375532861875643e-01
2.176790185714632397e-01
-9.525141498063707801e-02
1.075001071722469503e-01
-3.264079900917283839e-01
-3.994147572604734853e-01
2.894859259083031877e-01
-2.552856514842284652e-02
2.651854790096529468e-01
-5.870412689999141564e-01
3.554795403717391777e-01
-5.059882755517389752e-01
-2.224175652751967103e-01
-1.329142675094010073e+00
2.684053037444523726e-01
3.484216315471998504e-01
1.586075163575161873e-01
-4.209050835545700142e-01
2.561290496847751230e-01
-3.744264758039323460e-01
-1.246059016635870514e-01
-1.717563759680518776e-01
2.211434263901847497e-01
-1.686782473650948466e-01
-7.396227618464171205e-02
2.157387182731001773e-01
3.577328688572843363e-01
3.572256441673691274e-01
2.798593066602571983e-02
8.821848713043284329e-03
4.173561234107495688e-01
-2.224986234808358498e-02
7.891843614359823900e-02
4.339483483924439639e-02
6.520672022678114521e-01
2.073180359476005374e-01
-2.771300250014462896e-01
1.402869631702094444e-01
-6.413912289947810708e-01
-1.286493975777791565e-03
1.093009398337328464e-01
5.021710559899470461e-01
7.022078968173608993e-02
-4.409828782989483331e-01
1.433169202761441080e-02
3.189466073300253890e-02
-5.764359067269776704e-02
-7.335444672107420405e-02
4.714550542029389280e-01
4.016166541235179077e-02
-2.709185285138588362e-01
-4.213850720787018500e-01
-2.994438048572435895e-01
5.204038226646869048e-02
3.892159583891173225e-01
3.249728631977144011e-01
2.939949210236565691e-02
7.413761374462947244e-03
8.832740369065505970e-02
-1.950428142746742921e+00
-2.408761067189866267e-01
3.497653297703613440e-01
2.395131233072609334e-01
5.264597558044177283e-01
-2.648515978110624336e-01
5.133417149644096122e-01
5.552370913639548267e-01
-2.403585430147894553e-01
-5.171748863412884978e-01
-3.089940307784729834e-01
-2.535928704040009696e-01
3.785741824624977991e-01
6.464891698352748239e-01
-6.972467340754602561e-02
7.518806105423385677e-01
9.668453156070537513e-02
3.674904081324926741e-01
5.182919944077019059e-01
7.357896304172798496e-01
-3.838405875844932424e-01
-1.973817559605888644e-02
-5.964039168739891927e-01
1.034151651664063365e-01
2.649639088823046995e-01
2.183314162497878019e-01
-5.868594252361790664e-01
4.311564922644596232e-01
1.075820274400041798e+00
2.606180581664002127e-01
-1.196540953001361818e-01
-8.143788454860979575e-01
-1.527008371208061766e-01
1.286058465159380659e-01
-3.484346176553909658e-02
9.576174493041200719e-02
-2.669450997210546794e-01
-1.175693037417971515e-01
1.142725351082178875e-01
-4.202977577519018126e-01
-9.162505707537188515e-02
-5.867042771974795984e-02
-9.706101626194924004e-01
-2.308453170032470914e-01
-8.066349815016384817e-01
-3.130825064149556775e-02
-2.219466982689355661e-01
-2.201088648094117750e-01
2.363060111579819433e-01
-1.896142769729366184e-01
-1.867081110453252257e-01
-7.153598921240432729e-01
-3.135990282556873066e-01
6.031236177296512846e-01
-1.235555027617999124e-01
3.858674298309301975e-01
-1.037573958627093090e-01
-1.455263573255501097e-01
1.061548462864397857e-02
3.252405425025983177e-01
2.233291252019279360e-01
-3.616775278132264293e-01
4.457287158687847084e-01
-5.437154645981050471e-01
-4.379034476507953633e-02
-4.814298852112144367e-01
-3.533755206873847587e-01
-3.969438072767070835e-01
1.473512475735311023e-01
2.905003241942585301e-01
2.163009904311930520e-01
-2.357321954310669931e-01
-4.894495706838444815e-01
1.688898445725603714e-01
8.504538351452065048e-02
1.117587652280496446e-01
3.682392686398952009e-01
-5.181561781653870602e-02
6.379314937007530828e-01
-3.756161517832647956e-01
-4.476620785966953786e-01
3.315229659708667231e-01
5.345796134085816220e-01
-3.304599426533397777e-01
-1.975478934144535015e-01
3.359628586179704834e-01
-5.796273666678643938e-02
-8.680385053846598198e-02
6.604488669086766572e-01
-6.764340936510764013e-02
-4.252439320558635827e-01
-9.822590663224405327e-01
-2.935462939995806542e-01
2.725872593478009809e-01
1.278334746007772638e-01
2.053143191481283381e-01
1.697617459272843798e-01
-3.190341997564664633e-01
-5.757402955650507970e-01
1.736456356041901905e-01
-2.129926792080502618e-01
1.119431022914869206e-01
-1.688208273605230902e-01
-5.526712812157340560e-01
1.126226885699069952e-01
3.624666715252027882e-01
1.656710885477572781e-01
-3.986843029449008702e-01
-4.358298857615947597e-01
-2.577423285387846486e-01
3.243172874731635735e-01
5.960344474312357921e-01
-3.199342981189126633e-01
-1.741846602200167737e-01
-1.162506210508501836e-01
2.851601633633261135e-01
-2.163060404606616804e-01
1.480826500138076041e-01
-5.606021497673179255e-01
3.507900537702848820e-01
8.803619197701961080e-03
-8.094557451120334424e-01
-3.170452764312847727e-01
-1.540151145055425885e-01
-8.821054361586115611e-02
-2.155548933595202166e-01
-1.388272865742555817e-01
2.800913672295220480e-01
3.210059039435787520e-01
-4.968826604255453805e-02
-2.010043073830620752e-01
2.525318553490054629e-01
-3.729718503853526324e-01
1.102446186737438688e-01
-1.179484747526037269e-01
4.158672867219558728e-03
-1.509273019444511976e-01
2.657519453379936225e-01
1.565919237988601109e-01
-3.332041832381656965e-01
6.435785003269065552e-01
1.514224499348274522e-01
3.524479098846649006e-01
9.912047331851925325e-02
-2.490657305231452068e-01
-8.765386228135509938e-01
1.815089765206220340e-01
8.910702761258260107e-02
-4.568050795725542845e-01
1.868154182571865052e-01
-3.977166183759200391e-01
-4.039737018917940459e-01
-4.042020744925516884e-01
7.838497631916998554e-01
2.558245039114013242e-01
3.557971601146326379e-01
4.653173501662982714e-02
1.592685340618139045e-01
4.722239365084642260e-01
2.469501922156726592e-01
4.613515714449228228e-02
-5.125508590231893091e-01
9.562209345765253221e-02
-3.891096060191902017e-01
3.432453876732716180e-01
7.797432861287234562e-01
2.846105312597332349e-01
3.542300992390206016e-01
2.146175027704079474e-02
-6.975034192736345728e-02
-4.737472416146428777e-01
-3.191160051866164249e-01
-1.252908556436743703e-02
3.287402525092693317e-02
8.699832209924611703e-01
-4.284291010732034222e-01
2.224371641289607793e-01
3.216284659409019420e-01
-2.885137910143465989e-01
1.177656431786592572e-01
-2.794408278713003124e-01
-4.945354384027544903e-01
-4.242094313995170562e-01
1.348825287320475769e-02
7.571126444099237629e-01
-4.156146046250525083e-01
-2.052276119067221738e-01
-9.243124196881730148e-02
1.170039002738719525e+00
-6.784200151369018661e-02
6.068847461368487295e-02
-8.356726016367009569e-02
1.135126891238337071e-01
1.414745683076092664e-01
-3.858011870820114986e-01
5.246327666649522325e-03
-4.048938806625943521e-01
3.058290717937618974e-01
-3.260225241008267716e-01
4.745795571422513626e-01
-3.681283558468121941e-01
6.465695778181019815e-01
3.204969188819447035e-01
-1.185199337728451568e-01
-2.784926048826951162e-01
1.490335847498579502e-01
-2.484840618264985979e-01
6.177426522631610517e-01
-1.452452352189380347e-01
1.344096253914258132e-01
5.088393011909096014e-02
3.395433564560978446e-01
-2.729313219292124337e-01
3.983513581981002472e-01
-1.970169044453770960e-02
-3.128319844371598157e-01
2.633626447405491566e-01
3.307378636902423841e-01
1.037925520541040647e-01
2.063399873130688789e-01
-2.838170176334250255e-02
1.959518479883713693e-01
-2.256444483611442786e-01
-4.590257884761250740e-01
-3.290214888278016891e-01
-1.681035642110348116e-01
-3.478552989373806525e-01
1.067637406341664097e-01
-1.030007713540531389e-01
2.405320542159723740e-01
-2.971305627302469610e-01
6.334564716669385254e-01
1.129617975324572088e+00
-1.268077648933980117e-01
2.968772165191374893e-02
1.425818318691922937e-01
-2.894199675143347417e-01
-7.300026101534330403e-01
-9.495876669266972714e-02
2.240927999550487160e-01
-9.867943836849342176e-01
5.353216693310022256e-01
-1.546672572045386940e-01
-1.543316733081334102e-01
4.589430695598585852e-01
8.307017766175145423e-01
2.848169953728249201e-02
-2.374172620112861010e-01
-7.430849523150251379e-02
4.502953966879471581e-01
-4.197546692759389630e-01
-1.487802069670575988e-01
-6.200701181150102270e-01
1.515936989016737346e-01
7.447639124774270147e-01
2.337235489920389264e-01
-9.454547123769417583e-02
-6.811590460900212030e-01
2.469104631583101950e-01
-5.065187649855097396e-01
-2.541265908594767531e-01
-1.888711672393570407e-01
-4.407486757493375706e-01
-4.764360590641001370e-01
4.359386043808181899e-02
6.767086765963326034e-02
-2.387247121515841397e-01
-2.845091395822274549e-01
2.964357872781392955e-01
3.036758982165475018e-01
-1.530004046499464643e-01
8.780836562574945159e-01
2.251090884402859038e-01
-5.858120127510891839e-01
-8.394341987669112770e-02
2.328479636460127900e-01
-3.301565068400177938e-01
-3.045454210858095090e-01
-3.237930744418871520e-01
8.581333238500461758e-02
1.289996014080577874e-02
1.159622345446699593e-01
7.598024763162347650e-02
-2.437190535435959302e-02
-1.764238767955822462e-02
-5.028097013916402735e-01
-6.649033781499181783e-01
-7.813576525800240979e-01
-9.688783945018071553e-02
9.768035243620692976e-02
1.452417227388245191e-01
-4.215105988586188568e-01
-4.402707569175727254e-01
-4.532956464396690754e-01
-2.447308471922677309e-01
2.329889625064131553e-01
-4.599505671267322127e-01
4.791098153790006586e-01
3.597051664153185224e-01
5.533673467122226519e-01
5.581382932934619151e-02
-9.205623169680943185e-02
-8.932557637040237919e-02
-1.192439121943829339e-01
1.321718341587278800e-01
8.822752143305451211e-02
3.915621948968851518e-01
3.910583216212180080e-01
-4.453736755397788571e-02
-4.777658452589281929e-02
1.104049341424664821e+00
-9.814341574395109291e-02
-3.246241617348314956e-01
-5.648793848671660456e-01
-6.777601438028032499e-01
3.609422416306336534e-01
-3.635516728121725993e-01
5.579704302610277028e-02
-8.042944728777290386e-01
-2.428290776982755805e-01
3.112283095371681241e-01
4.912058208587416486e-02
-3.600080928431933502e-01
-2.976980976945689528e-01
3.899606960659578181e-02
2.360002201366988989e-02
-8.993622150461473286e-01
4.122396239414719554e-01
3.573362962700812329e-01
-1.306887847920405743e-02
-5.482454034384515174e-02
1.182125643478277172e-01
-4.878612449662984574e-01
-4.795599251369635913e-02
4.359981851294031374e-02
4.996971733381685432e-01
6.634110999329203562e-01
5.032618949598460789e-01
3.785891397634693067e-01
-1.885704237934670291e-01
4.832445776909771729e-02
1.211267180504493057e-01
2.425783475471297024e-01
1.760072459498981112e-01
-2.550907757051705249e-01
-8.165340218684928597e-02
-3.233941359161223716e-01
-5.945360446321411307e-02
1.164307180437750416e-01
-1.384715500700772484e-01
-3.105719510765065361e-01
6.432286120057281176e-01
-4.894118838638436553e-02
3.437406200374517051e-01
-1.640922895510776025e-01
-1.046820647138324983e-01
1.665462489021264370e-01
1.194759018616441265e-01
1.623197952062920280e-01
5.383410037530086262e-02
-1.109965148439882726e-01
2.757149156911065102e-01
-6.518416744324436740e-01
2.041610399970078260e-01
1.732209341388381840e-01
1.346701443299185008e-01
2.768776832533530186e-02
-1.955522437436479632e-01
3.332432683455784084e-02
-5.444296956339979010e-01
1.600996583908214366e-01
-1.888204514105703835e-01
5.285634151988968243e-01
1.152378681391730830e-01
3.000460870962798898e-01
3.953593205314619996e-01
-7.789043472059203888e-02
-1.283686173180051404e-01
-5.094195813169825893e-02
-7.319019319351182107e-01
1.965764900744036009e-02
7.034981209958990345e-02
3.448142078827197143e-01
3.381163773756037938e-02
-4.955922717003393152e-01
-1.645680979327684701e-01
-1.814198280116042505e-01
7.321200428041704233e-01
-2.151821278899750389e-01
-3.993753748338086385e-01
3.156690587518329316e-01
2.310415529445011273e-01
7.872957213217750549e-01
-2.303158479078827869e-01
2.812050233931494003e-01
5.283528147770708561e-01
2.565993140263705397e-01
-6.630775938787872859e-01
3.985597214957198875e-01
-4.662378863041870547e-01
-2.800920530251499452e-01
-1.843938045561508421e-01
-1.100189670141661245e-03
-3.138252312754030715e-01
-5.244555296620070362e-01
-1.918952132748420469e-01
3.543058108418053465e-01
1.027156002217968433e+00
-2.434680778997079797e-01
-6.396165869294073714e-02
5.754999097951560838e-01
-3.357463465524782031e-02
-6.026952721505101085e-01
-4.644622910184459386e-02
1.796188874454239179e-02
3.100069370755774711e-01
1.025770020745805505e-01
1.710568074557919094e-01
-3.518963744177636133e-01
-6.351987001777419373e-01
-1.761512014339043641e-02
4.254150297188441510e-01
1.145980392286388844e-01
5.987036151581344445e-02
-2.530496236013117239e-01
3.407928495864095964e-02
-6.332170291033689669e-01
3.938237922434173477e-01
-2.962087372244330830e-01
7.702582653254100853e-01
