-1.681551637999693649e-01
6.890121831333415603e-01
1.538192301033353970e-01
2.330803874469152825e-01
-3.207760313018711562e-01
-7.424499406301429683e-02
2.331475263765462880e-01
2.974128625896808598e-01
2.453085823489361550e-01
-7.289884469848639803e-01
3.499526013890835174e-01
4.381709299954240633e-01
6.602589505738475362e-01
-7.293262603112404818e-01
-2.298068571622767786e-01
-2.457146343297322844e-01
2.336841137430687443e-01
4.887235664264331647e-01
-4.359888998195130538e-01
-4.426053647771994171e-01
7.099168343208599463e-01
1.330079124407259061e-01
2.723508649844684215e-01
5.810159961676558682e-01
5.216876529821279362e-01
2.424551693939586694e-01
-2.661055060259042149e-01
-3.033601027983707232e-01
-1.384197282974825860e-01
5.333669608727531486e-01
-9.228646352189964763e-02
-2.316705897163803124e-02
-8.900082610223369883e-02
-3.005668594159363605e-03
-3.431405969944498757e-01
-6.160559604760720148e-02
7.107718060221433765e-02
4.465236874283610158e-01
-1.834943935202534848e-01
-6.172233315441596480e-01
-2.303520371258112487e+00
9.136955374847971489e-01
1.109863947255331218e-01
2.200651073954399406e-01
2.862987797312571692e-01
-3.403168890263456037e-01
8.405836386390136417e-01
-4.852629586345900969e-02
4.590706860037018777e-01
-8.677787557267783308e-03
-3.602216833660353279e-01
-2.688930562447539030e-03
-2.318876436359368909e-01
-1.592651146526722905e-01
1.419077875410969802e-01
-4.208064567506085152e-01
-6.228404910755355184e-01
2.761709188463862819e-01
-3.819196220506519412e-01
3.018814198095548518e-01
3.707989702515399055e-01
-1.097303910586526321e+00
2.473894105515512254e-01
-3.496489156351255123e-01
-4.847983846043193434e-01
-2.484347171477494232e-01
7.144806564802734794e-01
4.600463320069100304e-01
2.277392178342980689e-01
-4.414533453094844906e-01
5.909408612762903634e-02
-2.127292076131916676e-01
-2.161402794026659469e-01
4.708624416456242967e-01
-6.690167778397227982e-01
1.004305881967155062e-01
-1.403724899090053324e-01
-8.741442404570101132e-01
2.156013913239496205e-03
-3.788510565039621691e-01
-3.427246912914517218e-01
-4.810213134205813534e-01
2.627237335645257188e-01
-2.941134739460208314e-01
4.227126982313218068e-03
-1.794616539559987789e-01
-2.126601246904011866e-01
1.443983389634573566e-01
-3.153897254992778509e-01
-1.170643830203964009e-01
7.889978008370689411e-01
4.784080055794016906e-02
1.327028785220821239e-01
-2.317041159751961343e-01
1.315863304904136277e-01
-8.136356320853384283e-02
-1.486892132316028348e-02
1.699297440273828952e-01
1.761394232719860897e-01
1.580112206930768259e-01
1.681496038955402894e-01
-2.036685713257692654e-01
-9.223345357006176304e-01
-7.370555288768986246e-01
3.527771483680973152e-01
-2.866845910439057982e-02
-3.036679672961920678e-02
5.594463723125930876e-02
4.854207870770154698e-01
-2.420469138297863254e-01
8.168432981635203038e-01
1.797514745183953488e-01
1.715519529532050225e-02
1.554299737975842477e-01
8.842671573954613562e-02
5.867757884019773051e-01
-3.044035581595881945e-01
4.962059265089694970e-01
4.215509761074560241e-02
-4.392271640844570835e-02
-1.748514086335070383e-01
-4.690652835317669633e-01
-5.161526778568056167e-02
-2.775540136027362381e-01
1.026631043274943700e-01
-5.041833287045071055e-01
2.605300166022836428e-01
-1.461019673395962670e-01
3.127566486117013267e-01
-5.384696724871554929e-01
1.500686351800795959e-01
2.623981244923396794e-01
-1.659544555581023983e-01
3.457725119504784228e-01
-1.568028961359534956e-01
-3.952996502165124215e-01
-4.688210903867684465e-01
2.148817201448675884e-01
3.778439583903779875e-01
2.693315547049379144e-01
-2.975309423030137457e-01
-4.997874735256438439e-04
-8.155348462774791862e-01
-1.553500349126012980e-01
-2.996430672880616153e-01
7.222713601644763226e-02
6.063675964660439899e-01
7.969045713065227021e-01
2.808322312966282097e-01
1.221802214979934853e-01
1.699051582946509709e-01
6.338599937524157235e-02
-5.597543682764542089e-02
-9.151960985118426286e-04
-3.558419614895534377e-01
-1.148352905598334084e-01
-4.614614108571676865e-01
-3.955304585523495425e-02
-7.519153718566659594e-02
1.391612578825716651e-01
1.555085796382223162e-01
5.299355147553892476e-01
-8.944510809518078087e-01
-8.785311474668899834e-02
1.680327141103304944e-01
1.343789892268052455e-01
-2.519799324270736163e-01
5.024340013550215867e-01
-4.282958522402979806e-01
3.695402668271977609e-01
-2.705302970086421177e-01
-7.031436693562098661e-01
3.174837217251148536e-01
3.169774928300396755e-01
-4.712486746666858517e-01
1.298435586340989545e+00
5.328058712532169894e-01
-6.148166124881994099e-01
-6.992173147662288368e-01
8.031059797168949022e-02
2.808257080798348682e-01
1.023697277421983659e-01
3.827308198444021037e-01
-3.532932078833976863e-01
3.327808592221171424e-01
1.758127643791888572e-01
-9.193786946323452558e-02
3.441008811217472624e-02
-3.592051833325851096e-01
-3.883801569157616651e-01
4.336108954811401794e-01
-1.314985924565939823e-01
2.754720312908842672e-01
-4.691594039502928193e-01
3.058342254938268834e-01
-5.320510784403398308e-01
-3.065912370510829321e-01
-1.462436990991301977e+00
2.482587697181979358e-01
3.710577454878613013e-01
2.121862043736730263e-02
-4.635365398018540528e-01
1.918405258267365243e-01
-3.884817420527139076e-01
9.153016801303730243e-02
-2.868451713832452787e-01
1.619423329390800026e-01
-1.423220744719155828e-01
-1.173185805718527097e-01
2.908084914274850497e-01
3.286064716191015589e-01
3.546123389734214815e-01
1.490870624569724523e-01
4.467352505265566320e-02
3.805903160611631142e-01
-4.444632049477736935e-02
1.204620660915983327e-01
2.283216916202824437e-02
4.304346336980883758e-01
1.283895419423887740e-01
-2.623400123448065835e-01
1.789990957419767548e-01
-9.877327534647495355e-01
-4.224931003958110748e-02
1.054464925244194967e-01
6.824806478021469003e-01
2.270673167610478757e-02
-3.805338553465973384e-01
3.094363128584206798e-02
2.476733322917527846e-02
2.533306320363492015e-01
-1.376828746892800326e-01
4.664726770682235957e-01
1.276001649672375664e-02
-2.881224035558775931e-01
-3.547845333165681736e-01
-2.889847747100710018e-01
1.074440650664714447e-01
4.243802284514241463e-01
3.910611299417616205e-01
1.178623168477898470e-02
-8.679055504181448517e-04
-1.142812531970013451e-01
-9.696955316598054875e-01
-3.329166166712847486e-01
3.422510891435721070e-01
2.161015587743895794e-01
5.606935109461442801e-01
-2.240800593432999421e-01
4.346656606816253210e-01
5.855973586900510286e-01
-7.398745747992040434e-01
-3.023712131410388748e-01
-3.357792129944552895e-01
-4.092537058076761713e-01
3.641873005544973840e-01
4.055382645193623126e-01
2.908447098317200677e-02
8.967067978114431348e-01
1.010422659032514936e-01
3.333612988012304990e-01
4.213523753206198652e-01
6.977327953404250938e-01
-6.264195406599580851e-01
1.376563746319705087e-02
-4.525412673226148486e-01
1.346150225046564668e-03
-3.466490022128718151e-03
2.839275554638552856e-01
-5.163153491109776505e-01
4.503164517941785627e-01
9.951564668010156600e-01
2.021655916865664759e-01
-9.136616352505952388e-02
-1.130501089490342226e+00
-1.843741558044430517e-01
1.893162098038062013e-02
-1.332458573505864927e-02
7.901873029949324501e-02
-3.118343940621076671e-01
-1.725713434644606248e-01
8.292274536752903824e-01
-5.002407844476247645e-01
-1.480752343594075315e-01
-2.652414573078207272e-01
-9.458390249980491715e-01
-2.351089462562184484e-01
-7.971792894653667583e-01
5.784616544490005924e-02
-2.246642239288045573e-01
-2.301295280672303045e-01
5.856371342425815696e-01
-2.180400982686376832e-01
-8.352392452139342782e-02
-7.698455301148942054e-01
-3.932235490596719396e-01
-6.741513370246979275e-02
5.430001338736081817e-02
3.341075149907519748e-01
-1.125457626309021159e-01
-1.047890499887928484e-01
5.595952907396434944e-02
4.664563587261322253e-01
2.496835479580390149e-01
-4.510742195436842072e-01
3.470698746960638736e-01
-5.288396025197602546e-01
-6.758027457736390242e-02
-4.311314178225844063e-01
-3.150547902828753077e-01
-3.901464409228587726e-01
1.670153283666375166e-01
2.600247261804831123e-01
1.334185232017724987e-01
-1.375397280863317750e-01
-4.223950742789202017e-01
1.838204125539323608e-01
5.362905185422518067e-02
-1.392404953305271739e-02
1.954750042570540525e-01
-2.825664002779620931e-01
6.751931046865496944e-01
-1.469094913771943900e-01
-3.591848460691205447e-01
3.026444136824806286e-01
5.239768035060470286e-01
-3.543929901239589730e-01
-2.716785878867150617e-01
3.496619973527448910e-01
2.434538419874263115e-02
-1.658528263667055913e-01
5.661969623353113601e-01
-1.316925673504230898e-01
-3.985604474277508746e-01
-8.076396499024092179e-01
-1.754551080127576268e-01
2.634372595166287745e-01
2.411644514742081469e-01
1.894129317800095080e-01
2.588725593421601912e-01
-3.219580912148300444e-01
-6.085293741323766215e-01
2.582603691473311924e-02
-1.767582709624478110e-02
2.235803770138971858e-01
-1.028381510396651766e-01
-1.034241995832864358e+00
1.426509088961084026e-01
4.332124969836667061e-01
2.838624353670888834e-01
-3.952992683048031641e-01
-4.375250464143934925e-01
-2.931168366808035719e-01
2.800039761881845668e-01
9.474717362370159712e-01
-2.613187916422869406e-01
-1.543954374285681219e-01
-1.033486401106889357e-01
3.356993952586609375e-01
-2.686686562699725500e-01
2.360328269929160006e-01
-5.157572546857129847e-01
3.019859882771731563e-01
1.286965483836161050e-01
-1.591244841732621040e+00
-4.014871491166093209e-01
-1.642755045572834305e-01
-4.333514693848315030e-02
-3.310165655649535132e-01
-1.055614826249429844e-01
5.850067104205236568e-01
3.220340379361986693e-01
-8.016909141189632049e-02
-1.328648840822598265e-01
2.298785265368858688e-01
-2.987644800746898643e-01
3.128772891115361166e-01
-2.098189735374118292e-01
-5.374863763393697771e-03
-2.316921171833101201e-01
2.630234103015073321e-01
-5.355854598309470194e-02
-4.278288978152722244e-01
5.907730719843939937e-01
-3.206413888410183932e-02
3.816191072455846212e-01
-5.089318036653842081e-03
-2.720106796091416035e-01
-9.005225490484977113e-01
3.004931496696195969e-01
1.251125903577771925e-01
-4.923694452820230882e-01
2.015689800479259497e-01
-4.673773497396468968e-01
-4.126569955821060010e-01
-3.854262848233379612e-01
5.778817631857693371e-01
2.755571377735682170e-01
3.405027408630671992e-01
5.241639300043603178e-02
2.911539444239173990e-01
6.755449704792672039e-01
-1.738418510660534599e-01
7.883764411277018047e-02
-4.277990982045323798e-01
8.463875214379870671e-02
-3.792792196759405265e-01
3.885176317429746007e-01
7.483480946314636784e-01
2.339732742149599198e-01
3.602097431697260377e-01
1.173470642402546921e-01
1.202458993032643197e-01
-4.689450944196965065e-01
-3.221666287200593559e-01
2.048784256466089082e-01
3.936834933755301719e-02
7.691355500257384126e-01
-4.672056737613105581e-01
1.772737064556982323e-01
1.803364588171567640e-01
-3.579195328269797471e-01
2.501561878977749953e-01
-2.603172630170016988e-01
-4.396481629162296567e-01
-5.774593831997102411e-01
-8.322216857602673934e-02
5.374066579039692426e-01
-4.195008014108476679e-01
-1.917257198742961799e-01
-9.172784834892143413e-02
1.477523043403473846e+00
-2.881306758361047438e-01
-6.563632376381542399e-02
-6.142169221196896317e-02
1.131496446438686881e-01
1.800257165321330344e-01
-2.078140558330771881e-01
-1.860713765643289830e-01
-4.177823846534358121e-01
1.963549189202381251e-01
-4.814376592901307150e-01
4.840614503540817681e-01
-3.326650410251789647e-01
5.861071528298232858e-01
1.876910485224173586e-01
-1.044492313322850086e-01
-2.299658373526534960e-01
2.139741902730267764e-01
-3.418337531240380200e-01
7.121699751851390259e-01
-2.011391876307199456e-01
1.887842223494014537e-01
1.611530840871534531e-01
4.242187643900988125e-01
-2.821479735533861111e-01
4.350486665096972017e-01
-2.389556435233301801e-03
-3.662374699294353997e-01
2.230867024886802885e-01
4.339472736419725529e-01
2.037008564120937337e-01
2.628187999016134979e-01
-6.187842783541850494e-02
2.424057322707105500e-01
-2.185550034176474976e-01
-4.138723787849772351e-01
-3.894285191910428767e-01
-1.839593751767208407e-01
-5.629945565517373574e-01
2.359204242295331183e-02
-1.450049526625237228e-01
2.125275881359141583e-01
-2.030873109598801685e-01
1.270633334697318428e+00
1.135209957248808132e+00
-1.649972160794088982e-01
1.285359957827540422e-01
1.210808955363873313e-01
-5.771067542467398503e-01
-7.095142837746168940e-01
-7.747209980198654922e-01
1.800965731971978512e-01
-7.544292425972620730e-01
4.323016007151032070e-01
-2.111927855936329701e-01
-4.317778855092402335e-01
5.662386925773588153e-01
5.047765293071770909e-01
-3.841409424477689599e-04
-2.970176117427308915e-01
4.743063368531619250e-02
4.130176870767026109e-01
-4.133883840766081064e-01
-1.783472324478375115e-01
-6.220138442600351425e-01
6.980344000314819830e-02
1.207969279185787004e+00
1.923148531233760117e-01
-2.759737063824243414e-02
-6.193246094826180270e-01
3.003767218779361814e-01
-2.804607951412017020e-01
-2.764113724335095501e-01
-1.846038343355323186e-01
-5.469107774046384485e-01
-2.730810899652593715e-01
2.846103703181689787e-02
6.971649653765385479e-02
4.751777956466947395e-02
-2.612570469406177431e-01
2.080039855480744215e-01
2.836867053778416858e-01
-1.486283652219671514e-01
1.055465616799655004e+00
2.388299942736846482e-01
-5.941433978439872865e-01
-3.495244037583670194e-01
2.344444547846515348e-01
-3.769365626485071674e-01
-3.173513553590861513e-01
-3.937368158909823612e-01
9.885711193687594933e-02
-3.222774452398341483e-02
6.122795764723962253e-02
5.709700723605215522e-02
1.773222882089800154e-02
-2.945028361527830540e-01
-4.851887847705719237e-01
-6.826593331502353035e-01
-8.236664746824753358e-01
-1.015210372846053616e-01
1.219337272298440661e-01
1.303538444774021143e-01
-4.748022240567344454e-01
-3.082726224579926400e-01
-5.648913353180136099e-01
-5.053262557562214763e-01
3.482198039989323757e-01
-5.532779670614468293e-01
5.308197325864874028e-01
5.198029419285425945e-01
5.795681564392598517e-01
1.078446621157038293e-01
6.696309364139084452e-02
-5.700268089241164460e-02
-1.233688191088971042e-01
2.727062681846779690e-01
6.481780607591923482e-02
4.401957080962611846e-01
2.859212284513676927e-01
-9.882957067476977331e-02
-6.233959459126789393e-02
1.019436885271127968e+00
-1.763274440742238769e-01
-2.733056316309696587e-01
-6.670426021324425969e-01
-6.596826224824400287e-01
4.519172234544470701e-01
-4.726266596739912007e-01
2.395460401537194695e-01
-8.309342956925436230e-01
-2.917749758922723036e-01
2.891818037858859269e-01
2.361692622447707224e-02
-2.754846578330119033e-01
-2.022871985314315113e-01
7.395234138205852847e-02
1.730413170027406827e-02
-7.693319371133233719e-01
3.403552889874492671e-01
3.574824206129114113e-01
-2.138638572219130063e-01
9.235667354338480961e-02
-1.917744214551608539e-01
-4.302937606731949138e-01
-2.343274354019341671e-02
6.154547960450252458e-02
6.272726504662049507e-01
6.732030029383331282e-01
4.771896081770911624e-01
2.969293607068594354e-01
-1.280674392220434443e-01
2.767905439269378043e-01
1.240508308689028116e-01
3.859392364775889872e-01
1.698171968432796997e-01
-1.169994124607589697e-01
2.910795326843571701e-02
-3.486280829998367747e-01
-1.141454736080201038e-02
7.032110109008483934e-02
-5.928953473602968649e-02
-2.919027405638849326e-01
8.128169785867978003e-01
1.994952749602744990e-02
3.596167886634362154e-01
-1.305929135993146029e-01
-1.220409425389029218e-01
1.892350351839434675e-01
1.394612337212406683e-01
1.595878252109401152e-01
4.333211451632933836e-02
-1.268810901883691000e-01
1.884251979585707115e-01
-6.963735685711985868e-01
1.390149597589626085e-01
2.079911122693954839e-01
2.765488079601728377e-01
-2.158667811356448918e-01
-2.438067242500592813e-01
9.646865196941971365e-02
-4.199279916711495253e-01
1.785162861565347814e-01
-2.056813592945143931e-01
4.799773690258827274e-01
9.971937988018804433e-02
3.918518370193845857e-01
3.923060786753065354e-01
-2.685396840958998999e-01
-1.238177392370920643e-01
-2.331437401684976346e-02
-6.725933523773609535e-01
-5.736014904951147048e-02
1.897030104873073664e-01
3.663979014216032226e-01
2.598717684575435616e-01
-5.721033654822779146e-01
-1.376827074857692734e-01
-1.954223371931368136e-01
7.532992692522644251e-01
-2.579265451592291369e-01
-3.837225500457296379e-01
4.749266917655885489e-01
2.026425358347399841e-01
7.230498310959508901e-01
-4.806152827606779421e-01
2.324042504472866311e-01
9.496438875350309283e-01
2.818064735079432448e-01
-6.277536475825555851e-01
3.816505361334531221e-01
-4.720804015691085764e-01
-3.362931952344529463e-01
-1.726619973697367805e-01
3.976138658341689391e-02
-1.474528193746691418e-01
-5.252416004014660578e-01
-1.424919053727329299e-01
1.778148873675480524e-01
1.031829413352233660e+00
-2.408677660239315343e-01
8.931374793165807943e-03
4.649305253116002845e-01
2.570142293151097754e-02
-6.786574780304701626e-01
1.080671552473723290e-01
-7.588938668131488263e-02
4.552212144059326615e-01
1.956489139421068724e-01
1.491139886058878150e-01
2.135946114602549351e-01
-4.721462256624555653e-01
-4.657829346046826746e-02
3.970554758291046094e-01
7.096003499758746225e-02
6.342901664173641874e-02
-4.141374447287382021e-01
2.115590285744643750e-02
-5.930116073527382792e-01
4.499055979456884624e-01
-4.640963237083223225e-01
6.725438427821262000e-01
