-1.821481781262832000e-01
-2.151140039617614186e-01
4.800100590293533004e-02
2.631782670885555175e-01
-2.593472725626091990e-01
-3.894198693373866760e-02
1.795134714272645093e-01
2.944229658232074831e-01
2.951453526962740659e-01
-7.540923392487621779e-01
4.554724280591005425e-01
2.099621368328651316e-01
5.760839328490916511e-01
-3.720546496192536634e-01
-2.752246516393877518e-01
-3.968321101109745785e-01
2.713006413679253104e-01
4.145395959132738839e-01
-3.942019175649272289e-01
-3.424454869005137403e-01
6.792297062172960587e-01
9.753602039739074983e-03
3.823274576523195689e-01
4.385935943302106121e-01
4.583710096297454739e-01
1.790763637917807682e-01
-2.634762948992675491e-01
-1.854277386075210698e-01
-1.465396003154098223e-02
5.785553340719221671e-01
-3.804852108157741331e-02
-4.989589398464498726e-02
-1.266705104130216308e-01
-4.299507128391549110e-02
-4.611100611553912154e-01
1.481201422902503340e-02
6.029263570801218775e-02
3.450615876958337824e-02
-1.420046967041309616e-01
-4.840895870342036833e-01
2.021490267917492034e-01
7.626981753091250926e-01
2.715902473375582035e-02
1.141863375620082305e-01
3.186636055167474946e-01
-4.243192441266403492e-01
7.951375948927016379e-01
-7.829869780935666546e-02
3.867776653855631297e-01
9.964926515164698045e-03
-3.756177215207643916e-01
-4.497068342340480862e-02
-3.175761110611316496e-01
-1.314633027207829929e-01
8.017304458717117166e-02
-4.655867076038118224e-01
-6.009349318664333195e-01
3.426728298856132060e-01
-3.061030333594121911e-01
2.240390753699009474e-01
4.566414504094614690e-01
-8.162796949254180756e-01
2.590483560284002063e-01
-1.225454575568746540e-01
-5.505450581753658090e-01
-1.715565073602632884e-01
6.970577516255186401e-01
3.298910785240473653e-01
-2.757062707131427773e-02
-4.492183604933849828e-01
1.471313547953714274e-01
-2.252738916911949385e-01
-1.113777143397420843e-01
1.840570943986543639e-01
-6.539189536358142041e-01
1.280171549516740115e-01
-2.965881976547825039e-01
-7.512090125767086901e-01
-1.548398644752553011e-01
-3.753314842930290385e-01
-2.463864285185938252e-01
-4.628670696532972140e-01
3.115824962200572368e-01
-3.459891159695435703e-01
-5.295094329977123593e-02
-1.837958656834953741e-01
-2.132415912525823520e-01
4.813603840587914184e-02
-3.217276235568038989e-01
-5.558754197401964969e-01
8.097496067067209147e-01
1.146525130678596911e-02
1.600291741934270207e-01
-2.162139882985884276e-01
1.409606116996481029e-01
-6.645757491235944336e-02
-1.350118591988770100e-01
1.363341009705386631e-01
1.511914005610754119e-01
1.019430462386668179e-01
1.032159578611183126e-01
-7.981684391374380128e-02
-7.963225583979945954e-01
-5.743510119228328881e-01
3.808459242158490632e-01
-4.112617395046378604e-02
-8.252988315919324025e-02
6.241364083330104562e-02
4.216662235706835626e-01
-1.608617573504065035e-01
4.096620209637679699e-01
2.188976531723044738e-01
-8.276538428915290735e-02
9.270425349289863892e-02
1.109680419842076216e-01
5.932085312790736920e-01
-3.378115848239163221e-01
5.337618717486334319e-01
2.794110131807743189e-02
-1.878617669905288112e-01
-1.373070419350240490e-01
-3.868261901708265893e-01
5.159513440432953249e-03
-3.747241574326425351e-01
6.244969044890421456e-02
-5.365721141408512640e-01
1.631194374685885629e-01
-1.958788587231061751e-01
3.248680598590053537e-01
-4.896728844642160294e-01
1.055397176955795435e-01
3.571049221967706466e-01
-1.578641764450743334e-01
3.649351114088751902e-01
-1.504516120888531837e-02
-4.410661650517850307e-01
-4.679561780433248996e-01
2.280928818584643802e-01
2.511342732991183047e-01
2.586438590363151491e-01
-4.380148917259417685e-01
3.963960310450305100e-03
-2.420838027020137395e-01
-1.431066903786022970e-01
-1.713451771985401439e-01
8.648576472325107678e-02
3.934399026313846193e-01
8.005618701899077649e-01
2.325833455497375857e-01
3.544646077462314249e-02
1.890961354283661189e-01
2.729671067696919778e-02
-8.980050676101214435e-02
2.020219972073219322e-02
-3.280529058865550573e-01
-9.035256432821581196e-02
-4.984740143457099260e-01
-7.074742414117436706e-02
-8.538200527446643262e-02
1.446897365115213663e-01
1.568237617253163407e-01
5.497815667687282470e-01
-8.788027270971116023e-01
-9.587522198904618875e-02
1.908830203571666995e-01
1.156439814016945455e-01
-1.777651328024776600e-01
9.779280815501349977e-01
-4.605055794773464384e-01
2.817052168495922659e-01
-3.923817062805535771e-01
-6.679330238212156656e-01
2.447485262290818031e-01
3.382606108408516277e-01
-6.342020680055100446e-01
1.092481556622007410e+00
6.020633915108954959e-01
-6.451438099394052328e-01
-6.313155095664800820e-01
1.551768350251337969e-01
2.897220654647295612e-01
1.286171818422336410e-01
3.477684108101470328e-01
-4.301524990905601920e-01
2.385951605817123178e-01
2.160980696660720624e-01
-9.612010345936609912e-02
2.753750021003723569e-01
-3.236214973927172833e-01
-4.042715840499324642e-01
3.123594324035254277e-01
-8.750372328999966864e-02
2.088424389680855198e-01
-5.547225959920408789e-01
3.580118145756341352e-01
-5.019764075518106106e-01
-2.573323699711680956e-01
-1.326423585380812842e+00
2.617606481957712727e-01
3.838698998054432820e-01
1.171029921458703604e-01
-4.505318927090024572e-01
1.773389141576503514e-01
-3.753777613221208065e-01
-8.227753217002410635e-02
-2.025759676880518612e-01
2.042269673093517757e-01
-1.639778443399545482e-01
-6.967910353425267600e-02
2.283609409526741185e-01
3.887948606034721255e-01
3.552033019982485662e-01
5.759500893059420201e-02
-4.676166802078586537e-03
4.238114920428759924e-01
2.142208252766878429e-01
7.712577203474661747e-02
7.950504419699355729e-02
6.432562612276451208e-01
1.760981743012105527e-01
-2.802158942091853011e-01
1.656184208114353795e-01
-7.512910954208971148e-01
-2.241833001366580133e-02
1.188974907729289376e-01
7.376885432777855467e-01
6.363425524778168474e-02
-3.861774100772473184e-01
6.406758899733926496e-03
1.844943403852034730e-02
2.808773570293817551e-02
-2.218161033820067463e-01
4.600921487586432934e-01
2.269634401788716074e-02
-2.653223780432640844e-01
-3.985702084136078516e-01
-3.194077036954376947e-01
7.334174075156339734e-02
4.092160852810092786e-01
3.406347569326673153e-01
7.079498643569799923e-03
-2.449567949603290683e-03
5.663851125975372103e-02
-1.678629974967437599e+00
-2.945040607485678308e-01
3.537480332341731981e-01
2.339955813021268594e-01
5.282437704145531709e-01
-2.527421001351871088e-01
4.620636830153756480e-01
5.889323741537095813e-01
-3.583142860535805663e-01
-4.110940767701130594e-01
-3.159589494738765381e-01
-2.950237954134030671e-01
3.841698384651323073e-01
5.067795756600117496e-01
-3.860310874171117568e-02
6.893088810544666378e-01
1.077065742212735544e-01
3.521650803564417287e-01
5.196362376609058309e-01
7.456338450758785985e-01
-4.469119027247445142e-01
-4.405894050057153344e-03
-4.671677768593855973e-01
1.054280038626763671e-01
2.136879185252804902e-01
3.351372843919848687e-01
-6.001265058208359315e-01
4.905952457434308300e-01
1.035886332790063591e+00
1.923791677212255413e-01
-1.212991469903941244e-01
-8.173408482533026653e-01
-1.679544479660402267e-01
8.877809958780412403e-02
-4.479079858886230586e-02
1.097044179515179463e-01
-2.885336522463700648e-01
-9.927483220467729630e-02
2.330619773711241072e-01
-4.408833845060353140e-01
-1.060900195707588783e-01
-2.304334951461399494e-02
-9.969146994628262926e-01
-2.212828097442790798e-01
-8.162082059422918201e-01
1.576907100996202942e-03
-2.357423245878071671e-01
-2.523536846854206872e-01
3.035595662965681618e-01
-2.045356072422109261e-01
-1.569539272923489437e-01
-7.475596805063113859e-01
-4.070401296452473838e-01
3.441264184547850324e-01
-6.564379719444726757e-02
3.779749475195966490e-01
-5.496020600412376833e-02
-1.483336347843105529e-01
2.934139121466210892e-02
3.021931306315495114e-01
2.300036919204644648e-01
-3.735742971632314280e-01
3.546531025947494142e-01
-5.186344670295893744e-01
-4.056746157694392924e-02
-4.802674266842025808e-01
-3.258970067461975373e-01
-3.903923881303425492e-01
1.379212982373072827e-01
3.042495207230235810e-01
1.778549218647793584e-01
-1.273630467955814971e-01
-4.678957251395380879e-01
1.689198564194422658e-01
8.314044226516181801e-02
5.071800954590605093e-02
2.664281096487559064e-01
-1.145302443165848588e-01
6.468851491353269090e-01
-5.255677273180207054e-01
-4.183272588687972360e-01
3.324418834131873668e-01
5.289774968824157986e-01
-3.245286491328991385e-01
-1.428092008575158056e-01
3.428787335520001589e-01
-3.442813332956655425e-02
-1.094892724503324505e-01
6.454234060939983975e-01
-9.650891798344096717e-02
-4.193791306640791694e-01
-9.595102342678235585e-01
-2.407074920905042381e-01
2.666710519752195085e-01
1.452475091094715121e-01
2.053779542086298093e-01
1.723170310744119860e-01
-2.955127267422352211e-01
-5.755642206720240628e-01
1.605060559532050513e-01
-1.830638892941952589e-01
1.330251653959037550e-01
-1.407024903902019120e-01
-4.937143078531018858e-01
6.345860085319401933e-02
3.782860705808676061e-01
1.792733881686536246e-01
-3.886410086896620597e-01
-4.346900104590505354e-01
-2.633839116360356947e-01
3.948365273128345843e-01
7.013525190352565275e-01
-2.851146652677153948e-01
-1.677808188886072971e-01
-7.914479308784529155e-02
2.797232182072937889e-01
-2.544669907942228582e-01
1.793360962243225609e-01
-5.359558011321056137e-01
3.844211885864026179e-01
3.700588704720775973e-02
-7.842711517531845145e-01
-3.495830837924688295e-01
-1.398821379853701918e-01
-6.637034390519586102e-02
-2.544093214923060509e-01
-1.302304572642018210e-01
2.943769495287045790e-01
3.236583882335710705e-01
-5.537318109829107715e-02
-1.720220506400970684e-01
2.475811588170158950e-01
-3.394063992544186226e-01
1.102574077781789674e-01
-1.315843903427449113e-01
2.518445159626017064e-03
-1.435325233541416279e-01
2.501429906070121167e-01
1.219374094710837381e-01
-3.632548303732766048e-01
6.964341465494086059e-01
1.442237470555393086e-01
3.644308140175400723e-01
9.632161706625376463e-02
-2.497806865282838074e-01
-7.359384281828696972e-01
2.205093088643369226e-01
7.702471773875307903e-02
-4.515507504006471273e-01
1.972221003119561944e-01
-3.919641962453156991e-01
-4.069571150394127312e-01
-4.365762224128689750e-01
7.424244855415935707e-01
2.537038252768806790e-01
3.550739556449125645e-01
2.941690403899145656e-02
1.920482945783145157e-01
5.355342040815004312e-01
2.245160879264465892e-01
6.815100385323985543e-02
-4.747950741775423533e-01
1.115804042933392776e-01
-3.836097581870369644e-01
3.514282571023185087e-01
8.122725935922453511e-01
2.766526834052226991e-01
3.599193019567925034e-01
5.237209609391343251e-02
-3.778178308733671359e-02
-4.671163787882477436e-01
-3.320811513348324584e-01
6.983826519022245938e-02
2.638444977971882155e-02
8.687456816624793410e-01
-4.433115261049626610e-01
2.129591825071466271e-01
2.887985526782507750e-01
-3.082472613649481219e-01
1.155572023499021467e-01
-2.503119525425868686e-01
-4.077665696109635807e-01
-3.958430640051741611e-01
-1.479126275101501353e-02
6.274264259870817595e-01
-4.175141082119155911e-01
-1.979167030930236160e-01
-1.046301100380874621e-01
1.120098897811605765e+00
-1.259309519095143659e-01
2.012792464678395815e-02
-8.922164068784610436e-02
9.049119454118612071e-02
1.335107126836971025e-01
-3.180857659260216685e-01
-1.910998513489405720e-02
-3.744238586240062894e-01
2.736737955065397521e-01
-4.814127586816702165e-01
4.848986402365618176e-01
-3.535104934818285027e-01
6.276625282461449906e-01
2.744881819697559955e-01
-1.162632689534287417e-01
-2.575104418786623994e-01
1.861776198225898737e-01
-2.587747871507827813e-01
6.530116682780595649e-01
-1.635623208687398966e-01
1.649637700549285435e-01
1.452323506529537567e-01
3.604738048590090949e-01
-3.382328538362094350e-01
4.134442410520066669e-01
-1.232556326557113224e-02
-3.224963486913382527e-01
2.381134308175317515e-01
3.086486729591124134e-01
1.402049099782990693e-01
9.579948837233252801e-02
-6.379289010031044538e-02
2.145249518644173903e-01
-2.287493166659425314e-01
-4.429677283732180171e-01
-3.675337698571188860e-01
-1.677845455056225232e-01
-4.292335215038491913e-01
8.333697043328529286e-02
-1.228404655878538032e-01
2.376403464227581086e-01
-2.599477441948432888e-01
6.951889502642506491e-01
1.075584188745237757e+00
-1.265583737183545165e-01
4.393571021457019776e-02
1.500099567721312199e-01
-3.379516441831371676e-01
-6.871460556106786521e-01
-1.424779257068972127e-01
2.131944302177427308e-01
-1.110887042787004342e+00
4.522740145408092327e-01
-1.496616096632072401e-01
-2.041395525338509653e-01
4.530183931105796202e-01
7.929935154622794746e-01
2.148973123813111008e-02
-2.922504449026789297e-01
-5.629882809537251065e-02
4.221533556546633315e-01
-4.087582175741833468e-01
-1.615751350313447965e-01
-6.175473343915401925e-01
2.017846409582055300e-02
9.236710232841143231e-01
2.183322893009662091e-01
-9.546694952764073205e-02
-6.461463904637388955e-01
2.574092248420242757e-01
-4.388145682029424011e-01
-2.545653069294057658e-01
-2.059983966230838071e-01
-4.892785819517986856e-01
-4.556520462760809687e-01
3.808468793510202260e-02
7.126247196112063531e-02
-2.138054597780091048e-01
-3.060403076952826762e-01
2.750646395482294615e-01
2.961739941420438171e-01
-1.546962042994332043e-01
9.081159363159104769e-01
2.680811367838034087e-01
-5.822869697480961282e-01
-1.299340111755911964e-01
2.569899984772727186e-01
-3.320910575387505115e-01
-3.111464809689671318e-01
-3.337030360618659097e-01
8.354139479794808754e-02
9.447531536575107594e-03
7.379853597332697301e-02
9.466265512881361088e-02
-1.737026368377089444e-02
-1.063066730934301707e-01
-4.920475157204826089e-01
-6.573404415766016529e-01
-8.001958244607477733e-01
-8.264834416496744107e-02
9.200864296194033454e-02
1.170257074883639253e-01
-4.942247666425543806e-01
-4.257032061710804838e-01
-4.159073225950989938e-01
-2.998212605050611934e-01
2.838655433456289123e-01
-5.029518744466076052e-01
5.178820564548546335e-01
4.255664778695747441e-01
5.760566911144422431e-01
5.957093694387614879e-02
-8.403718474658088133e-02
-8.705937938835443812e-02
-1.130959009653799419e-01
1.649476695429940298e-01
9.685145969991285075e-02
4.112453199403586779e-01
3.642315056377850024e-01
-1.741141210680186013e-02
-1.506097431457797953e-03
1.130030339013866181e+00
-1.154253272571836714e-01
-3.188508782483195358e-01
-5.906336880484436280e-01
-6.762547348903232836e-01
3.900998153601103469e-01
-3.168757025783460191e-01
1.012643702059321943e-01
-8.158865682011603448e-01
-2.210568650382746525e-01
3.062423988350314596e-01
-1.198625918767393383e-01
-2.777360453850010735e-01
-2.497566728139724856e-01
5.214321487387341830e-02
-6.982927587497356203e-03
-8.663440266051523064e-01
3.937392470811965639e-01
3.546257878439868505e-01
-7.106694514424469200e-02
-7.388832009901041484e-03
1.586483976093128884e-02
-4.190987375350261335e-01
-4.250512386351588956e-02
3.769368756418991356e-02
5.410513351829773221e-01
6.641402970827655627e-01
4.413172329793209614e-01
3.574775390389790530e-01
-1.882611838709395691e-01
1.413986625422626597e-01
1.113011131118621794e-01
2.247669692457525681e-01
1.793422707501745872e-01
-2.061174168439506571e-01
-2.995403372180679633e-02
-3.235145230308447140e-01
-7.958517732030126468e-02
1.096948303330863711e-01
-1.165694813452958362e-01
-3.135253208255914803e-01
6.385699822179479179e-01
-2.880901912495815315e-02
4.110679537822423124e-01
-2.191934321275399722e-01
-1.036178750385877700e-01
1.657376312563795251e-01
1.297494346557118150e-01
1.854927936902207586e-01
3.488318446861191774e-02
-1.131962737113505757e-01
2.683810358492186299e-01
-6.721430775729926310e-01
9.508353259491844622e-02
1.739490736432680040e-01
1.035746849192890201e-01
-4.641724429041506166e-03
-1.889086234102555495e-01
6.622643867978510179e-02
-5.111045081055487493e-01
1.600995815816683987e-01
-1.869118181946937129e-01
5.387598121402831230e-01
1.117075359498940768e-01
3.482701441396833797e-01
3.962478012105073444e-01
-6.096070470002531994e-02
-1.223790001852986670e-01
-3.769256894239963324e-02
-7.518583039396186107e-01
-4.909765741432014705e-05
1.207649980884819285e-01
3.691400317516249641e-01
1.284596738552694628e-01
-4.821200475364439963e-01
-1.252477723764954531e-01
-1.787992712948984486e-01
7.350244946129721457e-01
-2.379263550846190400e-01
-4.083903019639005261e-01
3.620030696933124181e-01
2.162387286437731371e-01
7.631434536243895117e-01
-2.372371732125112820e-01
2.633498638198459862e-01
6.129416855267392217e-01
2.724183981867411286e-01
-6.458910160339051965e-01
3.781687849900087772e-01
-4.752892509615269101e-01
-2.764442774839093730e-01
-1.736673152157269251e-01
-1.012835442262029727e-02
-2.864116173652025976e-01
-5.138925045025044547e-01
-2.813003541557306253e-01
3.878329966506427473e-01
1.020754684588348837e+00
-2.502699698794199068e-01
-3.631350350297998103e-02
5.578138167782699108e-01
-4.735618998215417041e-03
-5.934836529486747780e-01
-1.007581317374759561e-02
-1.200217345404445100e-02
2.834603436187960734e-01
1.097343757347365306e-01
1.553026516615943209e-01
-3.106903424370202615e-01
-5.892482011555848498e-01
-8.541946764408111376e-03
4.070405611707644256e-01
9.621858812749223278e-02
5.628875714312797651e-02
-2.924098238519455273e-01
2.226311767959298846e-02
-6.282811435443433901e-01
3.843462321637782786e-01
-3.263965770207389316e-01
7.331709519429199240e-01
