-2.018974249372625929e-01
-3.428676233694147868e-01
-2.377338942972307897e-02
2.813789918886287489e-01
-2.314652837206176983e-01
-7.600578851751106646e-02
1.774566285512253205e-01
3.354496276601329208e-01
2.503890370898177453e-01
-7.416334144203209355e-01
5.330576308369143756e-01
7.307006842247529277e-02
6.158736063501705216e-01
-2.978733334476666994e-01
-2.088295367547461923e-01
-4.037329788732545444e-01
2.897563860109380607e-01
3.662371780999241211e-01
-3.933773175414431722e-01
-2.432045639660075365e-01
6.217953978798378412e-01
-6.119029404477450973e-02
3.981418443156212184e-01
4.164901513597922267e-01
4.420052909972100874e-01
1.123307447484617611e-01
-2.676682405887174654e-01
-1.586159879778970550e-01
4.194103690510572052e-02
5.845781940339915828e-01
-4.287260878834635303e-02
-5.286963817579110048e-02
-1.824630448297974994e-01
-3.128513608097983900e-02
-4.197754864300163313e-01
4.740774322843287376e-03
1.238467665105878052e-02
2.105616042314052694e-01
-1.423917456125124714e-01
-4.603046459163256388e-01
3.053467755549306717e-01
7.641944641116529269e-01
4.610178135441461711e-02
1.118522181614005906e-01
3.166402087414794675e-01
-4.607020531106561512e-01
7.393219314951257060e-01
-7.576363820885848033e-02
3.476596388618408695e-01
-1.218624113896443935e-02
-4.111093340642400507e-01
-5.190653575437676609e-02
-3.357084382591092875e-01
-1.176824198528940851e-01
2.937720495859696274e-02
-4.043046935928030217e-01
-6.077501455209421977e-01
3.480557868844253444e-01
-2.550092571386494145e-01
2.245980757483606871e-01
4.715007408089865737e-01
-9.169684301238646418e-01
2.160223711000588687e-01
-1.428271048354731454e-01
-5.570745470358839935e-01
-1.276129618950400113e-01
6.863432078838676009e-01
3.313400958720603140e-01
-6.068157537915652711e-02
-4.221027174475042165e-01
1.184310146941472686e-01
-2.360301474821346335e-01
-1.589784918357710353e-01
1.726940363852237925e-01
-6.489894512618379352e-01
1.605935770625507575e-01
-3.004437345891287636e-01
-6.148449005669838208e-01
-2.180339081664358081e-01
-3.837526142676608853e-01
-2.022821889667708040e-01
-4.624730778884452165e-01
4.076331306724360615e-01
-3.472244507929735380e-01
-2.246971454121154954e-02
-1.525188355345992730e-01
-2.154743405767902964e-01
-9.254651739747968633e-03
-3.119604165326962941e-01
-5.661254424369546179e-01
7.802546437528899981e-01
-1.870684718271439784e-03
1.776669017846382037e-01
-2.254768474885300300e-01
1.128126981699809905e-01
4.556366460689370394e-03
-1.865149796727390008e-01
1.158171172286522749e-01
1.745640964968024067e-01
7.508229024452969802e-02
9.720377481735266445e-02
-5.344348339987475827e-02
-7.424582166228148594e-01
-5.004010146255821745e-01
3.869468138522368927e-01
-2.007814367532822358e-02
-1.002245108440039667e-01
7.054075782485454138e-02
3.934818540638468365e-01
-2.321820858976396118e-01
4.243526904481629280e-01
2.144094456527871340e-01
-6.267434869183675927e-02
-6.547074878373718154e-02
8.942993190553313876e-02
5.720732693452063033e-01
-2.877949413072501961e-01
5.481272438227757782e-01
1.868474229521400673e-02
-2.153908168575711934e-01
-1.344406463755109249e-01
-3.405113099201437232e-01
1.344409342858926548e-02
-3.947121045931463179e-01
5.095569176310255077e-02
-4.834037840111689022e-01
2.126855597947185372e-01
-1.822531211142279506e-01
3.055933885362863145e-01
-4.673197766826082677e-01
7.785581443759551079e-02
3.198826279090475344e-01
-1.670981603696844453e-01
4.162487385049233879e-01
-5.422873792683918087e-02
-3.674582684387961429e-01
-5.417025431899001875e-01
2.397298844110183902e-01
3.748146572507672358e-01
2.362679606447447567e-01
-4.092663221529014850e-01
1.580331723891081203e-02
-1.611271712351154406e-01
-1.777351769228372458e-01
-2.130033727139885036e-01
4.627918948900713175e-02
3.008107685612036453e-01
8.174588778844774639e-01
2.165421414054196081e-01
2.959852882909499300e-02
1.284871690394744081e-01
1.757621148673828640e-02
-7.171273922703344517e-02
2.915273592736742150e-02
-3.066004325077243964e-01
-9.235146252524334409e-02
-4.925144453828538271e-01
-8.035316836010036878e-02
-5.455818214614857609e-02
1.269383800469615631e-01
1.611007005411141113e-01
5.557951345153068212e-01
-8.644627833238771597e-01
-1.057885480123236660e-01
1.724663345111841217e-01
5.572851923786752149e-02
-1.722833866071141196e-01
1.098031200663055929e+00
-5.146463389639285291e-01
2.704301486905607566e-01
-4.047662985828394677e-01
-7.124050131251941087e-01
3.536177359758019279e-01
3.495861113047626922e-01
-6.441789997541167434e-01
1.137462018508711203e+00
5.587620827865845685e-01
-6.203541761116531106e-01
-5.133704144364259481e-01
1.792473071974917675e-01
2.465011353369352121e-01
1.568371407743390511e-01
3.256185566154687350e-01
-4.673357223344031808e-01
1.096685734848348026e-01
2.048980753410022670e-01
-9.308041701788324906e-02
5.805224969185392853e-02
-3.139547257502520727e-01
-3.936908771606265622e-01
2.926611298778071801e-01
-5.745274488967529181e-02
2.553603481164902211e-01
-5.765163613017250110e-01
3.455833325573564041e-01
-5.115127429556255434e-01
-2.034356781928529923e-01
-1.294229815831375197e+00
2.742803565288355339e-01
3.427521525883102660e-01
1.387633802226305724e-01
-4.288150779841856663e-01
1.466425091068569442e-01
-3.653292855442128451e-01
-1.555253259924529730e-01
-2.099937651821005835e-01
1.464026668643816920e-01
-1.760378388856984611e-01
-6.767259048044972636e-02
2.192827986375485427e-01
3.584325311996123808e-01
3.695209285610530636e-01
2.659372176487539291e-02
4.402918544666562656e-02
4.029200461721258453e-01
6.046196202370266448e-01
7.221737621333813861e-02
2.469936367500832897e-02
6.113247576911035042e-01
1.567566656651348533e-01
-2.759578520380780442e-01
1.271908085253867227e-01
-6.191219062014206020e-01
3.416251265224099117e-03
1.213756398830547339e-01
3.909766076575167393e-01
7.017980158753771291e-02
-4.463332931957434413e-01
1.965431679979560281e-02
1.005102351329901708e-03
-2.410092072143866365e-02
-9.844512536164493066e-02
4.650667232511171978e-01
2.852227897865381237e-02
-2.745200697882738683e-01
-4.134618408138963086e-01
-2.856510913878255176e-01
7.070675379751430178e-02
3.759750580685116139e-01
3.109464410618176800e-01
6.223194009877958295e-03
-7.088215879579137964e-04
1.794506825114018933e-01
-1.419803058204393897e+00
-2.526783982006328144e-01
3.460145359856096059e-01
2.098823042277888629e-01
5.157347599467557719e-01
-2.699094477674737202e-01
4.833961851661484066e-01
5.588157804855382604e-01
-2.841051560836866385e-01
-5.799414394762715252e-01
-3.090950073666760556e-01
-2.743794309365128470e-01
3.739114293284799273e-01
4.813778204159538388e-01
-6.511129424379677455e-02
6.781709583636817973e-01
9.772363356342793350e-02
3.599057990855247247e-01
4.978512359939720189e-01
7.397998624014837654e-01
-3.596729607740427603e-01
-1.318755882449526400e-02
-5.527761135462572195e-01
1.155045508542751620e-01
2.490684055941378428e-01
2.793334443332097794e-01
-6.216225059361483174e-01
4.286869700333284516e-01
1.073082812488579840e+00
3.166631312575561852e-01
-1.290696380676000232e-01
-8.186761358215777218e-01
-1.489186299746260711e-01
1.080248894570747242e-01
-4.909513404737114034e-02
9.008861533224790663e-02
-2.796157710124073104e-01
-1.447725304455501627e-01
1.986636939234290022e-01
-4.168120106156066318e-01
-9.129187162160680435e-02
-5.030079918388202787e-02
-9.654273556433071724e-01
-2.462961708695660668e-01
-7.855252740327696159e-01
-2.904618968312211100e-02
-2.330606663416031621e-01
-2.347413508232261137e-01
2.180399559390354958e-01
-2.007573679960148183e-01
-1.995881677920388619e-01
-7.098944410063218191e-01
-3.777323479282396201e-01
3.011419626455453802e-01
-9.508077867337805245e-02
3.706368046670676653e-01
-8.840227312699189266e-02
-1.540011773902843772e-01
1.497814833156352853e-02
3.009975383619609146e-01
2.295409115386840004e-01
-3.744712612216973269e-01
3.863866328941052974e-01
-5.138014209602300708e-01
-3.239052790802283976e-02
-4.835928365708179189e-01
-3.358633206910055513e-01
-3.761607580738575152e-01
1.466019977444384392e-01
2.872514085717051135e-01
2.131535540770717885e-01
-2.189693010884830038e-01
-5.044177499124282704e-01
1.712195370239066872e-01
9.667488382764859167e-02
9.259793011275074814e-02
2.706717352086909223e-01
-5.354807537602003509e-02
6.136622292286737501e-01
-4.923573811398213040e-01
-4.180527299662780694e-01
3.326974876272811854e-01
5.019918725185816832e-01
-3.054843622435123307e-01
-1.301060433249684178e-01
3.091322628494095892e-01
-3.958771217035728790e-02
-9.182085545646791191e-02
6.459424852411380646e-01
-6.388173208864542096e-02
-4.223543856246479988e-01
-9.442455026300243803e-01
-2.363487694750023571e-01
2.790927459391051024e-01
9.988214389318804398e-02
2.033676211563913150e-01
1.601988986627706224e-01
-2.899755383723473523e-01
-5.499631471827342022e-01
1.469437698258447555e-01
-2.365541353145128867e-01
7.154673056987924384e-02
-1.539052314248871012e-01
-5.240916071537132792e-01
8.002677800826554777e-02
3.656844463252262867e-01
1.609187929340460399e-01
-3.896678098689786429e-01
-4.350617833639331966e-01
-2.479364600398071272e-01
4.174730974515200033e-01
5.884805699313152560e-01
-3.393021018898919605e-01
-1.488626995276299270e-01
-8.270028814274749118e-02
2.648554772175617522e-01
-2.224869778783484520e-01
1.700655041607647688e-01
-5.655629402886537260e-01
3.808152174097009790e-01
2.072623120301964050e-02
-7.758143714973817495e-01
-3.335751120267604342e-01
-1.376006203908414216e-01
-9.666972099789908346e-02
-1.858275870606236335e-01
-1.415506599142772881e-01
3.299215122255443333e-01
3.211307672963992221e-01
-4.307911229483980808e-02
-1.927375543477037045e-01
2.351307008533037590e-01
-3.617755670934831858e-01
7.949994673812228740e-02
-1.354336953759253115e-01
1.646161402512369767e-02
-1.667430920157376151e-01
2.660665724137122878e-01
1.905267578039241405e-01
-3.331065649497545467e-01
6.490382094874558305e-01
1.513845241601790015e-01
3.472607168369147290e-01
1.026131247478178771e-01
-2.287556003355509238e-01
-8.977557956659159011e-01
1.766359532845180325e-01
4.136365718167545752e-02
-4.470585098529343826e-01
1.839668085774177064e-01
-3.077968152040624350e-01
-4.014786094849268627e-01
-4.160299248535164751e-01
7.412383577747383434e-01
2.577578173343276768e-01
3.495873206089403218e-01
3.410153679106392444e-02
1.310979121430198568e-01
4.891056351484185938e-01
2.673223657761292782e-01
4.640195586814048478e-02
-4.859427656076271695e-01
8.502240385346153395e-02
-4.073537392498863263e-01
3.501529660990818082e-01
7.812487284426892220e-01
2.713118957217916516e-01
3.585442876338834073e-01
3.014939476494233120e-02
-8.250096022363193060e-02
-4.764791207531814399e-01
-3.283985660437502285e-01
1.388260617774370598e-01
3.213603953098070898e-02
8.686336660027930145e-01
-4.284674534939158508e-01
2.114567798311159652e-01
3.038366332560041849e-01
-2.904807448388493363e-01
1.214827591639716514e-01
-2.781063793252984140e-01
-4.422257903542421431e-01
-4.295869043415184718e-01
1.495551966413759606e-02
5.581680833538585906e-01
-4.158113324421914836e-01
-1.962475572060966844e-01
-8.469625227872590312e-02
1.562563910766396669e+00
-8.045608315563450297e-02
7.437800880897779687e-02
-8.840670699742290972e-02
7.469009440513452169e-02
1.334976334038091017e-01
-3.364126323335044355e-01
2.239476223626046467e-02
-3.883361230854561752e-01
2.913158788411417399e-01
-4.218591589305806799e-01
4.816040471958409896e-01
-3.689538891628997841e-01
6.770404677316624875e-01
2.684478255424772031e-01
-1.122072751013677289e-01
-2.603511745686546419e-01
2.018666213584402458e-01
-2.535465069315642750e-01
6.043608488447377303e-01
-1.531608375858630744e-01
1.410783472746543754e-01
3.899614182341203106e-02
3.322559689125246241e-01
-2.674942428434605723e-01
4.210173645787192998e-01
-1.698825963925148716e-02
-3.390985900625121952e-01
2.472300807499911435e-01
3.222882792849731115e-01
9.433000419111911561e-02
1.383389657157776675e-01
-4.977296597694936403e-02
1.797046291983041555e-01
-1.997969183713761976e-01
-4.586074343839813827e-01
-3.494318536134400910e-01
-1.663089956826620530e-01
-3.385294520373425819e-01
8.162677611291399571e-02
-1.152194960757288306e-01
2.374297166614920407e-01
-2.957780672209867623e-01
7.129610091549150042e-01
1.118545392486591128e+00
-1.132216631203141755e-01
2.680796419545604381e-02
1.251329352162250663e-01
-3.437523286247901599e-01
-7.505018478327298848e-01
6.486320147816533599e-02
2.191480452991162731e-01
-1.021022880626224483e+00
5.141918126028085512e-01
-1.555171656630225940e-01
-1.619740743081025391e-01
4.457203264468059256e-01
7.970262862510317792e-01
2.695908805818604190e-02
-2.184344528136671348e-01
-1.036208474328730450e-01
4.544037339155965194e-01
-4.088312052002934238e-01
-1.525783705748241514e-01
-6.137799089310079781e-01
3.482775813354904715e-01
9.905286112827929035e-01
2.216053827723463709e-01
-1.066091935211202213e-01
-6.785096674631849734e-01
2.417524835345016831e-01
-4.494576433700891438e-01
-2.559160553849655351e-01
-1.646817865670393288e-01
-4.379550396833012393e-01
-4.504895376457937473e-01
3.646722354786498949e-02
7.284446713232371751e-02
-2.237810189212727785e-01
-2.807897967130384420e-01
3.095523536884495774e-01
3.018533523866945845e-01
-1.532064937118658987e-01
9.094634723010793786e-01
2.195189551275484041e-01
-6.090397795713065054e-01
-1.203062511977574522e-01
2.369645496310607558e-01
-3.260363803505269553e-01
-3.094924201689273069e-01
-3.211145708944342925e-01
1.164313302407083556e-01
1.733117583132854841e-02
1.098590634176715847e-01
1.039762886670841102e-01
-2.169517649920416069e-02
-4.548112060455186678e-02
-4.976197277029056898e-01
-6.571607935003580536e-01
-7.728989974796367513e-01
-1.006214130244156152e-01
1.001432769431985781e-01
1.604771271857836079e-01
-4.641707767279656394e-01
-4.671665772294695262e-01
-4.207062568476575004e-01
-2.485466608696609292e-01
1.795998760088250434e-01
-4.750388187291889053e-01
4.688005092224286630e-01
3.824061485857361276e-01
5.673794461233867548e-01
4.760572706265234905e-02
-8.664173941355511610e-02
-9.660226344018181532e-02
-1.191226490479175976e-01
1.222088334571728718e-01
1.187304657062898949e-01
3.838769371740565206e-01
3.781652716012324222e-01
-4.458622975412221412e-02
-6.893496434141253848e-02
1.148768782064938820e+00
-8.304737266935863227e-02
-3.155391569899304027e-01
-5.811400061379434767e-01
-7.022710679151216162e-01
3.861850688793570519e-01
-2.593939454573568337e-01
5.391044085848036016e-02
-8.261699539975655426e-01
-2.011381229300897855e-01
2.806848243833124923e-01
5.886272844730006809e-02
-2.933221487232428037e-01
-2.951418616452400889e-01
4.483945611634321260e-02
2.121832232853198066e-02
-8.314895923740520667e-01
3.997297358305473836e-01
3.447566762934169970e-01
-7.204699453376594252e-03
-4.814296884689930195e-02
8.858594446884150708e-02
-4.161982274931231296e-01
-5.902884570300671180e-02
5.186262163964590333e-02
4.851848751756621669e-01
6.884473694364003915e-01
4.947534712293955028e-01
3.520119536497336998e-01
-2.035168613174073715e-01
4.229827130540524810e-02
1.164709952747615962e-01
2.538201850191516007e-01
1.834950481502524711e-01
-2.369246678652378313e-01
-8.656599468320824720e-02
-3.189343876120404597e-01
-5.034894249794509558e-02
1.350527451096597276e-01
-1.380842448077680695e-01
-3.395056339333756834e-01
6.345259044831486062e-01
-5.047259086630113273e-02
4.588479884920620422e-01
-1.617345678091104133e-01
-1.069659688606031389e-01
1.720235741948955843e-01
1.114687070803305896e-01
1.676951017706828917e-01
3.779843090551056328e-02
-8.726588367293881821e-02
2.739856264540974085e-01
-6.560015112914930890e-01
2.328930214832417300e-01
1.626250993746590490e-01
1.162235056861049554e-01
1.548375632680213353e-02
-2.187893022449438896e-01
2.970380768520578668e-02
-5.196495867263655200e-01
1.551083928848880633e-01
-1.658793702901791289e-01
5.362508815297613030e-01
1.129392293974897515e-01
2.833754203703585106e-01
4.062966713648387684e-01
-4.459903268597174841e-02
-1.235027031435625422e-01
-5.418565507468747766e-02
-7.627805296783732869e-01
3.245845884486902450e-02
9.759616608503469959e-02
3.771523103485055484e-01
9.508398889055436065e-02
-4.681647710466961820e-01
-1.361643323389384319e-01
-1.878489967671938266e-01
7.311634078315539798e-01
-1.995039717054790107e-01
-3.964169054224901956e-01
3.028927198937719778e-01
2.204195896918718367e-01
8.197369275134379629e-01
-2.838094123498395849e-01
2.913882106210840539e-01
5.744994754439083362e-01
2.568961620767943876e-01
-6.433361074073200570e-01
3.726798486366453278e-01
-4.707795404322245858e-01
-2.726652749186223024e-01
-1.874674577759335992e-01
-1.105326151316385168e-02
-3.365828489625046216e-01
-5.254709183844809006e-01
-2.566723502454318351e-01
3.738037983651706364e-01
1.042571804464378138e+00
-2.422695606712066962e-01
-4.917287530285426034e-02
5.571854970666070273e-01
-1.654789590580966335e-02
-6.022367478695108689e-01
-8.636128660988974526e-02
1.794449017273615221e-02
2.399790075349683416e-01
1.229730462748847702e-01
1.847736518571209685e-01
-4.035264973391388121e-01
-5.966720948923885937e-01
-1.579284498745943746e-02
4.169200684751058761e-01
1.199256937829832753e-01
6.177481919373140756e-02
-2.346803732691913058e-01
2.891800187459038149e-02
-6.212868996413072331e-01
3.849971665720123837e-01
-3.187477348792507881e-01
7.603725663606286655e-01
