-4.302160832717859540e-01
-9.138224112086099638e-01
2.004260968038325874e+00
-3.991484961303302548e+00
-5.927121665770113124e-01
5.354092206729930137e-01
-2.348884900611091453e+00
-1.988117547659409956e+00
2.751263418837548436e+00
8.575378092152976528e-01
1.119371324195715056e+00
-7.738930578810278682e+00
4.530027140379374373e+00
-2.310883336127004029e+00
-2.026947288359072452e+00
1.119983444560410213e+00
-3.963550958636963273e-01
-7.341909562977136927e-01
-1.673257637281322596e+00
2.827356468286776447e+00
-1.360655825046376277e+00
9.129372178841421714e-01
3.843836532606510925e+00
2.414919894088006114e+00
-8.158279048723207083e-01
-7.757210453109134596e-01
6.875195424312368075e-01
8.643783091271214358e-01
-2.814554168670423129e-02
1.754937854484124315e+00
3.936569746550939719e+00
1.499768931361530333e-01
-1.299205549587650443e+00
1.438168635391735561e-01
1.979519418065566638e+00
2.232747559200592313e+00
7.706263137721540701e-01
7.691543421813559211e-01
5.369565562172473605e-01
-1.916022594945113733e+00
-2.201344770303232945e-01
1.966366441619958660e+00
-5.509137206830883038e-01
3.040340794194629215e-02
1.541690357032593051e+00
-4.946807710318051221e+00
-1.050552388449059960e+00
-1.844902313441854069e+00
6.429937897503673616e-01
-1.480654787913002313e+00
2.279288080153064389e+00
7.635973232358702623e-01
1.207818348489680282e+00
8.758754696443206811e+00
1.860479458153762256e+00
-1.087955519887103151e+00
3.106328074288378649e-01
8.140545483211778649e-03
6.829560043610231057e-01
-1.112069128697215969e+00
7.789247595740165231e+00
5.473982632159111184e+00
5.230246937499174464e+00
3.452891186213336017e+00
-2.827089786718801623e-01
-7.916275691960300565e-01
-1.348403536819248849e+00
-7.738606177635287686e-01
2.693921809860432282e-01
-2.712520343237124099e+00
-3.509416501409808209e+00
-9.187374985427440022e-01
-1.607545264073068525e+00
-9.163055072754732189e-01
4.777405538187719236e-02
-1.131013157814437092e-01
7.487150662237126997e-02
-2.419941006260131061e-02
-2.968051165664382235e-02
-5.391074705520230159e-01
-3.989591958583850184e-01
1.828893282224517192e+00
-5.445278096765643339e-01
-1.205835176934797914e+00
-4.350587824016919347e-01
-5.441285115448356302e-02
-4.470240916950086074e+00
1.518451904702323052e+00
-2.579031769231214868e-02
4.456101207275589560e-01
-9.501576306880492595e-01
7.889631326826258839e-02
-1.312493298930676566e+00
-1.339950542232941855e+00
-2.547717190375806240e+00
8.239432618739479519e-01
-4.669496088498648056e-02
2.661007522178126194e+00
-1.481795270361676575e+00
-5.292951732622130923e-02
-6.839905438479714217e-01
8.060134386275158436e-02
1.512630582424832282e+00
-4.412129252653861577e+00
1.031872138083520074e+00
-1.510239663106583530e+00
-1.128577805518416799e+00
-1.766830808280854148e+00
2.097462427679662067e+00
5.895267301611227140e+00
1.031397483967561479e+00
8.852993847561304586e-01
1.276070743421886533e+00
1.609704725749894649e+00
2.127256878047758093e+00
2.674393490375040372e+00
1.986782145276806411e+00
-3.859051821559607576e-01
-3.057122832963766745e-01
-4.199767423175774006e+00
-3.154565662618433186e-01
-3.552894206322728121e-01
1.172133614327987905e+00
-2.489260573053487580e+00
-3.447426922501949598e+00
-2.074945231380534771e+00
4.555606939334449379e+00
-3.211142465746827490e+00
-3.278547488682069133e+00
-1.583547674242700987e-01
2.670565080526816071e-01
1.618409166193015114e+00
-2.329116248995827920e+00
9.125552917798687713e-02
3.654381726734023506e+00
5.345004155609873742e-01
-4.512575756561099993e+00
1.608050679291578078e+00
-8.054966050937800714e-01
-4.872327550948472030e-01
4.270768168602848136e-01
-1.020541195283137359e+00
1.432292194683471298e-01
-2.896164321174964140e+00
7.250998916256879978e-01
4.438171317472375810e-01
-1.701066412788894811e+00
3.695622155081059179e-01
-6.012650478082327332e+00
2.643197832232659916e+00
-7.923015239414635813e-01
2.323266190665644881e+00
2.331159368452980996e+00
-1.407135674300132644e+00
-9.176911863334250574e-01
-1.151266757435933430e+00
2.241157499231694494e+00
-2.512270745153251661e-01
7.136434325112970267e-01
6.577685004260642732e-01
8.984424109305177986e-01
3.393047785710814779e+00
1.265119523363186671e+00
1.950167912412317861e+01
1.101670075921497904e+00
-3.894988135198742984e+00
1.889505073392539369e+00
3.354522999875430567e-01
6.121503123531194662e-02
1.748669066927037719e+00
-9.766444516261196807e-01
3.610435047380157747e-01
2.912344424566116086e+00
-1.841076737559312615e-01
1.664063482941642080e+00
1.139551140588744715e+01
-1.830243436555330616e+00
5.853324054360044215e+00
2.844738262409896912e+00
-1.155065588630646678e+00
-1.076427336136290869e+01
4.611900965626941407e+00
-4.940456618829042190e-01
2.822678021931265269e-01
9.053439330373254101e-01
1.347090672031263370e-01
1.541274978504148407e+00
3.870531942013811566e+00
1.012917483606096125e+00
-4.412993014411507597e-01
-1.000111454143160827e+00
3.689053374670029917e-01
1.963355418252026752e+00
2.906820342260590273e+00
9.463275274058912112e-01
2.390685828798059021e+00
5.633215075263918736e-01
-1.109270294979598948e+00
3.788728647476801714e-01
-1.461857607049488750e-01
-4.080441223800952422e-01
1.589240472070746923e+00
7.707371967646841071e-01
3.219623102427039196e+00
-6.731508406185365168e+00
-1.513519688828033116e+00
-3.169149174833236771e+00
7.816546610813960294e-01
1.329869107036005360e+00
-9.334941507457317655e+00
-2.404890246659624253e+00
3.888562028754900979e+00
-2.237788298255391606e+00
2.930905208644261517e+00
-2.634521685175590378e+00
-2.953767851379821008e-01
-9.059010374224620854e-01
1.594192446831618648e+00
-1.256388480525751916e+00
4.529405144347826706e-01
3.503101299037594818e-02
-3.439228857133084016e+00
-1.165623660596372124e-01
-7.350543600528693933e-01
2.531494489085336586e+00
6.290167250669882471e-01
-7.242077453934967934e+00
2.225761405684218985e+00
-6.394816820911033428e-01
-3.365819864140230155e+00
-1.693596927306297628e+00
-1.366663450317172401e+00
-5.046381358781045101e+00
1.234244592951916769e-01
-2.653277134375986002e+00
3.585023007821650065e+00
-1.082734157870092639e+00
-3.301992851020483233e+00
3.181725938092123229e+00
2.362756145743657221e+00
-1.396855337409182773e+00
3.554775654894299364e-01
2.682248148571129587e+00
7.861443954852098681e-01
6.980101200653797022e+00
1.682356464762398085e+00
-6.377539352369135939e-01
1.646255678560260227e+00
-7.110364085872455941e-03
6.913536808541369538e-01
-2.664213459963170383e+00
-2.459971019219842958e+00
8.788991248360163988e-01
-2.550394752458953640e+00
-1.345676194967823092e+00
-7.792332414999953993e-01
-3.729049168791360724e-01
-3.746546694988259318e+00
-5.015222392395677353e-01
-6.039854817526154385e+00
6.549756503845016731e-01
-4.402291960532247472e-01
3.684003642063852002e+00
-1.452312341166263066e+00
-5.244167908271880618e-01
-5.324281462569959267e+00
-5.322462671284956315e+00
1.070057898099009197e+00
1.280005773806623948e+00
-3.620439537346163972e-01
-1.378360781935679791e+00
7.296747273224040153e-01
1.210800612461139014e+00
-1.900736329915000855e+00
-1.879170204948190925e-01
3.082654175805043639e+00
6.772354981522252793e+00
-1.453196925576135889e+00
-2.123112280264350532e-02
3.027825914403038166e+00
1.642961888034374152e+00
-1.532322816908398444e+00
1.359309299221740819e+00
1.602970766978256689e+00
2.765415760011982749e-01
-1.974175366229296014e+00
-1.966346660832402282e+00
-1.387779930018250507e+00
-1.432476930267356563e+00
-5.181883285087695024e-01
2.454608770698161635e+00
-3.899876807368590770e-01
6.324511213760109385e+00
-1.493276904534051486e+00
-2.491677688688216818e+00
-1.283783174982942699e+00
3.974371436126249990e-01
-4.016103878685003181e+00
-1.444311434477135170e-01
1.395984104377993029e-01
-3.734433025722973198e+00
1.176255430371222044e+00
-3.196752992362729695e-01
-4.254223009907296960e-01
2.357874512587623539e-01
9.782821041436207121e-01
-1.456499906084168128e+00
2.298573978727335376e+00
-5.611063472573238897e-01
2.004016446945098728e+00
3.058514235994380659e+00
-9.870628151642644177e-01
2.258177308053098464e+00
2.839213790243606983e+00
8.666804794182358940e-01
4.049884052704789461e+00
-8.324652615950745016e-01
3.219226362623901938e+00
4.706348688139057046e-01
8.128483566400888094e-01
3.779454391859641937e+00
4.846051178592967190e-01
8.450626137388160819e-01
-1.968482521217353343e+00
1.514236965697328907e+00
3.682395503766815015e+00
1.802461579016710891e+00
-1.694304525210546863e+00
3.390565082919225759e-01
-2.128865871244022490e+00
-3.375536235333266077e+00
-1.094647409222044704e-01
-5.036628770248039455e-01
-1.422231407354076771e-01
-5.534067716377758517e-01
-3.861948711173661397e-02
-2.263059218832962571e+00
-8.634989753153833325e-01
4.895535502045050613e+00
1.255302663230106530e+00
7.435023689457601614e-01
1.332961720798430116e+00
3.248223130831702776e-01
-1.172301275411503418e+00
7.599953126097112044e-01
7.720326017760648085e-01
-7.108846225097283089e-02
1.071274939000645077e+00
5.607100766354508714e+00
1.874709292671117300e+00
-3.117309609376096580e-01
-4.355768626187144221e-01
4.004191415634170692e-01
6.031572273991931965e-01
-5.237190919467745731e-01
-2.017273807011920717e+00
-1.227976689212016970e-01
5.378441839601472152e-01
8.517385673750109687e-01
4.294329631147942195e+00
-6.652084550827742637e-01
-4.704403936631402772e+00
-3.224754248650479216e+00
1.822144589874265808e-01
4.619407717410073388e+00
-2.224903684480699528e+00
1.480694340790027930e+00
6.944534320198240351e+00
-4.699990506902654297e-01
-9.027986321748506793e-01
2.551213878046621475e-01
-1.914814320491112554e+00
1.150141088652971044e+00
7.806380501203931122e-01
4.067883868551232851e+00
-6.436377984842016620e-01
-1.430414408049568431e+00
-3.042427670568343512e+00
1.291356149429984779e+00
4.017255044803937913e+00
-1.443120719639845173e-01
-1.857449787042952938e+00
-1.051041318389829504e+00
-3.844223524243312262e+00
-6.652111708118364497e-01
5.823245463724283089e-02
-7.755511239175646443e-01
-2.423758661050102070e+00
-1.867591853952810466e+00
3.066188274303184580e-02
3.774412385701879202e+00
-2.845578225987477339e-01
-1.999422238806461305e+00
6.207207620415535754e-01
-3.855868734725174107e-01
8.718877351376121965e-01
-3.099225694884525595e+00
2.192863390317064898e+00
2.489477616671035953e+00
5.444464660626102681e-01
3.238987171478775906e+00
-1.957726181205071414e-01
-2.590871693581196844e+00
3.183632870484897293e+00
-1.054133857900534821e+00
-2.249032121695686975e-02
-8.535562422764733648e-02
-8.809562725858968713e-02
7.860541142191941333e-01
-2.611728823591097370e+00
-2.497612443314490172e+00
-4.046491195795826279e+00
-1.142094595607056506e+00
-1.935460573334969459e+00
4.734154511456505898e-01
-1.041263027317460121e+00
-8.142112494038830306e+00
5.562801812548618940e-01
9.294855335264440299e-01
-8.552438563555650811e-03
-7.765719987809966973e-01
7.960399063212399984e-01
-1.733437920873233784e+00
6.777841228100995874e-01
1.729430295748682345e-01
-3.322160500493926416e-01
3.953469116287617879e+00
-2.224982552573950390e+00
-6.122516583382387800e+00
-6.820779058901557113e-01
1.056952603515244338e+00
6.185687140859210675e-01
2.708189784253485222e+00
1.622193172569899033e+00
-3.181801314276170967e+00
5.703599217238698671e+00
-1.553599160291180281e+00
-2.690021769917381622e+00
-6.344714270154631075e-01
-1.143237209664548004e+00
-3.526564258361882143e+00
1.339854376572091610e+00
7.038369591360539301e-01
3.394457863975503642e+00
1.191665053537342089e+00
4.997084676383617974e-01
-1.859903049386169238e+00
3.080398763479295532e+00
-1.341973726327576610e+00
-6.955799132123233086e+00
7.060590619535072054e-01
-1.164239820928550495e+00
-1.224148921140012058e+00
-7.393230896420221576e+00
4.741939154384422039e+00
-1.525573827038850361e+00
2.126778946641564860e-01
1.948390422195163563e+00
-3.436508943366993751e-01
-5.694266492781068223e-01
4.205409313690406936e-01
2.980740066474804606e-02
1.391908243040101079e+00
8.607278431961681298e-01
1.751276545433119392e+00
9.471348178258545136e-01
1.158852889516907236e+00
1.345298370734718141e+00
-6.666498574183260528e-01
-5.002484487833052107e+00
-1.192615207591238624e+00
8.296675873371406329e-01
-2.095755825826314034e+00
6.828125323030103111e-01
-3.369127114237355225e-02
-1.386499199229032087e+00
-2.241744112724478377e+00
-4.064387719362520635e+00
1.181117076543843236e+00
2.996682504007143422e+00
-1.295419106463145198e+01
-4.695165741341761900e-01
2.307772117336854278e-01
1.997126527195656642e+00
-1.946871131953104017e+00
-1.714653052403790179e+00
-2.299501840835842081e+00
5.884539401242453449e-01
2.977773796038517773e+00
5.096660997725124265e-01
-1.406324043535096546e+00
-7.147937576032787899e-01
6.567757725196369245e-01
6.004572889832531235e-01
1.076308946882626572e+00
5.373576219322424574e-01
1.335783125666113458e+00
-3.759374681160180920e+00
-2.234288192295386666e-01
6.188448998877253693e-02
3.414335907904980871e+00
-1.166920206201462085e+00
1.938867855318670452e+00
-1.026704367484835290e+00
1.723517001239248947e-01
2.442612697612699391e-01
-1.371083564451494929e+00
-3.216888506923776703e+00
-7.039943720114520964e+00
4.907849481994945862e+00
1.229242338593709682e+00
1.750070121545109991e+00
-8.437781330166255200e-02
1.183117460056715808e+00
-1.357763116659779223e+00
3.199652590891868265e-01
-1.018236759326771823e+00
-1.293356005536239750e-01
7.365221780450997846e-02
-1.013685075742377928e-01
3.227905503484611582e-01
2.098174673018546876e+00
-8.547659982516306321e-02
2.474445038417560916e-01
3.156556112612266762e+00
3.613325575466056483e-01
1.210058130525256459e+00
-3.490945990343675698e-01
2.663431693749828133e-01
-3.639461893409303705e+00
1.104044787286686757e+00
4.760502721053615716e+00
-6.115805230647477497e-01
8.306196353830960222e-01
8.150178148626151531e-01
-2.064919713950929825e-01
-1.058618845095812944e+01
-2.067906766810188035e+00
-6.466489849556378289e-02
-3.029848311678578376e+00
-1.797189885306371915e+00
2.511403762379216809e-01
7.752638935797253605e-01
1.768218334274528569e+00
9.849130861201371712e-01
-7.982920403128575260e-02
1.562301004701041274e+00
-1.266519332498462047e+00
1.628790928165213092e+00
2.441470596197611531e+00
5.564180708926250496e+00
-1.071224086162698974e+01
1.243706007729731944e+00
-2.864614168262405336e+00
8.737415017370411263e-01
-1.473913028970608163e+00
4.773678566157412817e+00
-1.190327376300327922e+00
-2.011060266535674934e+00
1.707124632460716551e+00
-2.081040551183026277e-01
1.085854124336724569e+00
-1.691010031004364533e+00
-6.984500694810512611e-01
-1.093090762638070812e+00
8.039599273107198574e-01
-2.031370353006399565e+00
2.036387335203759114e-02
-2.567472965424416387e+00
9.066521314092360617e-01
-6.289135835668938634e-01
5.409134476987496054e-01
-2.638001050998477481e+00
-1.522149777934083570e+00
2.404499647439354015e-01
-1.225440764764195167e+00
-3.786541128333760220e-01
2.502029688631384197e-01
2.302962671213798274e+00
-1.399933873236268445e-01
1.869600135597695445e-01
7.497603936390807355e+00
5.469357036789809778e-02
3.405434369483641532e+00
1.243737839877759654e+00
3.835273192923964292e+00
-2.218293871450404353e+00
7.846808367701106901e-01
3.435480229359591520e-01
-7.112526642613835826e+00
-4.771016129203291545e-01
-7.154587048244750447e-01
6.543857368303815925e+00
-5.687088683948251511e-01
-3.615266011656942169e+00
-1.276397035713366490e+00
3.446760862854688412e+00
4.055244819085503494e+00
3.499412536965123444e+00
1.694698714257202976e+00
2.311206536551486945e-01
2.063615848050648349e+00
7.688397483609830108e-01
-6.733066345017171273e-01
3.921309112697681787e-01
2.610929320408132082e+00
1.380693085627901828e+00
-2.425356376521729640e+00
-3.662510483814417905e-01
-2.484846313348477442e-01
-2.825767702506558066e-01
1.530496043875262391e-01
2.778172807600067795e+00
-4.258500059083973333e-01
-9.844674859392835709e-01
6.746689167047743851e-03
-2.397457217854382705e+00
-2.415797778420449571e-01
9.018525733699048530e+00
6.100556174521014619e-01
-2.538934719687818475e+00
-1.967810293410233946e+00
8.089023402265841378e-01
-1.850412605603728222e+00
1.838448194358024701e-01
-1.868090697086050023e+00
3.396706039455420267e+00
2.580698245997213314e-01
-2.963875168570792251e+00
2.312536561851218142e+00
-5.191138018695378581e-02
3.603057347905237684e+00
6.645482484371056486e+00
3.626952117255431762e+00
-2.544810257441492141e+00
-4.445551309162567022e-01
6.925765789545701434e-01
-3.915066031545756386e-01
-5.296195343940135913e+00
-1.729469274205990281e+00
-5.182084816770889946e-01
-3.455239773511116219e-01
-1.217103451225652888e-01
-4.935008417150050786e-01
2.343635920485894475e-01
3.688097711896621611e+00
-3.216281102219461285e+00
-2.875476436267223601e+00
4.726364085542708260e+00
-1.009997911391878667e+00
2.331212425622075646e+00
3.605054224180074485e+00
1.727737595463468390e+00
-6.705953039401540972e-01
3.652773256777055444e-01
1.391538881663865856e+00
3.100292971823785049e+00
-5.950415067081991083e-01
3.993919921695299191e+00
4.864169210805547650e+00
-3.562467266799029364e+00
1.120137528170609409e+00
9.083892227867103042e-01
2.494756292151976140e+00
-1.778511658608113777e+00
-1.461366299063369567e+00
8.364193520563054651e-01
8.942803284349674087e-01
-1.211612861428380317e+00
5.292706795192080094e+00
-2.080040873700801818e+00
3.906914741529757151e+00
-2.444151613354284880e+00
