-4.512097093648277935e-01
-8.815824483742096263e-01
1.951777625992518583e+00
-3.934909520527080318e+00
-5.636241110552080436e-01
5.213875081796121025e-01
-2.289852646991148433e+00
-1.991932549241399286e+00
2.759854079915254221e+00
8.780163300361295553e-01
1.112414367189123787e+00
-7.616558885026747383e+00
4.495363504887076367e+00
-2.299556065543426175e+00
-1.987985579105679079e+00
1.068153520103042320e+00
-3.885791952664165994e-01
-6.837755955093791638e-01
-1.620551596937696015e+00
2.805871247435318683e+00
-1.354377965808954754e+00
8.876163542859927258e-01
3.818640061482560188e+00
2.446691320533298519e+00
-7.890425090186433676e-01
-7.156862193568389596e-01
6.582617321367539853e-01
8.175209033819345050e-01
-1.936382563870608225e-02
1.767174586490773081e+00
3.873532063894444377e+00
1.550062288392182464e-01
-1.296802644170339303e+00
1.438321996462630092e-01
1.896184543181145932e+00
2.271532912425800355e+00
7.169530522577555187e-01
7.902956628606204736e-01
5.377185559781377799e-01
-1.922415899943620721e+00
-1.941542368935874896e-01
1.985136836548508255e+00
-6.077498076356091516e-01
5.225529197056182767e-02
1.489804728893478147e+00
-4.980562668687406713e+00
-1.083039838169892022e+00
-1.780549337923446496e+00
6.448179344183049277e-01
-1.450027442418401424e+00
2.208825106238046843e+00
7.015161356497174872e-01
1.215574836100681955e+00
8.677265707882781953e+00
2.000743389085636093e+00
-1.134307252854720005e+00
3.121435782180713714e-01
-5.791028829192407246e-02
6.655882132119842476e-01
-1.141066500286667340e+00
7.657320871997064238e+00
5.470161040279199582e+00
5.176332129633236079e+00
3.296369785502517580e+00
-2.547391410285730351e-01
-7.011897524688969208e-01
-1.525301005344265715e+00
-8.396188220651936707e-01
2.653072586611440742e-01
-2.569627227675797432e+00
-3.483889967900279494e+00
-9.302876763397125437e-01
-1.586366766227382818e+00
-9.073334399921086924e-01
5.632302648021717678e-02
-1.382369758374401847e-01
6.606825490733686523e-02
2.673768480119877514e-02
-3.554889468793631657e-02
-5.438603225410212350e-01
-3.750232411679761402e-01
1.752082798108463013e+00
-6.511954849242810317e-01
-1.192713686728792855e+00
-3.952913760891477724e-01
-6.979591103857278600e-02
-4.427877384688812867e+00
1.505301961999028659e+00
-3.428318431049864889e-02
4.608319094745524924e-01
-9.498715987249113368e-01
2.791830021790453475e-02
-1.318711062099798381e+00
-1.333916531750674928e+00
-2.582128512071441229e+00
8.638333472052397433e-01
-2.680659611743234361e-02
2.662470724152926849e+00
-1.464880260942940327e+00
-5.505177204151034953e-02
-6.518919067600347228e-01
5.586971342006023800e-02
1.486513432749396069e+00
-4.481935092124074593e+00
9.810253189009006114e-01
-1.477125778796076316e+00
-1.082284530237267672e+00
-1.771351430128366822e+00
2.095972168265196611e+00
5.799995018151599346e+00
1.008767149294018894e+00
8.999994468251414359e-01
1.291102234255376180e+00
1.563265575113356398e+00
2.038731553546857533e+00
2.663337772988240371e+00
1.921274896585908332e+00
-2.975762734103807872e-01
-3.414733152027842888e-01
-4.041863457719588659e+00
-3.374582620212367989e-01
-4.162274655586105654e-01
1.055089521374133810e+00
-2.456221826353452986e+00
-3.375463088744943718e+00
-2.111133551596631186e+00
4.543003252884028953e+00
-3.136756236742957338e+00
-3.422197569391340899e+00
-1.540752449690281078e-01
2.460259941572230658e-01
1.586047732737630556e+00
-2.240871312425319672e+00
1.011926480435715731e-01
3.622283124642489582e+00
5.841289231401227688e-01
-4.458984049421390594e+00
1.591133287786472339e+00
-7.651537662203383716e-01
-4.379123549368651447e-01
4.580779814647303883e-01
-9.583169643376949765e-01
9.410654499255294292e-02
-2.841931722551703565e+00
6.679203103426314403e-01
4.703411757041787156e-01
-1.753885026219465848e+00
3.607460017915871120e-01
-5.949226498161017673e+00
2.579689688321758823e+00
-7.426372194035404384e-01
2.248141164798735936e+00
2.392897400509782724e+00
-1.388135657323773309e+00
-9.268473789289987108e-01
-8.427795554831051250e-01
2.199338408507670817e+00
-2.591443604327114403e-01
6.815668544928827899e-01
6.887509971341906345e-01
9.006737578092115504e-01
3.313731887074414129e+00
1.234944953436649007e+00
1.946154918235283660e+01
1.175770755427224978e+00
-3.847911620421877732e+00
1.890769211689309337e+00
3.624500049987151584e-01
5.511838120491453774e-02
1.668644024759368127e+00
-9.366359813200521023e-01
3.413710845761587231e-01
2.884915251309218220e+00
-1.801620903073076485e-01
1.713155761680709599e+00
1.148947764479034639e+01
-1.877332389681029001e+00
5.740754498710316511e+00
2.823810673016837303e+00
-1.104150821835729657e+00
-1.068929593966075942e+01
4.620667207775865037e+00
-5.208799673805908359e-01
2.782496099423248381e-01
9.319558048478132628e-01
1.453112873273532113e-01
1.511713987839744089e+00
3.812437105567022755e+00
1.030074594477740524e+00
-4.088081603276963460e-01
-1.023471326053266628e+00
3.612687221375830426e-01
1.996948783379056902e+00
2.872783517889586857e+00
9.207359151726460800e-01
2.540760133783141583e+00
6.498140574758487498e-01
-1.027603254681014100e+00
3.582691263947240246e-01
-1.131603496293959177e-01
-3.606145488555375644e-01
1.514053872400153988e+00
7.702243233631460573e-01
3.210831825312822296e+00
-6.696528128195293306e+00
-1.484492820057015994e+00
-3.140431777351050613e+00
8.023976307071802871e-01
1.321210347754738113e+00
-9.312906614973512021e+00
-2.374727127087592038e+00
3.839818847214450326e+00
-2.170617074420525761e+00
2.880534648103362461e+00
-2.739132745537040226e+00
-2.655040685183319704e-01
-9.104616339723710094e-01
1.691465421399271252e+00
-1.254575931591087601e+00
4.537805707003394473e-01
6.842225469605650590e-02
-3.367204246231519704e+00
-1.266312041090494611e-01
-7.934295805418102310e-01
2.448331238723607139e+00
6.099161634744282301e-01
-7.058227022834305586e+00
2.186011840977630349e+00
-5.892408546953115112e-01
-3.253813172189442326e+00
-1.696041391769658180e+00
-1.361813813039340904e+00
-4.876291801370888912e+00
1.337036997045298325e-01
-2.646792670976805262e+00
3.553091380261568233e+00
-1.083438657819507656e+00
-3.340564597293773641e+00
3.134718042213318068e+00
2.362888182716053720e+00
-1.397064368424364211e+00
4.014112039244886465e-01
2.619809929582810781e+00
6.371571054928806266e-01
6.852294724023426653e+00
1.719759196519500488e+00
-6.424111926599065381e-01
1.682511827292316964e+00
-8.051823887573131278e-02
6.585053742107709329e-01
-2.648076236448649201e+00
-2.403744318040380357e+00
8.548794732539950481e-01
-2.432522060495705407e+00
-1.322813471037551869e+00
-7.733095443723490003e-01
-3.213964741026811289e-01
-3.771971023659696609e+00
-5.009848647954785461e-01
-5.964712553648514159e+00
6.909673790441157593e-01
-4.330211528464207871e-01
3.662313518846601834e+00
-1.432646920372853572e+00
-5.531799660152069142e-01
-5.103162867441342954e+00
-5.329174317999407329e+00
1.040410722931372156e+00
1.264744439657591535e+00
-3.254470950406734286e-01
-1.366203833492656949e+00
6.615835733746846525e-01
1.210964032251774514e+00
-1.893353065441436778e+00
-1.817240063493836266e-01
3.049879899252594395e+00
6.649824402440589921e+00
-1.478990278140777326e+00
-9.343327784672994518e-02
3.027030393396117791e+00
1.591793642937787023e+00
-1.464480772292575450e+00
1.313009174101377852e+00
1.563173007493292355e+00
1.540305659151285922e-01
-1.926024507030448696e+00
-1.980616675314169184e+00
-1.422010013012362295e+00
-1.419605566323296486e+00
-5.062012497950557632e-01
2.360079473682698215e+00
-3.692685777132919123e-01
6.251334481079868333e+00
-1.513742582965617256e+00
-2.499192656403138812e+00
-1.300699337341867379e+00
3.925284572363950675e-01
-4.020164930549722015e+00
-1.525446328955231412e-01
1.551307585927562127e-01
-3.666577964498579867e+00
9.149640220424316572e-01
-2.807391412510180650e-01
-4.108891562899882888e-01
3.033209175538643665e-01
8.995550802308408533e-01
-1.456564468040122406e+00
2.295349795634168633e+00
-5.562183866623291451e-01
2.142379446235338047e+00
3.025912336677343273e+00
-9.757423952567499947e-01
2.303231723438550205e+00
2.817741809608050207e+00
9.410989623790171343e-01
3.997173542250294531e+00
-8.682859811299933339e-01
3.265841067851966706e+00
4.597728323734386335e-01
8.628264904684316283e-01
3.696420355848053063e+00
4.550785757130993980e-01
8.781239813934791361e-01
-1.960029947539345452e+00
1.530895773972012597e+00
3.616114934101910094e+00
1.766572502131094513e+00
-1.645013933979456722e+00
3.423315101491530843e-01
-2.075737423667076698e+00
-3.481637592989337726e+00
-2.183499658208439553e-01
-5.233135163602935513e-01
-9.201470690641630479e-02
-6.509406868000613411e-01
-6.810121643722738538e-02
-2.186369101085185562e+00
-9.065676335926572404e-01
4.820617016006984556e+00
1.203555008997036602e+00
7.862320317417256232e-01
1.367051994977905416e+00
3.008401694563454520e-01
-1.202506242723515362e+00
8.115816847395819211e-01
8.032928283699982686e-01
-3.927949151260946153e-02
1.083741363752930953e+00
5.538725698115747775e+00
1.819457841250510910e+00
-2.600141467483693125e-01
-4.029858098746987860e-01
3.866137058970126050e-01
6.477302520704852906e-01
-5.276041891230547343e-01
-2.037391073135700115e+00
-1.273546057146733024e-01
5.196776811096764925e-01
8.696899914942562981e-01
4.187549193451391538e+00
-6.259468722902578053e-01
-4.629024844203055267e+00
-3.215868987955229130e+00
1.847521844860591789e-01
4.640682359781326483e+00
-2.175547237566627157e+00
1.468297948617200532e+00
6.882215236811789261e+00
-4.431435659016728645e-01
-8.175279673315458684e-01
2.909380748751342893e-01
-1.984895405064792895e+00
1.133157024011192560e+00
7.588439356838171390e-01
3.961459466468395085e+00
-6.136967092589290518e-01
-1.395767899714529303e+00
-2.998095129449319440e+00
1.264509874573481074e+00
3.971025170526782944e+00
-1.282975212904703399e-01
-1.835739847041936601e+00
-1.030710874112723108e+00
-3.621572857012235858e+00
-6.646646664903069768e-01
7.296949734506262553e-02
-8.154065920121221778e-01
-2.472300274924636554e+00
-1.831424564814333689e+00
-9.813031899627087939e-02
3.755050622188628395e+00
-2.700756560123845351e-01
-1.976681788296065889e+00
5.619464007699177532e-01
-4.072092639501498357e-01
7.842634501906712297e-01
-2.951326459624541876e+00
2.135072322227378194e+00
2.444572317620217206e+00
5.313840555610979122e-01
3.177577579305110866e+00
-2.319660593052716158e-01
-2.595426620916144511e+00
3.169445212991524485e+00
-1.026503373649322315e+00
-6.755002880866796400e-02
-9.296235630226834523e-02
-7.862393432109160418e-02
7.679672672390183141e-01
-2.550707358339982189e+00
-2.504177096080095311e+00
-4.033314606831483573e+00
-1.170293114126630618e+00
-1.930952431267143110e+00
4.865324453979676944e-01
-1.019596732370465997e+00
-7.945959845845260716e+00
4.732358609178288766e-01
9.291634778628841129e-01
2.967467003631266836e-02
-7.518446572426404906e-01
7.750980981920441160e-01
-1.684109301515736012e+00
6.838081698502832539e-01
1.451066772916939085e-01
-3.477930886978771174e-01
3.763290301807467042e+00
-2.187491208189698000e+00
-6.187351800395442858e+00
-6.464509273789512678e-01
1.069001965823281219e+00
5.830022126189084997e-01
2.530098057124649191e+00
1.579693575439534703e+00
-3.155147095979329741e+00
5.649618059921907687e+00
-1.527400072360167949e+00
-2.587486879456657451e+00
-6.258594635434193698e-01
-1.164706799084339162e+00
-3.471879936688899715e+00
1.320719033096949380e+00
7.544793790770351061e-01
3.324540516689148628e+00
1.176818495539037279e+00
5.022133751549450187e-01
-1.897603782034807951e+00
3.082777640958095144e+00
-1.408844915178582013e+00
-6.736440627038336793e+00
7.252789523917141379e-01
-1.132219723155618141e+00
-1.234545141636974597e+00
-7.276388039135767372e+00
4.546408184654293194e+00
-1.414718856110297462e+00
2.764101278718072430e-01
2.137196002381738236e+00
-4.088381713453077548e-01
-4.449182373172330118e-01
3.418059715724793834e-01
1.354396282529796436e-01
1.383860385277617011e+00
1.038682724968574389e+00
1.695542528154536877e+00
9.197466536080178834e-01
1.144151481398202996e+00
1.379341890161512874e+00
-6.568596938334854141e-01
-5.030545098914040558e+00
-1.170396462138368454e+00
8.294883818844628331e-01
-1.956392063396278136e+00
7.523325433769930681e-01
-2.764119289532137799e-02
-1.347551828016668063e+00
-2.156596711564058300e+00
-3.962918349651346261e+00
1.077393936328994384e+00
2.980077683755465223e+00
-1.264575105609240957e+01
-4.396348586568906702e-01
2.316069032218052715e-01
1.950954307154731504e+00
-1.897804577011079186e+00
-1.786377616130037316e+00
-2.286081423436552740e+00
5.537530430633924583e-01
2.881953875548060040e+00
5.365740957078797280e-01
-1.326269952102272276e+00
-7.453225883257839079e-01
6.379817736702144693e-01
5.949919438039757980e-01
1.031528714621207987e+00
5.736389824688097328e-01
1.312838484573684683e+00
-3.663111473484681913e+00
-2.490215067055918940e-01
6.077259093118073802e-02
3.365865333193287512e+00
-1.175086696515320606e+00
1.861445359687066148e+00
-1.033864696020938334e+00
1.835738405303098397e-01
2.727211159381339733e-01
-1.328583446986609795e+00
-3.158362743844031595e+00
-6.943411607363469074e+00
4.851118477457880829e+00
1.195755959841507510e+00
1.715543828108349489e+00
-2.707489299631231361e-02
1.185803870135612614e+00
-1.351252830475644151e+00
3.214096720467462531e-01
-1.024753147094930039e+00
-1.140383317246318196e-01
8.669407293209466236e-02
-4.812612301593113123e-02
3.486460129201572333e-01
2.007891786801690337e+00
-5.350431419278391804e-02
2.303494570999039537e-01
3.186501845208610906e+00
4.157812108271119467e-01
1.226217702661832165e+00
-3.555532372951148434e-01
2.445798865495638075e-01
-3.656393924170332266e+00
1.113342450757675683e+00
4.707010160235021168e+00
-5.645726544785653056e-01
8.443389203821793920e-01
7.844154758132888539e-01
-1.860034578740643041e-01
-1.057433916393995688e+01
-2.104348295104458977e+00
-7.015442334693454407e-02
-2.971879964986862355e+00
-1.782150952199792027e+00
2.155031898603024243e-01
7.368670451021946954e-01
1.751225265812838661e+00
9.600513127519080259e-01
-9.333755620304949596e-02
1.460687115702543837e+00
-1.319646155579027091e+00
1.626226207605275587e+00
2.422323575112310223e+00
5.650458805256845629e+00
-1.098277081653488629e+01
1.268064825201315360e+00
-2.792275406692048989e+00
8.383766898595124140e-01
-1.421319815657255292e+00
4.672536754909207168e+00
-1.155250278746576598e+00
-2.023711965493308007e+00
1.685903465440336202e+00
-1.712326589979981661e-01
1.043055176925987482e+00
-1.707372941842930203e+00
-6.773967294516651805e-01
-1.055137324123758491e+00
6.804757690813449944e-01
-1.977430509359596300e+00
-4.196028383605290846e-03
-2.526168450943401922e+00
9.054853082711151746e-01
-6.271113114705865188e-01
5.368966295468414751e-01
-2.576748835933250437e+00
-1.512124984200020172e+00
3.078012618029247749e-01
-1.256834018864934954e+00
-3.727304047115961305e-01
2.697893143235666757e-01
2.236662991385077959e+00
-1.939819386379781629e-01
1.989434046468473993e-01
7.500163631458949709e+00
1.230439034643972668e-01
3.389663148558924810e+00
1.219631835230291284e+00
3.879284273075489509e+00
-2.154959940018100983e+00
8.416692660137377047e-01
4.131458468299218922e-01
-7.007603602228543949e+00
-4.564007785914037663e-01
-7.113479820931938313e-01
6.554610269528315492e+00
-5.647753640155919186e-01
-3.635427547108585067e+00
-1.221697639327187446e+00
3.435598897676753527e+00
4.048541484313622263e+00
3.463811813682102780e+00
1.700027976642127792e+00
3.755847023759407155e-01
2.023224680826805066e+00
7.211849445373259559e-01
-6.788764740171820966e-01
3.048027568533156484e-01
2.621552907082782990e+00
1.375578424271114653e+00
-2.307679231351497329e+00
-3.402749551586802257e-01
-2.185194365523865645e-01
-4.296555435044749904e-01
1.226500970934139151e-01
2.739743939454272859e+00
-4.143199693581676724e-01
-1.000113544981058977e+00
1.064399728289892010e-02
-2.342455625566407740e+00
-2.579353881202331999e-01
8.943035530435247793e+00
6.094984612947081937e-01
-2.558290691534896855e+00
-1.806899245975442492e+00
7.316459769220907683e-01
-1.816891904664807322e+00
1.949981556067134914e-01
-1.813040075768883597e+00
3.319128479953767918e+00
2.493023221619334873e-01
-2.820823284503648054e+00
2.247472013201460062e+00
-5.975604925662293676e-02
3.651022195711620455e+00
6.587414221372932310e+00
3.536439348239147851e+00
-2.541416605432547993e+00
-5.069941890139219032e-01
7.599865409985389064e-01
-3.743091308333263423e-01
-5.160001445899231598e+00
-1.741056875430598172e+00
-4.573109857587647764e-01
-2.595457669462382655e-01
-1.542358699807770683e-01
-4.582239853225327231e-01
2.593006472467356827e-01
3.626576421657573768e+00
-3.230143109923139022e+00
-2.857324808084304557e+00
4.691329435048781527e+00
-1.014080708713723578e+00
2.383818743902707205e+00
3.649732320767249405e+00
1.700081010027363781e+00
-6.920453167301190422e-01
3.964651824916265443e-01
1.365306136790139790e+00
3.010451059290924380e+00
-5.956423998763160643e-01
3.936405126122332288e+00
4.823202090621034444e+00
-3.487149919799230169e+00
1.101661591990352518e+00
9.429723511376262302e-01
2.465385069466063062e+00
-1.779609650655342712e+00
-1.502931443799154110e+00
8.214999632226551718e-01
9.091246748387546983e-01
-1.244502096885685472e+00
5.179661046054421902e+00
-2.079735099906534046e+00
3.835214160664994765e+00
-2.383388142239508234e+00
