-4.950706302232270040e-01
-9.128903870564696321e-01
1.658077150026472157e+00
-3.917622436575017186e+00
-6.252102678528486113e-01
6.147049293229931433e-01
-2.267679654091135699e+00
-1.987541271186710201e+00
2.234875116435338427e+00
1.000200714020885062e+00
1.072669079908497913e+00
-7.648957157172728394e+00
4.705513949085670333e+00
-2.167321540273467129e+00
-1.940927440691328831e+00
9.645462919653110534e-01
-3.495471263993999433e-01
-5.657556490738739896e-01
-1.537739437348103699e+00
2.891868112728484874e+00
-1.260525585682400695e+00
9.315256298467221585e-01
3.768360221663200615e+00
2.546018557117980308e+00
-6.448062212027352302e-01
-8.655022058280160691e-01
6.982200916254625023e-01
8.435919280770597384e-01
1.375491045684085027e-02
1.771220543755412935e+00
3.799842616180266752e+00
1.775077740628319412e-01
-1.214581474904554481e+00
6.088466244470093491e-02
1.841778897443638652e+00
2.234878037910454918e+00
7.119365348160515694e-01
6.455213319387514970e-01
5.739141251975811153e-01
-1.918196559903542209e+00
-3.285242531939820410e-01
1.949002935975613804e+00
-6.080063298989525356e-01
-9.495671619272902722e-03
1.517539569623768347e+00
-5.016475615932288079e+00
-9.780939146128445616e-01
-1.866121833430740340e+00
6.581787318414505927e-01
-9.289702645367153844e-01
2.359389722119785482e+00
6.311475484024908766e-01
9.626908733612359326e-01
8.801857134128178828e+00
1.873223171142652355e+00
-1.208048785757026122e+00
4.577546421113234398e-01
-8.242897913226208129e-01
7.563201066587108556e-01
-1.195158462305353941e+00
7.614024619949717021e+00
5.318279053666708833e+00
5.437384129316364501e+00
3.684803699976022973e+00
-3.000124049681897054e-01
-6.738263105437969358e-01
-1.545235937369850543e+00
-9.243738572382504959e-01
2.291178059568480530e-01
-2.524057856583269199e+00
-3.390412686324639324e+00
-9.911724053333885731e-01
-1.432683322778995905e+00
-1.032091942897153558e+00
9.160944432725043329e-02
4.906914862429440777e-02
-7.269045704583766698e-02
5.663207242099421029e-02
-9.772069890734930153e-02
-6.131606693488966808e-01
-3.294988283796917439e-01
1.762482618613589569e+00
-6.393051415171250307e-01
-1.195706169619577874e+00
-3.185330248865774205e-01
-6.829733629738904410e-02
-4.394071388608803197e+00
1.618935853277632564e+00
-1.863388916918092830e-01
4.611235193946821020e-01
-8.867624561637579284e-01
9.397048481121682284e-02
-1.227533272076903659e+00
-1.363221792399385679e+00
-2.934656054629266819e+00
1.883860644670797280e-01
-1.125108700575374876e-01
2.619590505166984329e+00
-1.631533473169884729e+00
3.079384848985815791e-03
-8.280728749005189515e-01
2.081216258656331253e-01
1.494770472994129795e+00
-4.600626079961238624e+00
9.775453452061058091e-01
-1.287297233354093962e+00
-1.226166681193000318e+00
-1.796464801653726351e+00
1.994144742919537805e+00
5.219467328538732964e+00
5.085212329009181076e-01
8.655044683304339292e-01
1.179758852073122810e+00
1.217116539393387376e+00
2.187931164375945148e+00
2.459337453820586550e+00
2.417484505532684125e+00
-3.118154268421334252e-01
-2.814325693418890384e-01
-3.930172685621961204e+00
-3.825135155523917141e-01
-2.693499159028445722e-01
1.052621738034608789e+00
-2.596199721815410921e+00
-3.699602326929728680e+00
-1.882326500410941739e+00
4.359590445442573348e+00
-3.254110442596661823e+00
-3.819758455061278202e+00
-1.614804539244938664e-01
2.817157225259850351e-01
1.626569108129828356e+00
-1.883288997671810572e+00
2.587865182437313338e-01
3.473828337898227314e+00
6.442625078362042013e-01
-4.242048950506182692e+00
1.700003051177614966e+00
-8.113749659465805397e-01
-3.657982617841972761e-01
6.995424258009291796e-01
-9.615086472013386620e-01
9.295349011998585431e-02
-2.721374308471733450e+00
5.510544446246252726e-01
4.606785879456440358e-01
-1.477076268906498679e+00
3.253607752388315011e-01
-6.104607956724366069e+00
2.270304873368641285e+00
-7.693399147892747703e-01
1.975358898794696172e+00
2.478164611688351560e+00
-1.313521136247900678e+00
-8.167378564061966717e-01
-7.583643414011475015e-01
2.338441220908591855e+00
-4.375743648432611765e-02
7.858574695058208048e-01
5.580322630788822069e-01
7.951319440133848282e-01
3.258994643032041783e+00
1.296852968178840104e+00
1.948966162904110888e+01
9.347719363158814021e-01
-4.158128422588870166e+00
1.818497165033321705e+00
1.364033954285646388e-01
8.026304633152337581e-03
1.765779169309275920e+00
-8.362358347945252346e-01
4.131191594509394105e-01
2.862273150443142899e+00
-1.936372937925839033e-01
1.617105295673272325e+00
1.204998641785574343e+01
-1.614975220011112711e+00
5.580828435183133429e+00
2.863547514472770228e+00
-1.065995961173505702e+00
-1.013653375296768289e+01
4.613059553333874518e+00
-4.582740678872861961e-01
3.005811702169488009e-01
7.682345715876749415e-01
1.986349198855829334e-01
1.390604889385950615e+00
3.833979221590058106e+00
1.069042263640445078e+00
-3.420576464279381224e-01
-7.103117556607443372e-01
5.088552031469815162e-01
1.500317114529590379e+00
3.006740446191777938e+00
9.423451474866384459e-01
2.429764636843090742e+00
4.621561936228123502e-01
-1.203275976400993708e+00
3.523470103665293784e-01
-8.829191024795861320e-02
-6.229708403952547435e-01
1.713590019277923870e+00
7.019315528388092584e-01
2.915687125600018526e+00
-6.858225013387142965e+00
-1.922035219410494378e+00
-3.070425715509902620e+00
8.358126957778372335e-01
1.038090129814455809e+00
-9.593574320332265870e+00
-2.553444017859874293e+00
3.436607140602237376e+00
-2.278374785011025860e+00
2.975185845209489699e+00
-3.142123509433143891e+00
-2.784267560445309875e-01
-8.922768036784755052e-01
1.394679116758657633e+00
-1.362583562387382541e+00
2.646609832305222842e-01
1.339438070176238726e-01
-3.266392996086409983e+00
-4.730654768228934048e-02
-3.902824561966848349e-01
2.770400433819210306e+00
3.807727041092379139e-01
-6.675989544427784139e+00
2.215135123235864256e+00
-7.069620592418714988e-01
-3.814531725358606185e+00
-1.732597486308721235e+00
-1.040827001539464502e+00
-5.028287973886053308e+00
1.083938279124774112e-01
-2.766033961812881969e+00
3.636251044833416213e+00
-1.221652953905893124e+00
-3.307506282066904557e+00
3.262703871071202411e+00
2.189631230177346843e+00
-1.457531781229903567e+00
3.177976479712007474e-01
2.470559944655419837e+00
1.777134680882124229e-01
6.813082680513894651e+00
1.610188702341142530e+00
-6.750281512312530374e-01
1.884555971474177749e+00
-1.216644453819012983e-01
6.266230848111735696e-01
-2.625568071212469601e+00
-2.822928961316383933e+00
9.070551611771012768e-01
-2.810718740457126330e+00
-1.293573922741954485e+00
-7.388341371147770786e-01
-5.490631969378994004e-01
-4.309066493437636147e+00
-5.853676186520476721e-01
-5.880486089518997872e+00
6.113112159307997340e-01
-4.935556692911090559e-01
3.716932194617955432e+00
-1.498361501272671648e+00
-3.386096641720818257e-01
-5.500636176738894711e+00
-5.141915006068021654e+00
1.166979906979937587e+00
1.229344701844549137e+00
-2.763315738998934901e-01
-1.288732146225574082e+00
6.403953029517960305e-01
1.299210907440390583e+00
-1.869277397585279221e+00
-2.162679055633459912e-01
2.724752958599316432e+00
6.467546473343823266e+00
-1.582275798364379371e+00
-9.246728881521312782e-02
2.748590002482075523e+00
1.578009539045327259e+00
-1.537885134476222770e+00
1.250520653135554161e+00
1.507624258588368127e+00
1.922793789105067819e-01
-1.958182110653594377e+00
-1.985820025294595226e+00
-1.444522228606817338e+00
-1.323857303539419661e+00
-4.037684000998891798e-01
2.171909999249939993e+00
-2.215445572853682044e-01
6.138298339917071189e+00
-1.221845678713265215e+00
-2.414451359157174348e+00
-1.308198573935563491e+00
4.461917657099608303e-01
-3.773415994100793647e+00
-7.136192276440311844e-02
2.831356838669965015e-01
-3.640945233948233994e+00
1.111885349316637184e+00
-3.996524542271318592e-01
-4.617960051888527206e-01
4.238398422586998060e-01
9.077012288863707257e-01
-1.356512644905440101e+00
2.296172611254755580e+00
-6.899351737597366752e-01
2.165156496653728890e+00
3.154753983161320274e+00
-8.668098501689275315e-01
2.152895223136166880e+00
2.859910695301307815e+00
9.878768509148703192e-01
4.041376056889619761e+00
-5.880858580245970080e-01
3.090745945775680958e+00
3.014558463249562559e-01
9.455178546744371637e-01
3.725408979590577374e+00
5.979897488156373786e-01
1.070832971441558756e+00
-1.904933102634211117e+00
1.539738377466869812e+00
3.612227806467461999e+00
1.690251772157501442e+00
-1.965014815372302381e+00
3.602526666443914283e-01
-2.097152063623655138e+00
-3.558221704751331149e+00
-4.941736908771244274e-01
-7.708473216708712217e-01
-1.714601030074070775e-01
-4.867750582214168120e-01
-1.483556458551299195e-01
-2.427282742633695811e+00
-7.669597684438491658e-01
4.799921583670689884e+00
1.177820604672560556e+00
8.831060608508850551e-01
1.178165223942074347e+00
3.515120626010194704e-01
-1.128834101379966759e+00
9.763712355532641052e-01
9.839230612106898421e-01
1.044678022537388062e-01
1.071669847615899673e+00
5.656139519806656857e+00
1.775716203607169641e+00
-2.067025266100898928e-01
-7.347235493586229405e-01
3.045106697213457725e-01
5.048163692831836302e-01
-3.570545866206981667e-01
-1.814184018213245153e+00
-1.188314598587975612e-01
5.438814228163098008e-01
8.734801366658624389e-01
3.732684467353012181e+00
-4.705519965725114551e-01
-4.671410147216116471e+00
-3.119625548785859515e+00
1.781371864970845986e-01
4.590434852533988419e+00
-2.397228415416196690e+00
8.552493602228133929e-01
6.287970252040754104e+00
-6.330831736972497570e-01
-8.277970462419232955e-01
2.648918478389522546e-01
-2.018163572900447456e+00
1.068591336855238216e+00
5.241860584641272469e-01
3.924799157673577010e+00
-5.506932480650442718e-01
-1.261336854152482534e+00
-2.910756250303504267e+00
1.194441243981393619e+00
3.933201954400811662e+00
-1.299643084761916978e-01
-1.864944859209255457e+00
-1.204847807238635493e+00
-3.800154065958514238e+00
-7.032739300339473365e-01
-1.326288031706952253e-01
-7.962489430507539989e-01
-2.232379640408045596e+00
-1.917835239823420856e+00
-7.984139882562370227e-02
3.542015556598365311e+00
-4.223336204953629380e-01
-1.818823305475037344e+00
6.571127355509099877e-01
-2.426667289759331936e-01
7.561176204324703276e-01
-3.119665282095851033e+00
2.220963374652654476e+00
2.502183951893505398e+00
3.313777945464529417e-01
3.309726506807346702e+00
-3.473692753969135905e-01
-2.538029008562226796e+00
3.105992155484229134e+00
-1.269597149152703164e+00
3.854391381877162598e-02
2.750620195712811245e-01
1.786938099589702178e-01
8.774982143044124383e-01
-2.670931805135117632e+00
-1.892079313829252207e+00
-4.281837402064502029e+00
-7.167362941940176313e-01
-1.954345116554088824e+00
4.828267066166845312e-01
-8.186678888362107775e-01
-8.093907437314307174e+00
5.393928757271484464e-01
8.735594845651618590e-01
9.139667945240305402e-02
-9.347306456355881643e-01
8.352049558136322993e-01
-1.684578597797261823e+00
6.947913171966729751e-01
1.505937655029367106e-01
-5.758106003227206893e-01
3.412751614960424451e+00
-2.112578557744391627e+00
-6.484632770275723601e+00
-1.014171124237577049e+00
9.999909138661632335e-01
6.583188448344277077e-01
2.227177924582310897e+00
1.499437269916394255e+00
-3.440918218657001759e+00
5.560332963356483305e+00
-1.454530508823606683e+00
-3.409030336007887740e+00
-6.138434591216314073e-01
-1.328194929838665272e+00
-3.631039694543620744e+00
1.468439508822836581e+00
7.993846765557692802e-01
3.402174317714972140e+00
9.401625734988864336e-01
4.983072410366398697e-01
-1.861925194093649427e+00
2.646055629070454440e+00
-1.346329356432517388e+00
-7.146162503789142306e+00
7.658981389558415787e-01
-1.261012079885905468e+00
-1.132593137093765856e+00
-7.132765450206751012e+00
4.192989550369768281e+00
-1.685599077858616734e+00
3.779473428404999669e-01
1.923569200022554604e+00
-5.731557158157533083e-01
-2.106474294122437363e-01
6.659865299959912832e-01
2.964171959250617716e-01
1.429927035414716219e+00
8.991113768887006863e-01
1.729759711399902145e+00
1.095568117076816561e+00
9.786705563761588511e-01
1.352261974456166804e+00
-6.632365410253598936e-01
-5.228048981745775592e+00
-9.303081770994502397e-01
7.524505005565216287e-01
-1.884354979507032679e+00
7.850374294769554284e-01
2.178296599272058209e-01
-1.216566578201262683e+00
-2.466655063659194624e+00
-4.063508446523409923e+00
1.085012982896031764e+00
2.853868729185402575e+00
-1.254709469414321177e+01
-4.216073938148688360e-01
1.738190071125985947e-01
1.819431244507402567e+00
-1.802732868553378554e+00
-1.705511083625626645e+00
-2.088461117745481044e+00
5.941355333287788865e-01
2.851825393985317980e+00
6.280566634294094674e-01
-1.454906700738634706e+00
-6.222812783364641831e-01
8.725795821448677492e-01
6.905873838451840330e-01
1.214419603396313718e+00
7.565356531388917061e-01
1.303103476898178181e+00
-3.641019814822255896e+00
1.001159318999401103e-02
1.707825534475033991e-02
3.177633251859114605e+00
-1.114203185106612315e+00
1.977081035503725381e+00
-9.255782939867028825e-01
1.392915623159535765e-01
5.230403548674549263e-01
-1.364401131376739240e+00
-3.208539366994111131e+00
-7.001050566679898779e+00
4.822073376987633608e+00
1.283766298214676915e+00
1.911005101372499126e+00
-6.928823342520501471e-02
1.168982217152152669e+00
-1.369949178931546996e+00
3.387443804321700336e-01
-1.091034208982943898e+00
-1.546023716144678539e-01
1.221977922391521976e-01
-9.435962669992099816e-02
1.872527658979276366e-01
2.054608467788019865e+00
-9.308937179753846991e-02
1.979539644140929922e-01
3.065660192091456349e+00
4.206396160402063877e-01
1.224387375652948196e+00
-2.093289658228404959e-01
2.972868891481796338e-01
-3.878064248540782355e+00
9.978067829112994280e-01
4.807776928162053487e+00
-8.674789962417515099e-01
7.238020428133782325e-01
7.671568792407538195e-01
-1.002886189878329504e-01
-1.046850510773398923e+01
-2.030864938532365382e+00
-1.412974885498593514e-01
-2.886766595175004113e+00
-1.797574233159339174e+00
3.602287209123709033e-01
8.355361286081799399e-01
1.924607543647390839e+00
8.474182509717437251e-01
-2.791496098149305882e-01
1.547660339189798284e+00
-1.142311666844388895e+00
1.508935865400866438e+00
2.266440177194036565e+00
5.622742869235200835e+00
-1.037448283666799753e+01
1.230981972900839327e+00
-3.346127456297013580e+00
1.266535358740152217e+00
-1.565069118963525741e+00
4.662723163574741037e+00
-9.790528683566966928e-01
-2.076958518549151034e+00
1.836900901168004641e+00
-3.254147426151511868e-01
1.022862376547588159e+00
-1.713206195194590498e+00
-8.397178668564804216e-01
-1.046696619727511379e+00
7.246557818418446484e-01
-1.885034851552847668e+00
3.084697004595932102e-01
-2.605566164642613369e+00
2.538153109612406588e-01
-8.030311217175870597e-01
5.382411717346089475e-01
-2.574896067764796292e+00
-1.613013199575551671e+00
2.568858950038953592e-01
-1.258570958031539844e+00
-2.776735641839741531e-01
5.403083352053934807e-02
2.217436851088832483e+00
-3.000631361016755649e-01
7.208362114728426029e-01
7.174244362757726812e+00
2.633898199526314987e-01
3.367305319919365214e+00
1.137039631086934177e+00
3.592155368043793651e+00
-2.418940536101333638e+00
5.097620593645428855e-01
2.111007708866194377e-01
-6.920185468532983109e+00
-5.835819837348890093e-01
-6.205555827065616370e-01
6.231265067962848292e+00
-7.243679263549805958e-01
-3.645722193613944562e+00
-1.142426712753534357e+00
3.454713992302417047e+00
3.982647026558920444e+00
3.457659924059665268e+00
1.266567692158100833e+00
4.279154724145893263e-01
2.096904890968036117e+00
4.806484282602134783e-01
-6.102338078278882749e-01
2.947011410791792740e-01
2.519859536823980228e+00
1.521463485328022669e+00
-2.132025456343709102e+00
-1.926078839707716650e-01
-1.870928147305923883e-01
5.394246331864892552e-01
4.503509156532873453e-02
2.698840937863744571e+00
-4.569628715608908820e-01
-1.004393261750615052e+00
-1.283782423035506326e-01
-2.243882033126626929e+00
-3.312566454366985824e-01
8.823871524630671814e+00
7.090577092593721709e-01
-2.534445797880314988e+00
-1.797801122546716535e+00
7.782753135280885415e-01
-1.844022046334863107e+00
5.629587228248966041e-02
-1.828458212551953732e+00
3.268990879221012058e+00
4.806298639807447814e-02
-3.026632797218624660e+00
2.347002306724089049e+00
-1.463709415454170215e-01
3.478725643370595311e+00
6.624168738941953016e+00
3.292966930941168879e+00
-2.252201505972921236e+00
-6.254426840745985761e-01
6.619125957786288206e-01
-3.091945212844207647e-01
-5.579679190358232788e+00
-1.378427254300385707e+00
-3.718142838644477033e-01
-3.404531594018124219e-01
-2.769321056967298245e-01
-5.097234052231923718e-01
2.292568966054841784e-01
3.751562646321023209e+00
-3.177921447126869747e+00
-2.869449815034015305e+00
4.650708827116143418e+00
-1.066943149658736045e+00
2.506125406618577856e+00
3.663554431868806027e+00
1.425335574856140264e+00
-8.376740347774283002e-01
3.272063307807192567e-01
1.389007137482435761e+00
3.121533894078035942e+00
-5.807772382973970249e-01
3.911734235770348178e+00
4.822288179009061260e+00
-3.546312862250605047e+00
1.190869156949805108e+00
8.671888607606706989e-01
2.650409732835733223e+00
-1.864740890856057209e+00
-1.758695236951947294e+00
9.613432027066018959e-01
6.978896390804459893e-01
-8.471065353870246284e-01
5.315781659328516540e+00
-2.037314445578377597e+00
3.633965520497205226e+00
-2.110581914553352423e+00
