-5.636802718343275620e-01
-9.418694028565504084e-01
1.748802720373092257e+00
-4.040056389326273312e+00
-6.489755424790590865e-01
6.635827522432558023e-01
-2.357276680809709202e+00
-2.016013828094319837e+00
2.345148123711764399e+00
9.924887344058501704e-01
1.120293334463142942e+00
-7.858899333398750464e+00
4.792139665818313965e+00
-2.244824976526218485e+00
-1.981219684973551054e+00
9.987390940990803490e-01
-3.479330522867484787e-01
-5.850768059838794555e-01
-1.603723567298682262e+00
2.997677766305317792e+00
-1.308194729459571271e+00
9.308230444578569074e-01
3.866895734859344458e+00
2.593869870574830649e+00
-6.883759338407573480e-01
-8.996995034384954737e-01
7.192256322587203821e-01
8.407704838514874490e-01
8.478458736870092202e-03
1.796978352070484952e+00
3.910188521980428433e+00
1.893610739654200403e-01
-1.269898489160016908e+00
8.451529861492346196e-02
1.904965837102148063e+00
2.305554866824917060e+00
7.578510370259913254e-01
6.614509683608313928e-01
5.821539196253044945e-01
-1.967206380939427346e+00
-3.536057405644805196e-01
2.001237464038086777e+00
-5.948443667802325585e-01
1.852648404867913989e-02
1.553906830239766723e+00
-5.113223925700138395e+00
-1.013858360611063159e+00
-1.944482700117150076e+00
6.717170933653039411e-01
-1.015128577924526265e+00
2.454038151359815956e+00
6.497565660305670843e-01
1.014014281611123947e+00
9.072696288210973847e+00
1.950723834530609491e+00
-1.227807960641312812e+00
4.664980064750409161e-01
-7.756609122574211757e-01
7.474262253713720439e-01
-1.219983664845981641e+00
7.810659159147488317e+00
5.459322150502740278e+00
5.551828893874761306e+00
3.671102216079539904e+00
-3.235211729329681707e-01
-7.035126317224802417e-01
-1.545892077839101431e+00
-9.470244781321329741e-01
2.318515812119523456e-01
-2.585731072976802825e+00
-3.468648276267133568e+00
-9.921104320454889880e-01
-1.467565323741753414e+00
-1.037864715276220373e+00
8.442163176550532278e-02
4.993605849438768202e-02
-5.379947181694635233e-02
6.841305267783560906e-02
-8.597835820827168241e-02
-6.083872533575579444e-01
-3.322380417599121172e-01
1.817995563858577412e+00
-6.541519931414242484e-01
-1.222686639634080752e+00
-3.724248908323446461e-01
-5.527468355816637230e-02
-4.528660818609191452e+00
1.650668310419842744e+00
-1.684925587882988851e-01
4.677222160552166885e-01
-8.877061291396901588e-01
1.094283634921715959e-01
-1.251145690542929012e+00
-1.388082765859205869e+00
-2.968735933516148506e+00
2.040771398222829547e-01
-1.145079912386182397e-01
2.743712304422022630e+00
-1.654106318680936161e+00
-1.637079180865631464e-02
-8.507398203917071466e-01
2.093395650451998491e-01
1.552651159991899288e+00
-4.742564181739712836e+00
1.024780636542969470e+00
-1.337153790132068032e+00
-1.281099058165748428e+00
-1.855277837525561857e+00
2.059170159626331653e+00
5.388511756689414511e+00
5.047246447051951801e-01
8.986805763037244432e-01
1.224597777177909519e+00
1.262574703165206147e+00
2.260279173032127442e+00
2.555238923097082449e+00
2.448757280124990832e+00
-3.615150579425786548e-01
-2.969465397614018398e-01
-4.003291816562512651e+00
-3.641261230404501115e-01
-2.668828269134718156e-01
1.086747046283170093e+00
-2.656733670210170040e+00
-3.769706816638669800e+00
-1.950376980536916438e+00
4.466506640321699528e+00
-3.370833837837276636e+00
-3.908547504168506048e+00
-1.587481893074756123e-01
3.060443943513411202e-01
1.657006845591485478e+00
-1.960881504044384993e+00
2.554472129471974662e-01
3.590335441643766501e+00
6.651023183876761946e-01
-4.380282846128260132e+00
1.732025659126257278e+00
-8.432877907533132822e-01
-3.811129344408256681e-01
6.974260124234489266e-01
-1.009858194500201867e+00
1.022939582916144313e-01
-2.853202990141386675e+00
5.908613550708868845e-01
4.594083683659859751e-01
-1.475474056658517386e+00
3.517129959822822283e-01
-6.255162897791867849e+00
2.364440333331263133e+00
-8.267972452489623647e-01
2.063427392773418578e+00
2.524481182765003773e+00
-1.372406406878479590e+00
-8.544966139319783993e-01
-7.843209036253043775e-01
2.428246299368656214e+00
-6.482038768103168258e-02
7.936426352550683960e-01
5.442021872787996539e-01
8.450930406088273950e-01
3.373838322415344315e+00
1.360971316050033852e+00
2.000087127428403733e+01
1.001613079070295065e+00
-4.248447568024150911e+00
1.888630824253320517e+00
1.376839361460576450e-01
1.116667090760209945e-02
1.820572573997177424e+00
-8.888293180529971416e-01
4.096531072082277292e-01
2.954878837057520080e+00
-1.899813855294764375e-01
1.650035297126859923e+00
1.237262540008849498e+01
-1.647208105877693285e+00
5.803620276636211273e+00
2.917008270725877761e+00
-1.097480440760307596e+00
-1.045694649178893343e+01
4.734777704872239923e+00
-4.688447153328942352e-01
3.078210847541549278e-01
8.336430451369012395e-01
2.138035322425009543e-01
1.433118444799372559e+00
3.934676228942785681e+00
1.073670224654407424e+00
-3.755801328757830126e-01
-7.490894695214148635e-01
4.937561645597310922e-01
1.541126565885538424e+00
3.057531600059584687e+00
9.554524656262894933e-01
2.535147545631540211e+00
4.577736356697842401e-01
-1.194257672741277698e+00
3.609194560582449918e-01
-1.229961889173226547e-01
-6.247679752075769866e-01
1.710095417445098853e+00
7.180288278073954089e-01
3.018439094071082796e+00
-7.072115271778748991e+00
-1.910968143299821564e+00
-3.160538120303258758e+00
8.243380330356032681e-01
1.069212436619434214e+00
-9.796177610633501232e+00
-2.575731736674306216e+00
3.561202661507353984e+00
-2.362945252687668418e+00
3.040091610410831091e+00
-3.171502328430878315e+00
-2.804115257582419085e-01
-9.093817636479036848e-01
1.445972474706539668e+00
-1.382014656763255189e+00
3.202803479411850951e-01
1.145213028957981355e-01
-3.354258954191324360e+00
-4.932429381650575706e-02
-3.747811528333440667e-01
2.819284001548053364e+00
4.211712173362870959e-01
-6.882793278214100141e+00
2.280824729249948390e+00
-7.297329404343668724e-01
-3.959003652191396050e+00
-1.771829875302972868e+00
-1.015105120118402260e+00
-5.123479123932903612e+00
1.083171394363491163e-01
-2.826332984953702887e+00
3.705126110526638872e+00
-1.226232497698838353e+00
-3.340609917770402060e+00
3.344258996468406409e+00
2.254480679172129687e+00
-1.482353683095280372e+00
3.147928490323314010e-01
2.554402151925331044e+00
2.260932363563192271e-01
7.000575800674019078e+00
1.636038222906307738e+00
-6.797637504292617372e-01
1.911734035042638169e+00
-1.122217908196065095e-01
6.388278612078688301e-01
-2.677557713394695504e+00
-2.830535810512438299e+00
9.188796383037696192e-01
-2.857578242401772606e+00
-1.352984617472118067e+00
-7.374524077322824889e-01
-5.242227169109998641e-01
-4.387688282026520170e+00
-5.997254426992028042e-01
-6.034959739345723051e+00
6.196867985394106659e-01
-4.961971064507101903e-01
3.791409575048476643e+00
-1.519753627345352687e+00
-3.514129681250399151e-01
-5.662910229053768063e+00
-5.277510585741218563e+00
1.212704485332594562e+00
1.265156645278418202e+00
-3.126114059323399919e-01
-1.304247532817260025e+00
6.376929364231361808e-01
1.319529779601046782e+00
-1.920881022387606052e+00
-2.257577805877757360e-01
2.822390717716433794e+00
6.678252160807380378e+00
-1.614755152219702117e+00
-1.076983603551188856e-01
2.821248256753481787e+00
1.613107612411143643e+00
-1.586784336606580803e+00
1.295298946393963480e+00
1.560130517356982605e+00
1.578724847899076744e-01
-2.001715966395870350e+00
-2.049141888669757883e+00
-1.460141499335969373e+00
-1.367870169907134503e+00
-4.157437869283202025e-01
2.237980660512871811e+00
-2.377057258157305730e-01
6.279039984151379095e+00
-1.278163283147745632e+00
-2.462062782839227193e+00
-1.320930391852821462e+00
4.425102405807446182e-01
-3.880090483070033347e+00
-7.948298978008928872e-02
2.862957171658556677e-01
-3.753148671892055255e+00
1.190143841951528669e+00
-4.294984568604400255e-01
-4.621237349791947335e-01
3.920577692399146996e-01
9.533637433243354886e-01
-1.420827177765696225e+00
2.355825974249377008e+00
-6.795474616286292235e-01
2.208416356147151038e+00
3.205311455726031156e+00
-8.996874727930440629e-01
2.174487644216952287e+00
2.944905913187639168e+00
1.063636106762950062e+00
4.130467198836656806e+00
-6.150646876439062050e-01
3.204316397798381288e+00
2.993593172834319582e-01
9.719115836361180705e-01
3.834799858855257870e+00
6.032685960485429932e-01
1.122450755648926490e+00
-1.972876653433354166e+00
1.573841327383438182e+00
3.703873959162502061e+00
1.745145690276442174e+00
-2.081654943040093908e+00
3.614316114685456882e-01
-2.158319686038954188e+00
-3.667884933717204365e+00
-5.601471840989403761e-01
-7.782306430880698844e-01
-1.957681032969303681e-01
-4.893024010598913121e-01
-1.458567121449098891e-01
-2.483746622884086541e+00
-7.919994535376708722e-01
4.923611752785991058e+00
1.238202765067832889e+00
9.235998288328582939e-01
1.233598532877159704e+00
3.619353231012790717e-01
-1.162695990377490496e+00
9.487572656167847507e-01
1.004712601958017482e+00
7.773396063865180283e-02
1.089472154867206610e+00
5.793407558394175538e+00
1.830802121794131265e+00
-3.001476178554031149e-01
-7.344389007357412513e-01
2.994317004956207895e-01
5.317055703187935078e-01
-3.698219287010359735e-01
-1.880430172032163449e+00
-1.107675297116776369e-01
5.687797105732099734e-01
8.810037336842453382e-01
3.860118305345765055e+00
-4.943514680410860396e-01
-4.734238825355827629e+00
-3.192626571401322444e+00
1.835534180397230264e-01
4.715428106093131788e+00
-2.423588614890326731e+00
8.887880003899922832e-01
6.487296683699789845e+00
-6.450292651999525173e-01
-8.753118563147190834e-01
2.664934322925583965e-01
-2.054833512949771013e+00
1.098789078220017368e+00
5.901154118969146323e-01
4.040212258966930037e+00
-5.395270753810837983e-01
-1.311706848196640296e+00
-2.991830198968445931e+00
1.249032077220095127e+00
4.044528382920445253e+00
-1.453355860917273368e-01
-1.912490824591672967e+00
-1.240654426863593507e+00
-3.910398637540995370e+00
-6.974381493123493758e-01
-1.413197238464886929e-01
-7.991759443659071094e-01
-2.301777636344044531e+00
-1.961543171135812891e+00
-1.043304237527366285e-01
3.678416396952262524e+00
-4.247338990581564500e-01
-1.890188825089371694e+00
7.050572820883246328e-01
-2.610073881880612401e-01
8.198178850254492778e-01
-3.198908434821690960e+00
2.253936954435802331e+00
2.555311088964270283e+00
3.642463025373823271e-01
3.373156322898644977e+00
-3.339143616370578438e-01
-2.572974472047727890e+00
3.179943221184915902e+00
-1.273693928062919145e+00
3.132939126666396679e-02
2.945335831599926735e-01
1.728505575049865961e-01
9.015784517469576098e-01
-2.728704398314402813e+00
-1.975339747687087533e+00
-4.383341017519692961e+00
-6.879766014416803799e-01
-1.994703078152938680e+00
5.003139451723320752e-01
-8.644374024705248072e-01
-8.334870071996919094e+00
5.577756244723804935e-01
8.784736558487669100e-01
6.733036312292126069e-02
-9.543037365876254619e-01
8.570700030445042028e-01
-1.726697756778764914e+00
7.165938054145986058e-01
1.868013590223878695e-01
-5.747557357664649924e-01
3.546577881929299458e+00
-2.176376092942448270e+00
-6.571955301740397992e+00
-1.030279972461844995e+00
1.023665774475679191e+00
6.718779947412658604e-01
2.238075440835450625e+00
1.558127530040122277e+00
-3.503473947541300593e+00
5.753253577148194076e+00
-1.497685292725425610e+00
-3.464397048675532886e+00
-6.299339949453003351e-01
-1.348452503272092429e+00
-3.715819772825366574e+00
1.517307536210643404e+00
8.113739075389732047e-01
3.502434756393654425e+00
1.064075951424622968e+00
4.936694786898508380e-01
-1.875576521224230353e+00
2.736846453243479971e+00
-1.319451771390395489e+00
-7.509171904967343991e+00
7.431658080045855375e-01
-1.292867139443297564e+00
-1.176374079911412851e+00
-7.377322677962125930e+00
4.302320510228621053e+00
-1.662102498405373385e+00
3.853742116211273383e-01
1.956696380930540435e+00
-5.763800826015869072e-01
-2.707856668512488851e-01
6.604278420651020776e-01
2.997991624129339727e-01
1.467505127506358420e+00
9.361144828243215255e-01
1.737988597176342243e+00
1.127133105330031748e+00
1.007905952174422692e+00
1.368486326623578941e+00
-6.783986569820613655e-01
-5.355941902323876569e+00
-9.563986207478509805e-01
7.643248042360241135e-01
-1.937800316972789538e+00
8.200128781854758575e-01
2.277474108174172562e-01
-1.303828006914042437e+00
-2.552039750028960885e+00
-4.186827873854015891e+00
1.132400638506306567e+00
2.941262332497253773e+00
-1.291651876963994106e+01
-4.260836073332109342e-01
1.884037909642489739e-01
1.910901620882160090e+00
-1.878399883849404262e+00
-1.750334513446902829e+00
-2.148193533263317079e+00
6.381893029905845172e-01
2.948954237954791058e+00
6.295665733663795560e-01
-1.492667190282206180e+00
-6.255565051543028332e-01
8.537276561074680359e-01
7.038709017504277687e-01
1.209702798932813295e+00
7.481015640522733490e-01
1.340800812651508966e+00
-3.744220868514853251e+00
7.140584007680118861e-03
3.173909735427216106e-02
3.272216412939878971e+00
-1.150450095693324126e+00
2.037658357641215279e+00
-9.542746142660037956e-01
1.246789794219387709e-01
5.320789611378901052e-01
-1.412667583707401420e+00
-3.308132648610720761e+00
-7.178149546971983597e+00
4.951063086145404135e+00
1.307642173844618450e+00
1.948253157262886281e+00
-4.573765856722143003e-02
1.175582169658134335e+00
-1.359581998763697674e+00
3.285803471202435877e-01
-1.103458770019600799e+00
-1.445105025370323204e-01
1.191869738906641968e-01
-8.779056996579345795e-02
1.934064224524955633e-01
2.124011225953288395e+00
-7.575416550185512521e-02
2.243762426083379946e-01
3.155848404327687096e+00
4.093137001734321601e-01
1.230052951161991093e+00
-2.449914974947954571e-01
2.964424817662013600e-01
-3.984383591599175656e+00
1.021597578184276545e+00
4.934466743433396196e+00
-8.793202887247807409e-01
7.184662943366241228e-01
7.963455345152123943e-01
-1.141213593320449110e-01
-1.075243094023910473e+01
-2.062652305904061123e+00
-1.267668983374127811e-01
-2.979667732255683710e+00
-1.862977337849029302e+00
3.576713167460165432e-01
8.666996824775483610e-01
1.962408868655497907e+00
8.998078144284675783e-01
-2.916475657719972414e-01
1.568118509878718703e+00
-1.184241270044834815e+00
1.524160385096485548e+00
2.364376456811504656e+00
5.791107278094984601e+00
-1.073745512019415216e+01
1.253967654918317409e+00
-3.430456912297956240e+00
1.268925385026220987e+00
-1.612955432940356815e+00
4.775736512844979131e+00
-1.037799015215221665e+00
-2.118373865723977012e+00
1.886142413899838166e+00
-3.121463282355558810e-01
1.047787074210629221e+00
-1.735442259099204465e+00
-8.748396674414459229e-01
-1.109084133337753242e+00
6.965124457456696172e-01
-1.941653780596339196e+00
3.201398873845790471e-01
-2.679956831487028790e+00
2.909491321152927190e-01
-8.228055119186860056e-01
5.602400343556172002e-01
-2.668162988887807341e+00
-1.646722998044546138e+00
2.461029410798894201e-01
-1.284009547431395504e+00
-3.079158355689691762e-01
3.971422835690848613e-02
2.326280993478689219e+00
-2.937520035181349076e-01
7.703347648708659401e-01
7.402777311865071930e+00
3.027433392825607528e-01
3.449119125341286729e+00
1.165157451154496204e+00
3.744898902930363427e+00
-2.485492379917017214e+00
5.298618796697657229e-01
2.443961887836449132e-01
-7.101419943469243989e+00
-5.983415728109406917e-01
-6.693007581768783965e-01
6.447365562192434396e+00
-7.269513342491256136e-01
-3.725053125373197105e+00
-1.227686818984955242e+00
3.535836999159162719e+00
4.057505165053114204e+00
3.550756435447104398e+00
1.295739515253807816e+00
4.663812342843939862e-01
2.117579895414011482e+00
5.259440260529880673e-01
-6.208729433993634972e-01
2.707751360308482402e-01
2.598213172041140773e+00
1.525295293406405239e+00
-2.201655950030401154e+00
-2.055050838952604819e-01
-2.113101400188482359e-01
5.211778517177536596e-01
5.837900273599999634e-02
2.785098099337542710e+00
-4.456782569677635863e-01
-1.056765399800813077e+00
-1.237284254432030189e-01
-2.314153775304808924e+00
-3.015574116527460768e-01
9.051109673941587275e+00
7.422770059545551469e-01
-2.622727175382295606e+00
-1.865846753352508047e+00
8.115329330368675764e-01
-1.920542589126288169e+00
7.641053505582068306e-02
-1.865750632274727039e+00
3.353949268359600833e+00
4.449264991787110768e-02
-3.061665559994972696e+00
2.391207647511480960e+00
-1.197599532305442527e-01
3.582977115655610056e+00
6.794062679843947627e+00
3.379470790360303845e+00
-2.314628245847820676e+00
-6.368075606653486043e-01
6.712157111429150058e-01
-3.394522361648296127e-01
-5.764797458512499695e+00
-1.432385542883522600e+00
-3.930201195522020075e-01
-3.268034595154896138e-01
-2.778236042156841390e-01
-5.174908514962640593e-01
2.353778509829883847e-01
3.840026439484667709e+00
-3.282165363808332348e+00
-2.945800358436132083e+00
4.767064551358862978e+00
-1.094072793857339576e+00
2.579094677843815742e+00
3.749112347004934342e+00
1.470856674395131014e+00
-8.338600054758044111e-01
3.055069440159587923e-01
1.426686802335470849e+00
3.212430898609520469e+00
-5.782785411722715097e-01
4.024518904369646322e+00
4.957568768794469172e+00
-3.660008678256467363e+00
1.213618922179632076e+00
8.558875957896339148e-01
2.704721824523790286e+00
-1.899197549144891584e+00
-1.790486733104230899e+00
9.973044156741974753e-01
6.982591748572770651e-01
-8.828723271471510259e-01
5.435708135965589882e+00
-2.064225741500778089e+00
3.736013751600907540e+00
-2.194860822034522929e+00
