-3.214720472914195382e-01
-7.485489476952822407e-01
1.390012054150870702e+00
-3.268481171637029004e+00
-5.365020371692024170e-01
5.036049152033911236e-01
-1.857935535755878442e+00
-1.765142901670449627e+00
1.849449005146019731e+00
9.407017211436050630e-01
7.909177524514987567e-01
-6.213677499671668158e+00
4.002505919682527669e+00
-1.863635052822135485e+00
-1.836704842946372818e+00
8.268722690057551672e-01
-3.952015899561085455e-01
-6.579027871732696653e-01
-1.362216466981739371e+00
2.035830208004533404e+00
-1.050603107399090241e+00
7.637269099230259428e-01
3.168548642526496373e+00
2.246488496756045006e+00
-5.040709935000700082e-01
-6.346711297178408984e-01
4.664807105069208593e-01
7.330436534624196199e-01
-6.039137042545579537e-02
1.640276696353954344e+00
3.221428296334901908e+00
1.697752345625029302e-01
-9.957475128057353686e-01
-2.096754441946122385e-02
1.531717904459908519e+00
2.618894973810951488e+00
5.711148555386080794e-01
5.729645695309545372e-01
5.232479143299206825e-01
-1.652437042878472040e+00
-1.177599647467886812e-01
1.599832702124951656e+00
-6.075043706980829405e-01
-4.249869652234517653e-02
1.304665989310146657e+00
-4.155855761795401726e+00
-8.764822656657504929e-01
-1.470137202612634475e+00
5.763271742759347172e-01
-1.074067555927383566e+00
1.891406326084036138e+00
4.877222088633320074e-01
8.869162679460623755e-01
7.274090454433099318e+00
1.517701911944348669e+00
-1.046973406318538968e+00
4.386262962165751178e-01
-6.104932883637106400e-01
5.454704553758239483e-01
-1.096573835829027121e+00
6.509412182359297638e+00
4.722778071495171481e+00
4.673392978529387953e+00
2.988622658933017817e+00
-1.788470351778920220e-01
-5.312296741440869496e-01
-1.486114071663762859e+00
-7.745474004209230712e-01
2.913949318958690693e-01
-2.143063982830901715e+00
-2.890909755577443008e+00
-9.251627947142792019e-01
-1.318582148375857743e+00
-8.269077263220049323e-01
1.142205281426382640e-01
1.220106132338741193e-03
-7.359973102913622278e-02
4.950924238197098454e-02
-1.209174331103928524e-01
-6.460197592244447673e-01
-2.622545262527369303e-01
1.582018385624703205e+00
-6.010927473287285272e-01
-1.054377132028905484e+00
-1.922247402836925190e-01
-1.361017967580057386e-01
-3.771837673996949469e+00
1.447932448350979229e+00
-1.959351639792784872e-01
4.141615336818543769e-01
-8.347783795407848206e-01
-4.866705834230260902e-02
-1.215999957511677110e+00
-1.136190829039269268e+00
-2.682094304994884659e+00
3.707275731427794319e-01
-1.026251589777425477e-01
2.200179256130615713e+00
-1.397517776236948173e+00
9.892456815085867716e-02
-4.953716007663601650e-01
1.357757448286957824e-01
1.125051158132507112e+00
-3.931621247426048349e+00
7.912147000943867692e-01
-1.061120933444572589e+00
-8.070082848641612072e-01
-1.498996249270401426e+00
1.698257562369043461e+00
4.575669714731203541e+00
8.492889484142639445e-01
6.912439125438999410e-01
9.278471788368951589e-01
9.938819063308517165e-01
1.565877905471803277e+00
2.018170381312405226e+00
1.979460111481609053e+00
-3.445856410440028411e-02
-1.994795930982297405e-01
-3.327256751624967368e+00
-3.853367120680193381e-01
-4.482585511318776250e-01
8.426548317075076566e-01
-2.228751954493620513e+00
-2.992571280825515156e+00
-1.652583295196941693e+00
3.844288788770483745e+00
-2.605254710134366380e+00
-3.117522488631720989e+00
-5.212310236786033002e-02
1.067296869836872608e-01
1.388439252669859458e+00
-1.524733035301608419e+00
-8.434670901200841397e-03
2.971818844595756737e+00
5.225333569476550144e-01
-3.541717742140193526e+00
1.508050635682393059e+00
-6.149981403402702274e-01
-2.668334546473781765e-01
5.860930338797505357e-01
-7.068725911609576862e-01
-1.939353857483526108e-02
-2.122660975686641027e+00
4.729637823849812128e-01
3.547294747313269325e-01
-1.498459842391796304e+00
2.542851149540859557e-01
-5.174462163740055409e+00
2.209600071119926401e+00
-5.354211792784969726e-01
1.599409499923579725e+00
2.141755185263432892e+00
-1.123206440466148592e+00
-7.148955082090697744e-01
-2.952030914841377029e-01
1.905841988869061199e+00
-1.523858835088474570e-02
7.374102154714168300e-01
5.940072422052308232e-01
5.765590747883089229e-01
2.721887140798967764e+00
9.113214586938368500e-01
1.633573061235993507e+01
6.173237754405624944e-01
-3.464708241853151183e+00
1.559623259894910463e+00
2.456226886225732209e-01
-4.109999817533464134e-02
1.401139610596340956e+00
-5.631969740229433308e-01
4.442580307731487377e-01
2.419549485884884721e+00
-1.229888810889424033e-01
1.400022965509317707e+00
1.012712494153603870e+01
-1.512874527603462527e+00
4.630963753968237562e+00
2.575824131810819484e+00
-8.824419963519488652e-01
-8.699819745268923654e+00
4.101654087004026117e+00
-4.131646289645977133e-01
1.873353758428829563e-01
5.923576453355121618e-01
3.030016517554236510e-01
1.006561392649406583e+00
3.313401517496604498e+00
1.009934579051391834e+00
-6.762696591484718134e-02
-7.093758550698401333e-01
5.174129416988048069e-01
1.454869077404938205e+00
2.524543235941975272e+00
8.617420923549051759e-01
1.901463659863976918e+00
4.467483962503398520e-01
-9.562157286077589413e-01
3.460032140063667438e-01
5.672294424013207825e-02
-3.490102446079919596e-01
1.588739324548124499e+00
5.554127600059363123e-01
2.624722935602731511e+00
-5.450831605564991023e+00
-1.647685385105734701e+00
-2.608236855910215812e+00
8.913797512578852666e-01
9.751023134805923975e-01
-8.298323933516952522e+00
-2.035515286632845644e+00
2.885224898682559047e+00
-1.793983436227339912e+00
2.493493151651542394e+00
-2.626374874345717370e+00
-1.554761566293966502e-01
-7.257033761505784497e-01
1.468180181588326860e+00
-1.229556031164297680e+00
4.349377927450728126e-02
-3.440990602888449601e-02
-2.717786797526307918e+00
-8.563297643332598574e-02
-4.782863412417474591e-01
2.371445738138695525e+00
4.451874671733882516e-01
-5.812953461993926929e+00
1.896843328586419242e+00
-5.366006460543869538e-01
-2.629669196919235397e+00
-1.511828603467709087e+00
-1.174387171080851333e+00
-4.304449459744174256e+00
9.641925678544191469e-02
-2.322841768247476679e+00
3.155477114573971509e+00
-1.045058911869862550e+00
-3.147174832806644229e+00
2.728273744868573214e+00
1.780335304844726796e+00
-1.272492640219224258e+00
1.625730548200678971e-01
2.250817847400025773e+00
1.263382288039159064e-02
5.692404670140642331e+00
1.442399852009464079e+00
-4.620989707538780134e-01
1.551771608708139683e+00
-1.614251627998952165e-01
5.149883026193958768e-01
-2.358367205214146001e+00
-2.430237344490558282e+00
7.348931142389703020e-01
-2.352580967792599065e+00
-9.779984787284129455e-01
-7.140595849566858666e-01
-7.207172021320479294e-01
-3.641336202200804895e+00
-4.785273781026078699e-01
-4.876427903593508084e+00
5.302437700416497979e-01
-4.321953568905002596e-01
3.317903548943338166e+00
-1.366895189647584274e+00
-3.597132354458162373e-01
-4.513875384058226636e+00
-4.466162064236538498e+00
8.351696195975951698e-01
1.012925283732582393e+00
-1.335146262454555421e-01
-1.420851727658290375e+00
5.986450654298057783e-01
1.163727779367183857e+00
-1.583124862367023988e+00
-1.439917516815145127e-01
2.091533572150985343e+00
5.554892048098898805e+00
-1.206291618557232548e+00
-3.572680921261110060e-02
2.546725850304192296e+00
1.296083293149985050e+00
-1.247988814906085819e+00
1.047034552412612562e+00
1.241060930274339169e+00
3.693284340566460600e-01
-1.771642887587968396e+00
-1.661745699981618252e+00
-1.307308705907912927e+00
-1.043012417801410185e+00
-3.904018676101978502e-01
1.939064674124751919e+00
-2.841000130330710305e-01
5.408037525872234852e+00
-1.160085773757808747e+00
-2.157952529770497119e+00
-1.176431170092862244e+00
3.117019822426392861e-01
-3.481839061334494723e+00
-7.554393031215551890e-02
3.157030293842329471e-01
-3.020849121897623668e+00
6.229292092003521075e-01
-1.761939299251089608e-01
-4.293214087208346297e-01
3.361031109571250841e-01
7.576981896204189049e-01
-1.055613665296955217e+00
1.918913227143104194e+00
-6.677525103457281341e-01
1.803385353693298443e+00
2.734540134211475682e+00
-7.326235625077763824e-01
1.984983086861344059e+00
2.377532824526364941e+00
8.578506453955018207e-01
3.414228446438938747e+00
-5.689861230265224057e-01
2.739576347964599812e+00
3.929723548912913977e-01
7.275016234735758314e-01
3.081005958341775930e+00
5.196616849784116976e-01
7.549943954306159721e-01
-1.415383137718772666e+00
1.466071751124118139e+00
3.103434478560915366e+00
1.392598002833492776e+00
-1.573244184007901669e+00
3.681647727101788337e-01
-1.787114586267751326e+00
-3.233056726470012077e+00
-4.774115505304987184e-01
-5.865838397899372225e-01
6.458847155340134705e-02
-4.798972995667396546e-01
-1.035689098020600857e-01
-1.868820484894485823e+00
-7.923444598157387553e-01
4.316840758530948285e+00
9.740342674886334207e-01
7.409737178823305737e-01
9.571018003625998416e-01
3.107883127942818735e-01
-9.850507782507756938e-01
9.994533108170893243e-01
7.878742198132733243e-01
2.212637504906312669e-01
9.741206063697446238e-01
4.767718920142357319e+00
1.459358206343925213e+00
1.100166290269755515e-01
-5.810949546258840082e-01
3.868576454735434544e-01
5.487001504741007007e-01
-2.219311468431330869e-01
-1.448365480408769113e+00
-1.881000623902648605e-01
4.036059375068267174e-01
8.369942090404426382e-01
3.360515790584232221e+00
-4.380442422150686022e-01
-3.679506736207817319e+00
-2.711659929471387898e+00
2.198901593579420388e-01
3.984437078561151591e+00
-1.984015736853884215e+00
1.140239182338134816e+00
5.544472337743822976e+00
-6.383189123749477556e-01
-6.164522905573451839e-01
2.920274945604857675e-01
-1.807581534431349279e+00
9.846995484281321209e-01
3.561033778839192143e-01
3.216724224087735173e+00
-6.115476757276777642e-01
-1.078631914402637948e+00
-2.508694591966982301e+00
1.050915649284764219e+00
3.260066105038797790e+00
-2.780625011348852316e-01
-1.545258754248466593e+00
-1.138094515852268174e+00
-3.095463565724801747e+00
-6.549881595765292275e-01
-1.114041016715186690e-02
-7.800955850910578082e-01
-2.248457853569429954e+00
-1.544006824850166160e+00
-4.288012816840460206e-01
3.160204915051791907e+00
-3.219871676043638553e-01
-1.545064901481142394e+00
3.943716675588292975e-01
-2.510567172131528135e-01
4.161484214022674877e-01
-2.743411205608948134e+00
1.903516961118872031e+00
2.164140940854856865e+00
2.558576683232554605e-01
2.856186886223157195e+00
-2.805078117793638470e-01
-2.252165966021131283e+00
2.622563033706390989e+00
-1.151010396541550795e+00
-1.894689730835857899e-02
-4.611238090880197954e-02
-7.411686879788947913e-02
5.438284941031825692e-01
-2.277984910981793565e+00
-1.847007682586154109e+00
-3.467398069023472917e+00
-6.791533996825751540e-01
-1.639690534121762022e+00
5.013749017242858930e-01
-7.038856676774024601e-01
-6.804758082963654253e+00
3.319914495017237122e-01
8.718506421249294647e-01
1.707474734651241166e-01
-1.011540527256263422e+00
6.744396607320621850e-01
-1.439410781985378307e+00
5.417964188749325727e-01
2.552359107332744514e-01
-4.836237596981435294e-01
3.075079842834253174e+00
-1.755917466001787330e+00
-5.286000476872882103e+00
-6.882734378989402435e-01
9.539586942211772946e-01
5.294128003129116022e-01
2.406955135428888504e+00
1.354958481778694601e+00
-2.892958993377978683e+00
4.603683221264008196e+00
-1.210518807680742714e+00
-2.703504235571168479e+00
-5.714128545154879557e-01
-1.241379168017571644e+00
-3.054488783975224386e+00
1.117205433938040837e+00
7.234442449394709040e-01
2.736195064085920503e+00
5.363153887431991729e-01
4.557152219188081999e-01
-1.688178569651396010e+00
2.311579015614096289e+00
-1.443651749561043474e+00
-5.786653273687343280e+00
8.239031926337154754e-01
-1.042460796569876003e+00
-8.989210053275638046e-01
-5.769837015595493668e+00
3.797177371856888861e+00
-1.290658958259718991e+00
4.094481230454738996e-01
1.699305369950610656e+00
-5.444064615147986563e-01
-2.140858586208100600e-01
5.836951847070824817e-01
1.525193631552524132e-01
1.337980388249680574e+00
7.684906598311762593e-01
1.479218191041511199e+00
8.297592889914654490e-01
1.016988573873537138e+00
1.388306259517376740e+00
-5.355263122116141750e-01
-4.418919776727494586e+00
-9.032492204757819332e-01
7.861467624551359279e-01
-1.585574208097903837e+00
7.260139919858269453e-01
-9.037183110555631338e-03
-9.402959133499929623e-01
-1.911493353526216410e+00
-3.392047223251194232e+00
8.217710075973848616e-01
2.544903312178223409e+00
-1.047785980417658180e+01
-3.438395749072961083e-01
4.691119320713409840e-02
1.225764665869703007e+00
-1.509636232787894494e+00
-1.516007113970264664e+00
-1.772182743040662256e+00
2.988931414676284093e-01
2.305035702744386850e+00
6.600278797890742899e-01
-1.306789998186865809e+00
-6.585846869013193272e-01
8.526493695002189677e-01
5.754702448220100353e-01
1.091996969640222082e+00
6.534106910599404294e-01
1.043300135684367191e+00
-3.009290677488793975e+00
-1.621506029353312617e-01
-8.500240612881893032e-02
2.716580121024223526e+00
-8.351071481665506280e-01
1.528512650412126250e+00
-7.579999895369528007e-01
1.987396745299093159e-01
3.731323674795080647e-01
-1.058930386310806382e+00
-2.630395161660270542e+00
-5.924496786399760850e+00
3.984230005393986307e+00
1.064381305687521984e+00
1.606609480893542274e+00
1.733459435498386769e-01
9.815692541511630287e-01
-1.306871887764348150e+00
3.435833946786449600e-01
-9.565240376498511665e-01
-2.494149611456770443e-01
2.971659837423064679e-02
-1.716044958950728727e-01
1.944721040245849519e-01
1.722016530129665934e+00
-6.765190666744662351e-02
1.440236944741037362e-01
2.573202228593991059e+00
2.913442490895964965e-01
1.159834376698215985e+00
-2.683841570922594899e-01
2.585011576237439268e-01
-3.215632458133595772e+00
8.985943571033886412e-01
3.965247771236457552e+00
-6.196856264582411011e-01
7.501917390181870315e-01
6.248789136429319102e-01
-1.237942120538651353e-01
-8.748587902726459475e+00
-1.687347714433170109e+00
-2.310837928974424638e-01
-2.413946964281988183e+00
-1.442640967744190927e+00
2.496437267368678825e-01
6.524111988740898260e-01
1.502882565241619561e+00
9.812952293714416463e-01
-1.297978678181604395e-01
1.551666107744454015e+00
-9.138940009571044909e-01
1.453915662821709143e+00
1.973762965648564460e+00
4.802077458407354449e+00
-9.292348722936889516e+00
1.230770059607538602e+00
-2.629496016945681802e+00
7.528480755779062283e-01
-1.307343731814134768e+00
3.883231017506436622e+00
-9.095078321308175395e-01
-1.862603010306513207e+00
1.479346027286778664e+00
-3.474687469214764457e-01
9.240389535435028501e-01
-1.497606989519728815e+00
-5.751162279890321694e-01
-8.415359276544615019e-01
5.412342208631298890e-01
-1.613702568193137177e+00
2.506902342683851037e-01
-2.120279615331190914e+00
2.400434657167795360e-01
-6.416243237731231730e-01
3.985624381221830048e-01
-2.087083505631591063e+00
-1.443921317891793565e+00
2.648897419695661615e-01
-1.153322807522979998e+00
-1.838381748767194679e-01
1.627359849788812818e-01
1.965500020373496914e+00
-2.594959460413976404e-01
2.818030447372141256e-01
6.137637240666291127e+00
1.696953950386011767e-01
2.830115711889494623e+00
9.567179491428948745e-01
2.819204336355530582e+00
-2.057060240851213084e+00
6.725659685881224537e-01
4.213098346372112779e-02
-5.922674794085327044e+00
-3.099885549653250139e-01
-5.156077366189109057e-01
5.198010357513441093e+00
-6.753546925188896877e-01
-3.249602523943976085e+00
-1.070405247788421166e+00
3.056634352605235527e+00
3.548297925633553174e+00
2.936435689015166606e+00
1.010810308521965073e+00
4.638196404295919506e-01
1.777603225674199372e+00
3.515375150043434371e-01
-5.760953773254291477e-01
3.801049248072594922e-01
2.240036656507879087e+00
1.347835597913624950e+00
-1.800931793612960519e+00
-2.127355280465959286e-01
-7.829490640572625559e-02
6.202012764643864973e-01
-4.095792715821036656e-02
2.250654260834327847e+00
-5.078861390620758032e-01
-7.244324044981390598e-01
-6.289859116149117135e-02
-1.916780169734079387e+00
-4.028689152583621591e-01
7.713528844214332381e+00
5.265372128325913614e-01
-2.073891058726075265e+00
-1.440235342098297844e+00
5.526305326982974275e-01
-1.471745068567775760e+00
-2.196765522630609799e-02
-1.573489261187172472e+00
2.795581341672364051e+00
1.736925714406833687e-01
-2.524628023244657626e+00
1.886899612589280739e+00
-2.120107742881219837e-01
2.992011579999220405e+00
5.727941056486589133e+00
2.751566282823817655e+00
-1.947841507221480750e+00
-5.375430348273395609e-01
7.636222457159739241e-01
-1.458365641809281910e-01
-4.685563706280161611e+00
-1.149822073138976775e+00
-2.285201452397981892e-01
-4.547333857764772058e-01
-2.444626848750519887e-01
-4.498596760609979150e-01
2.387882899983121698e-01
3.205388299683257447e+00
-3.194169477349624753e+00
-2.433595648412651968e+00
3.931828849026375750e+00
-9.320595262365686251e-01
2.110855985505831534e+00
3.167146194735243725e+00
1.266213167441408327e+00
-7.718836289785597771e-01
4.046393072638355126e-01
1.148144266375616729e+00
2.445194542969955975e+00
-6.165586933848401507e-01
3.289965075055396593e+00
4.076060867434573076e+00
-2.932904225150294142e+00
1.063797373319093964e+00
9.519960751543738997e-01
2.370271406177170803e+00
-1.643543525067009847e+00
-1.481266343516887574e+00
6.924672584284607968e-01
7.772867770565905499e-01
-8.699413951742065443e-01
4.528372614749899050e+00
-1.801047812993696873e+00
3.119794388771088389e+00
-1.678467226846385607e+00
