-9.679992140521556099e-01
2.271372607621561013e+00
1.265173348065448566e+00
7.139963387347929569e-01
1.222304461880295401e+00
-1.067263153467710307e-01
-6.331105442913685932e-01
6.061085144451541673e+00
1.864956700671642542e+00
2.945306919794342004e+00
-3.750483054635752045e-01
-4.529010572332113349e-01
6.801827567666260954e+00
4.358435014662400131e-01
3.349459789822293754e+00
8.897235835571540852e-01
-1.579732670707009845e+00
1.098949867340193265e+01
-8.653095844909360901e-01
1.220390377122250403e+00
-6.613709066257751346e-01
3.416510938738748226e-01
1.178657833556229217e+00
-3.709436845722036136e+00
1.455263845558002034e+00
-4.932185872670642457e-01
3.028620715563452581e+00
2.475526568628567126e-01
-1.201947455800698172e+00
6.467359653709732203e-01
8.421315088055938425e-01
3.526723040996382896e-01
1.875499563452206031e+00
-1.638633230045807299e+00
-4.515531764567044803e-03
-1.906455839498072846e+00
7.675431621670917082e+00
9.848531161550920787e-01
7.898650258105464894e-02
2.359749217751085926e+00
-1.832414050745660328e+00
7.092293218095627738e-01
-1.797373236782433270e-01
-8.003072959791721064e-02
6.781746113252973274e-01
-1.036736468848021425e-01
-2.404810588547262373e+00
-1.380151174513356782e+00
1.417320553217301382e-01
2.842972662160113462e+00
-1.398354096777153277e+00
-4.240528257589483707e-01
1.923250268380562789e+00
-2.640596748452547882e+00
5.659317719822112291e-01
8.848576813886163683e-02
4.088602765936137362e-01
-9.853710164312392550e-01
-1.983112665598693258e+00
-1.338023275988102778e+00
-2.707018403839019260e+00
-1.255499487558900062e+00
-1.102627412367395809e+00
2.952125760300079893e+00
-1.075349605423954746e-01
-5.410117017007613077e-03
1.504509657203302986e+00
-3.372638755395480081e-01
-1.210240543517050460e+00
-5.442605741213821346e+00
-3.454680915144042741e-01
6.120850409394609226e-01
-6.377678160922320982e-01
1.164345735263266679e+00
-1.006730764755650043e+00
-4.465577304206343356e+00
1.152465303262788288e+00
-2.999310168928575049e-01
7.188133095323758770e-01
-2.943987152724304029e-02
-7.164158336173016561e-01
-2.377001512925226712e-03
1.384995190258985875e+00
1.795421193298027740e+00
6.788624287692125447e-01
-2.595004473717764881e+00
8.333394929872973977e-02
2.242496248364266032e-01
1.605581621635615797e+00
5.470552763752137282e-02
-1.066026000314812094e+00
1.222412262329774235e-01
-9.320842531149456933e-01
4.602012482367627277e-01
-2.974119266064428668e+00
-1.054596847282795791e+00
-8.694411155640827671e-01
3.216281598725241331e+00
-2.476541697495151517e-01
-4.353782235075265988e-02
-2.156028154006703890e-01
1.270585554570375475e+00
2.608246016631124764e+00
-1.076026657340530601e+00
-3.375972210710934007e+00
3.112708470219543444e-01
-2.202597436509974305e+00
-8.585457868352210919e-01
3.866892613421046287e-01
-9.327149222488344549e-01
3.885344290415426727e+00
-1.174086758394924657e-01
1.718140274709872573e-01
-4.545732052655121480e-01
-2.558191513697827268e-01
-2.099392213546728669e+00
-2.481066957422257246e+00
-1.323914943404350952e-01
2.005188155532634742e+00
3.024046000919273336e+00
-1.747263536220830193e+00
1.324877602810277333e+00
-7.466292443598261663e-02
1.776963473542288785e+00
1.244303723599445410e+00
3.825821440934738527e-01
-3.755994414728528241e+00
2.167484284420554130e-01
2.398210434737875763e-01
-6.084366748185526808e-01
1.605757984496857915e+00
-1.601767806467937039e+00
1.685054853995542057e-01
1.184913783677761456e+00
5.994685884209248750e-01
4.519874941612834207e-01
-3.249027979450590242e-02
-8.604617700266939395e-02
1.210766638914973825e+00
7.297533610821583139e+00
2.804960348598794173e+00
1.776314232120599357e-01
-5.923607333823315280e+00
-1.654483438272849716e+00
4.104164532360162765e-01
-1.592058169076277174e+00
6.954224625844944718e-01
-9.518055519803001463e-01
1.312935573240281206e+00
-4.666820585096158047e-01
7.150065521861914686e-02
-1.156370653020211581e+00
2.411294021414456257e+00
1.122863781846454634e+00
3.134639626893214182e+00
5.082146850631159118e+00
-1.410064811223097347e+00
-9.723377219224157986e-03
7.139157899129921603e+00
4.947726977386673886e-01
-1.240165927871967055e-01
-1.917432544615374157e+00
-9.023239018398556688e-01
2.912588274049173975e+00
-1.286042276261510020e+00
3.538219416355501412e+00
-3.994097767707316948e-01
-6.201774941212381265e-01
5.708372045790522264e+00
-1.616423423631261486e-02
-2.109254308929903843e+00
5.672916574098096909e-01
-6.322186580379645093e-01
-1.155664691271234279e-01
-5.841975340112106618e-01
5.150485679391813010e-01
-2.107182195608745534e+00
1.912189667060457676e-01
9.482404046381692590e-04
1.131443113226335617e+00
-1.552561113527452408e+00
-5.139557896402701331e+00
-1.219326268854353801e-02
-7.188187609934227895e-01
-2.170633594337122663e+00
-3.616059168763005593e-02
9.643724036163663360e-01
-5.288853461746914619e-02
-1.260384325380764059e+00
4.335725928372863303e-01
-5.144211257209235777e-01
-8.906016247682178033e-01
-1.754196235872197418e+00
1.735682893164152363e+00
4.882611273124057294e-01
-7.404505759706391244e-01
-8.975395254130807965e-01
-4.519149946337145951e-01
-8.782431769541429456e-02
-2.394093459387922063e-01
2.212870516014840305e+00
-1.145156125235724964e+00
-2.165714309198790044e+00
1.606068987535601567e+00
2.716437544382176661e+00
-2.739894574227666801e+00
1.316844759111512608e-01
2.995450885938615748e+00
3.205918597868734898e-01
4.534766099197823364e-02
3.935794435082931586e-02
2.538000501568597134e+00
3.055494460180751215e+00
-5.999992683542311189e-01
3.787475334693844453e-01
-3.559565294897773513e-03
1.251030105222109556e-01
3.076761202990632160e+00
7.746334601565968425e-01
1.388447730742917718e-01
5.111588330860937501e-02
5.654728356022042934e-02
-3.439906682386457693e+00
1.174324810904256167e-01
-1.691912961237295177e+00
-4.539620835195734005e-01
5.884118332867867007e-01
7.843727892259908518e-01
-2.339502750812596371e-03
1.694319476118855805e+00
5.327722219623626465e+00
-4.031880022112407369e-01
-1.926793326861465927e-02
-1.637047614423168262e-01
-8.897242964372389373e-01
1.235087110175491887e+00
-6.911296669977032847e-01
-1.112844932884050397e+00
-9.965856027721499144e-01
4.847343409532499647e-01
1.580053617836272434e-02
-1.383223308522207207e+00
-2.402373958080629424e-01
-5.710642533203781346e-01
7.914403151837146044e-02
6.736236204637990888e-01
3.604493888898416820e-01
-1.782243973771788559e+00
-7.364128999687333810e-01
6.723381131327881288e-01
3.623826218244791120e-02
-1.265464349995206517e+00
1.940493447874369171e+00
-1.279874392020095009e+00
-3.774967871181594159e+00
5.491844609112791487e-01
8.821431584715608842e-01
4.822131693513316275e-01
-6.435187689893282492e-01
2.611318619199951563e-01
5.245761387323774061e-01
1.571039228486245776e+00
5.355455599914849429e+00
3.261798089503767928e-01
1.946738303885707233e-01
-1.847733014018702602e-01
-1.150559919704742390e-01
-1.172840451974670906e+00
-1.303202754313299572e+00
9.245030609624504958e-01
1.696933903200405602e+00
-6.753567221744576354e-01
-1.245480873695547386e+00
7.664505302106213724e-01
-3.194000696611273060e+00
-2.734770108365002894e+00
1.832002612509147366e-01
-1.454860001636451683e+00
1.489429368617822269e-01
2.591269534987242107e+00
1.204181401108519012e+00
-8.121313292610554679e-01
-3.092090284218742546e+00
8.244755561754832929e-01
3.227498154548531950e+00
1.322632992268475860e+00
1.310376899898607617e+00
7.845085599279146837e-01
7.563915393861496417e-02
3.273169411642121163e-01
-5.931703001415432608e-01
2.155147740411164747e+00
1.958880560010322736e+00
4.045200945056268704e-01
2.223855242391832576e-02
6.960602027649383849e+00
1.646875606032307815e-01
1.040159168960974823e+00
7.591667423142870463e-01
1.958227073721111600e+00
1.836912681798241742e-01
6.977012403290621112e-01
6.019253960635568834e-01
8.883371561461540500e-01
-1.379073019739181172e+00
6.007184280214057370e-01
-4.012706749655345462e+00
-1.554310567241219854e+00
-2.461426574126192257e+00
1.385939835975881884e+00
1.538979789382862728e+00
-9.800831897376767188e-01
6.212330733949415762e-02
9.179321894256330383e-01
2.156074067360782553e+00
2.638824790807003939e+00
-1.274712907568497755e+00
-3.196564751625311507e-01
-8.120815536156872350e-02
-2.667926289752120539e-01
2.147023956003400791e+00
-2.569865764345274917e-02
2.464912597352607371e+00
1.335608603376044146e+00
9.031854859004614378e-01
-4.194347481937399369e-01
-1.182256703155529554e+00
-1.626528933662333642e+00
8.515133160171290960e-01
-1.727418598951980133e+00
6.453077808895992806e-01
1.785129021874948485e+00
5.063102275188690049e-01
-1.928744440723913378e+00
1.691690182900907669e+00
3.631406434308828590e+00
3.502104858167662260e-01
-3.439908023916307123e+00
-5.518957664477320835e-01
-4.412576461497864089e-01
1.097846139872393545e+00
-9.909504019207981962e-02
1.633688670484030991e+00
6.163053493363558344e-01
-6.230756775122784363e-01
1.083304206481532805e+00
4.555471840886259116e+00
7.916828466213728099e-03
-1.728133438307171810e+00
-1.046171879209399247e+00
4.026904229583268879e+00
2.805873588312334022e+00
2.718088429156052754e+00
2.503561487900921811e+00
1.368756225594518927e+00
6.308534941423676878e-01
-3.492972069349127295e+00
5.475842272815223399e-01
5.076682261423928200e-01
3.064722936284790755e+00
-1.116956208127381611e+00
-2.796505522711467684e-01
-2.985182630496132195e+00
1.846240604161065724e-01
1.821418906084706357e+00
-1.357613128830285204e-02
1.584029695847105401e+00
5.894505097232166646e-01
-2.605846599217896298e+00
2.514473192458237083e+00
-5.449671218924657445e+00
1.933917143991168874e+00
1.050842544366459519e+00
-6.180247387761919065e-01
-4.118736850289630436e-01
-1.404854414907362292e+00
-2.423669287940909411e-01
9.961863915965096794e-01
1.812749814734330833e+00
-1.832793415935740189e+00
-1.908790409847365144e+00
5.562795075687425594e-01
-6.058955152066932470e+00
-5.326406362521124427e-01
-2.071423664240989115e+00
-1.592164268165130458e+00
-2.834837642723740392e-01
-2.596906896517746421e+00
-4.109574052382440335e-01
-9.419376436617281634e-01
2.596944604021989011e+00
2.976445815012068175e-01
-5.860099280654649245e-01
-1.026574860716936155e-01
1.570881224180980418e+00
-7.907237711245664880e-01
-1.840258021128307053e+00
4.311432737989782105e+00
2.865040319584695183e+00
3.351305757742605529e+00
2.470715183332990339e+00
3.211323214169574114e-01
4.652583653609574932e-01
-8.387033014507445927e-02
1.418899200136953809e-01
5.458110490595795561e-01
5.966792723771012774e-01
-6.168757094726662338e-01
9.392260081293428708e-01
-3.348887497951622549e-01
1.310985029717579353e+00
5.506667220831380494e-01
-3.234807903965530862e+00
-9.811987188349221567e-01
7.457072175044627826e-01
-2.461047526154838128e+00
-2.297205366581049624e-02
1.643490631209125086e+00
-2.623800746930465166e+00
3.079813278496259521e+00
-4.823131332405147909e+00
-9.628414574113719482e-01
-2.447641720379746477e+00
2.449058517482554986e+00
5.514638754593143011e-01
4.213412206233245749e-01
8.587052117341077428e-01
-1.154558357347412301e+00
9.976321770336961381e-02
7.537955832115169619e-01
3.163943145385531786e+00
2.053994674863402370e+00
-6.325344511962095240e+00
2.586553469536811090e+00
7.145083026628806788e-02
-1.832058864908746143e+00
2.046630547336415751e-02
2.854420991155560472e+00
-5.113720257093922195e-01
-9.635967629811401647e-01
3.288043119340713805e+00
6.967242420324550878e-01
-4.795762124472036980e+00
-1.448602151182463604e+00
-4.232327128502029190e-01
2.730927463472021532e+00
-1.317970562973181381e-01
2.136285197983463391e+00
-9.198343380396294400e-01
1.032708529424883892e+00
-3.285237289171244690e+00
-1.449806506473147572e+00
-9.776741683703101815e-01
2.732732266051419501e+00
5.643089644083130629e+00
-8.566107684842559911e-01
3.248246205176021029e+00
3.395740315712397761e-02
3.147029667903595840e+00
2.900249313290989228e+00
-1.390497600947888213e+00
2.888828774091768414e-01
4.699841282751542337e-01
3.082247660473873108e+00
9.575671150722583347e-01
-1.305590432670890699e+00
1.890547743348915954e+00
-8.613248186188762201e-01
4.562685200312623923e-01
8.870237962607249727e-02
-9.384090903324536770e-01
3.767722952039050277e+00
1.184237564765276418e-01
-2.199485501074275984e+00
-7.430024357659092971e-01
4.081543366243521653e+00
-2.312372119421993943e+00
3.234586153640301581e-02
-1.158292356812146151e+00
6.539019781027191613e-02
3.065787575044832125e-01
8.495029573589816252e-01
3.180792226038665849e+00
-9.987975623039716533e-01
1.472223513631670810e+00
-3.386333132222745235e+00
3.304257450701138521e-01
2.832353094664441517e-01
1.027651730378176254e-01
3.810448302317959168e+00
3.719016683307292404e-01
1.466766121922455479e+00
-3.434923336574233210e-01
-2.492456268263537389e+00
4.108344489130188459e-01
-5.940129603087092036e-01
-1.013115515380410780e+00
-1.450404655642663965e+00
-3.542762501650407736e-01
6.865338702089068823e-02
-4.835226636750430407e-01
1.764023153533671173e-01
-1.383676130755207012e+00
-6.544464955250339777e-01
-7.751986103520592586e+00
-1.544520784486363318e+00
-3.603481091567223960e+00
-7.479296775373587280e-01
8.486379509288798362e-01
-3.700131030622211270e-02
-2.098194758426989548e+00
2.991965565115639047e-01
6.095235682818312961e-01
-7.593210615965191312e-01
-1.073168689908913676e+00
-6.999605872061608058e-02
-2.003201725831861568e-01
9.159173604465832952e+00
-2.241655424390617823e-01
7.712505287616454597e-01
-3.574383215626005666e-02
1.876301696958034282e-01
1.210482521593282623e+00
-2.919006952857448933e+00
8.967184403403961612e-01
-1.661548831262269710e+00
2.061052548750587299e+00
-9.815941903460288387e+00
-1.423415854793969870e-01
3.506317875564516906e-01
2.771522970660345586e-01
2.796391533317997211e-02
5.333494650740277621e+00
4.528410412865961909e-01
-4.683302951133577530e+00
-1.437811131126437880e+00
1.057093304565551506e+00
-1.980984100003794213e+00
-3.274727287074909565e+00
-2.242253468509735725e+00
5.343227078284514819e-01
5.194856323694219125e-01
1.928746196512861888e-01
2.593487869038200166e-01
-1.499359781564493010e+00
1.514936109275373255e+00
1.937203417908422431e-01
-4.439138175632509342e-01
-7.854355650667291244e-02
5.316505068721727456e-02
1.066178871936562134e+00
6.017660018520962772e-01
4.352045417500598035e+00
1.694625856016233501e+00
4.518235611698734333e-01
2.034182168782753930e+00
1.369124809162276968e+00
-1.597759338256558026e-01
7.036822020839065495e+00
-5.373305536651313830e-01
1.053032319102549241e+00
1.613474766033851981e+00
-2.982963585566814069e-01
-4.987492517900653510e+00
-8.602278800968472527e-01
-5.967301025213820331e-01
1.758646345817403533e+00
-1.611674245120024163e-01
-4.861839458703503425e+00
4.809251660421196561e-01
-7.766628149076169052e-01
-1.637740103942192660e-01
-1.169234733741522314e+00
1.995051656298256093e+00
-7.033813826652765000e-01
3.685915431572633350e-01
-9.171452348699450363e-01
8.350032870922174943e-01
2.377959474316201582e+00
8.845866519397156402e-01
3.747742235889142681e-02
-1.179608019811145381e+00
2.718623034259011195e-01
6.947236416129537240e+00
-2.461446321848809848e+00
1.866363638844434458e+00
-6.153194510237150472e-02
3.929778586983957017e-02
-1.969672485221633629e+00
-8.404636358810844143e-01
8.604315381458472745e-01
-1.088207789676470805e+00
2.457582676692621204e-02
-1.268016819204339951e+00
1.937590120664108628e+00
-5.579100586980741960e-01
1.075404370628017525e-01
-4.678372217216694023e-02
6.388807678166191772e-01
-4.441390558976993086e-01
-4.689840723546791601e+00
3.173867393723059926e-01
1.092792812657335633e+00
1.118860962230338707e+00
-6.456192518659085167e-01
-3.353852271994772760e-01
2.792119563145155414e+00
3.105939959158884989e+00
1.200374606975431302e+00
-2.448283010911269653e+00
2.240051186991498522e-01
-7.198957667366416846e-01
-6.980813236173117886e-01
-2.666050568319771052e-01
-3.913888131196602838e-01
1.397857491163767785e+00
-8.483114640101847570e+00
1.713784678963684804e+00
3.641344968948977412e-01
4.418619274632022531e+00
-2.209417588204849459e+00
-2.829112322812026292e+00
3.895331093321994231e-01
-4.646548395009778787e+00
1.467430805398497462e+00
1.452828611321858920e+00
7.936809288956589992e-01
5.742038795323275657e+00
8.364006778917239870e+00
-1.409619976864889601e+00
-1.716622207069911310e+00
5.681043640699064978e-01
-1.708792495839114967e+00
-4.832033197501566790e-01
-6.967828971745819722e-01
4.512672833239480541e-01
7.060715151741054907e-01
1.504301642865490431e-02
9.914939657752597224e-01
1.473357671934609092e+00
-1.408700304539419190e-01
-4.710203574960947215e-01
-2.441872647381408079e+00
4.852021696612823787e-01
2.996276744062619901e+00
-1.054272883256868326e-01
-6.812648366494310492e-01
-6.653276674119421585e-01
-6.017275803337659434e-01
-1.063841433180313878e+00
5.618447475572164729e-01
1.462809345072526301e-01
2.539088435822984824e-01
-1.773094301208750556e+00
-1.755243454389972646e+00
-2.948179216864164509e+00
-9.077697693364808473e-02
5.062084509062648729e-01
-2.316524904970013399e+00
-7.175103289302357190e+00
2.117467001031075324e-01
-5.303768885400120814e-01
-1.291247456596833265e+00
-1.227722670217305412e+00
-6.870213088660632739e-01
9.568835968851447937e-01
-8.599118222509311016e-02
5.977675153542179043e-01
-3.640386957858714467e-01
-8.255640743027061745e-01
1.261326812575932932e+00
-4.090937622709753252e-01
1.595657528874593556e+00
