-4.426125891316299854e-01
-8.450920359129795445e-01
1.569451465795099754e+00
-3.654305422402653214e+00
-5.927488917953057657e-01
5.837507756937541092e-01
-2.107850051221279220e+00
-1.888458377413329004e+00
2.097594983251637846e+00
9.670373653725541363e-01
9.556951340323740496e-01
-7.036323469743440029e+00
4.398115356184546521e+00
-2.054457707993391669e+00
-1.908576791915248538e+00
9.130635758572828165e-01
-3.714704045541444288e-01
-6.216143876610035202e-01
-1.482920072384857457e+00
2.517180577279104714e+00
-1.179604317692637627e+00
8.451093152710963397e-01
3.517839487911114116e+00
2.420046122722846693e+00
-5.960848437010725087e-01
-7.676092550982063223e-01
5.936133316045202335e-01
7.869648918953433547e-01
-2.612851793158705097e-02
1.718640265954348267e+00
3.565944331660473754e+00
1.795180570717253843e-01
-1.132513719902418226e+00
3.181588638338476299e-02
1.718397406944440320e+00
2.462333798491783909e+00
6.644870573822480031e-01
6.171986216613341014e-01
5.527466583600008088e-01
-1.809687600908985283e+00
-2.352536829698959331e-01
1.800543793120880087e+00
-6.007884837916643850e-01
-1.220998388732475945e-02
1.429418001634976898e+00
-4.634140598685692503e+00
-9.451614253125075749e-01
-1.707407670800530353e+00
6.241101709694100164e-01
-1.045667676730327011e+00
2.172669258438111761e+00
5.687470401163313705e-01
9.503509734840108747e-01
8.173458864183826833e+00
1.734041365765954579e+00
-1.137523254949102558e+00
4.525379457153260732e-01
-6.930336205031384367e-01
6.467491875120003897e-01
-1.158692471591829642e+00
7.160100649569827169e+00
5.091859961278019320e+00
5.112050498530292586e+00
3.329372976345780444e+00
-2.511850016429497678e-01
-6.172699583348542074e-01
-1.516297663586043010e+00
-8.611553817651366183e-01
2.616699546156264766e-01
-2.364362155598136006e+00
-3.179773323386444250e+00
-9.586770174965190128e-01
-1.393054447867301038e+00
-9.326053903911561971e-01
9.949613443106551658e-02
2.570130840760671137e-02
-6.364972922454287252e-02
5.913264271544935863e-02
-1.034419798989612560e-01
-6.272912913203246843e-01
-2.969798399469316674e-01
1.699881899246999284e+00
-6.271623269560882008e-01
-1.138609554944327140e+00
-2.823223583608899245e-01
-9.570732545629043186e-02
-4.150524200056949553e+00
1.549112568620384822e+00
-1.821085183489865311e-01
4.401016248445415724e-01
-8.617042149732097034e-01
3.045392637828292157e-02
-1.233813978288763158e+00
-1.262333188225687186e+00
-2.824801410079837094e+00
2.873254841112053981e-01
-1.082209349784390151e-01
2.472016967006358534e+00
-1.525779991018678450e+00
4.126590840425639617e-02
-6.728358217074795755e-01
1.725848022972175655e-01
1.338900277314035714e+00
-4.337331549946640052e+00
9.079877226430016490e-01
-1.199035843540043222e+00
-1.044158096852921158e+00
-1.677268237228316972e+00
1.878640340987867141e+00
4.981656391028121966e+00
6.778688259824978690e-01
7.952758329240023905e-01
1.076246096700645527e+00
1.128761342621237063e+00
1.912725729847500444e+00
2.286833995029105449e+00
2.214172048519637226e+00
-1.980784935358636534e-01
-2.480601614425427814e-01
-3.665048449414720633e+00
-3.748869266196838690e-01
-3.576248344665673429e-01
9.646334830891344359e-01
-2.442721201893272021e+00
-3.381845349340625528e+00
-1.801466239825208593e+00
4.156090630717478973e+00
-2.987962488821107598e+00
-3.513755610894643056e+00
-1.055117324127125694e-01
2.064315794043714847e-01
1.522545467142210285e+00
-1.740892536489946796e+00
1.238380125441485013e-01
3.281084224493032053e+00
5.948802176221529292e-01
-3.961031396057432818e+00
1.619558883796195170e+00
-7.290978672926038406e-01
-3.237252127578476579e-01
6.416765141510381021e-01
-8.582297243803239661e-01
4.140707968544702494e-02
-2.488616779409914326e+00
5.320911817636881924e-01
4.073051391847945513e-01
-1.487528277367716534e+00
3.031115094160664047e-01
-5.714792568589085242e+00
2.287172882643143890e+00
-6.814444415374852904e-01
1.831368070524915348e+00
2.332684866393125223e+00
-1.247728707508232615e+00
-7.847956808285270203e-01
-5.388083287999673177e-01
2.166864052249609429e+00
-3.963421519314239833e-02
7.655026148835415434e-01
5.687217645730410220e-01
7.107739611808310265e-01
3.047877866948358605e+00
1.136089629178091975e+00
1.816793746206138138e+01
8.100725223922062845e-01
-3.856364256690073322e+00
1.724132530255002349e+00
1.915700117122267065e-01
-1.492071492670254441e-02
1.610891388069829899e+00
-7.259996291559636106e-01
4.269016187598775880e-01
2.687267280404737058e+00
-1.565752259041311434e-01
1.525117270322629448e+00
1.125017103659211060e+01
-1.580178051129443206e+00
5.217124175697550825e+00
2.746556212082541304e+00
-9.894934178655984125e-01
-9.578572260884559597e+00
4.417982693675372552e+00
-4.410044381011655190e-01
2.474357143756080457e-01
7.128734400630326595e-01
2.581895208626974747e-01
1.220267421320379908e+00
3.624474086480816926e+00
1.041695113319389465e+00
-2.215832142065790600e-01
-7.293986834427034216e-01
5.057758956317864873e-01
1.497825040513560468e+00
2.791073376014459928e+00
9.086255963673258718e-01
2.219635544424139351e+00
4.521734738770794571e-01
-1.075982337333552197e+00
3.534660451861234010e-01
-3.320095879188838389e-02
-4.867417268239457306e-01
1.649456460327966223e+00
6.367316404842792155e-01
2.821570194980730584e+00
-6.261412988510758559e+00
-1.779306503526559391e+00
-2.885456224529729496e+00
8.576982869340005200e-01
1.022616555077864975e+00
-9.047401793346786292e+00
-2.305575346663619740e+00
3.222705826282442398e+00
-2.078369342688491272e+00
2.767029428003644931e+00
-2.898703710984706916e+00
-2.180969821534564090e-01
-8.176103605885559622e-01
1.457356711018337192e+00
-1.305730483808635878e+00
1.818470726744080834e-01
4.028730238128790803e-02
-3.036057577226134452e+00
-6.763996402859467905e-02
-4.263547636908274208e-01
2.595442775301653349e+00
4.332775212274506127e-01
-6.348122191902722200e+00
2.088897249870099060e+00
-6.333211576551910360e-01
-3.293104684105613078e+00
-1.641857197023810722e+00
-1.095023926015782134e+00
-4.713668261381727120e+00
1.028226912800399434e-01
-2.574977318745744981e+00
3.430347433553504022e+00
-1.135498082762233185e+00
-3.243462166022485604e+00
3.036299067552105324e+00
2.017429950706918884e+00
-1.377580427762835402e+00
2.390619842651752758e-01
2.402626873974700761e+00
1.197151684217815509e-01
6.346605178448107232e+00
1.539050469390166542e+00
-5.705793110706147697e-01
1.731636565805833916e+00
-1.366496299068601927e-01
5.765020204939177439e-01
-2.518075545025206363e+00
-2.630647610032248895e+00
8.269274352259441407e-01
-2.605612258843751583e+00
-1.165351514890493378e+00
-7.257180919136937414e-01
-6.221146679539029112e-01
-4.014252284722041431e+00
-5.390634163565077852e-01
-5.455863752235321940e+00
5.745718318565870009e-01
-4.642279103504944326e-01
3.554302982797194144e+00
-1.443202003718945026e+00
-3.555207041755306663e-01
-5.088829190172095451e+00
-4.871969036627503691e+00
1.023965869379035221e+00
1.139533452002203573e+00
-2.231256010180802107e-01
-1.362946866211804720e+00
6.180762630073637354e-01
1.241773377898148567e+00
-1.752001931128663870e+00
-1.839724275260675168e-01
2.456735927639986272e+00
6.116568056962320199e+00
-1.410393207851724506e+00
-7.174124189856534439e-02
2.683738325656681134e+00
1.454590716893018998e+00
-1.417539431567602204e+00
1.171141093557911628e+00
1.400514377642240849e+00
2.640064691284137455e-01
-1.886650104053453791e+00
-1.855510314902001578e+00
-1.383461572265294981e+00
-1.205442623744123809e+00
-4.032129709135292006e-01
2.088347467127387613e+00
-2.608456521116492288e-01
5.843649688901642492e+00
-1.218903784328721818e+00
-2.310442657556844637e+00
-1.248626599818420946e+00
3.771130850012669455e-01
-3.681092555123901100e+00
-7.743329763827203061e-02
3.009667354102819048e-01
-3.387092357038579138e+00
9.064125093367286778e-01
-3.014689620072941723e-01
-4.457333649031726130e-01
3.648176652151975952e-01
8.559523509349703518e-01
-1.238013953409123236e+00
2.137287592636823774e+00
-6.736928924644890460e-01
2.005953031082002624e+00
2.969932337965879743e+00
-8.162413636213169399e-01
2.079991530566402513e+00
2.660998958993558983e+00
9.615879664810020877e-01
3.772310789623515959e+00
-5.918521990073560834e-01
2.972435859385654577e+00
3.464319746774219277e-01
8.498434535273170498e-01
3.457673891264254173e+00
5.614334260215404493e-01
9.386334529453735920e-01
-1.694489929663283823e+00
1.519786491763266190e+00
3.403767033921114127e+00
1.568817258846732621e+00
-1.827248112759797483e+00
3.647579995095140415e-01
-1.972710862739775806e+00
-3.450397369000698156e+00
-5.196575564634876576e-01
-6.824617072947212204e-01
-6.561240911502419504e-02
-4.844844629435061112e-01
-1.250507987398592202e-01
-2.176539153310049102e+00
-7.920352028909249942e-01
4.620308244903678307e+00
1.106254750031780754e+00
8.323212554737050572e-01
1.095676191014764100e+00
3.363843287190492193e-01
-1.073693218672861605e+00
9.740966956809702371e-01
8.963083492491429327e-01
1.495870615457410568e-01
1.031792474690724326e+00
5.280755367778002807e+00
1.645372453379883915e+00
-9.509562644673232035e-02
-6.574196601703663490e-01
3.431592019334631094e-01
5.389526936387214473e-01
-2.956786989422892642e-01
-1.664457272223318629e+00
-1.494117306218023522e-01
4.861963371690661839e-01
8.589426105002762046e-01
3.610276176093394351e+00
-4.662321555281236929e-01
-4.207497100758242681e+00
-2.952630895335479622e+00
2.016996452613783741e-01
4.350018407336559534e+00
-2.203914240172785366e+00
1.014619658646519040e+00
6.015993169650284855e+00
-6.414323805913076937e-01
-7.458826531077350497e-01
2.792530602597872447e-01
-1.931388475491551127e+00
1.041823166067139761e+00
4.725609463211497552e-01
3.628447240693499776e+00
-5.757332584754788485e-01
-1.196638547267534491e+00
-2.750217970916879029e+00
1.150039114042290533e+00
3.652456651495858519e+00
-2.117185147273646928e-01
-1.728943381385907196e+00
-1.189423779985423701e+00
-3.503162277901399779e+00
-6.761064010540920322e-01
-7.631790151064696270e-02
-7.896599328268733009e-01
-2.275664059098759573e+00
-1.751534222171543531e+00
-2.668611863459085520e-01
3.419718986464342692e+00
-3.729590160159141909e-01
-1.717570889468730488e+00
5.497784006809846025e-01
-2.559636899722529946e-01
6.180641131903101826e-01
-2.971559945624712817e+00
2.078632375529236853e+00
2.359657354386587524e+00
3.105490329190155885e-01
3.114483253880088842e+00
-3.065203879731455694e-01
-2.412047792527437728e+00
2.901146844550626991e+00
-1.212453121880232576e+00
6.312885467109503705e-03
1.242245269208281239e-01
4.931578667148556888e-02
7.232705362534099791e-01
-2.503330516974789699e+00
-1.912144222140998773e+00
-3.924922003933736914e+00
-6.842618317551493190e-01
-1.817427626997478063e+00
5.007024087377296429e-01
-7.843714350016611769e-01
-7.569961145966776606e+00
4.450789682580187367e-01
8.755700318374813884e-01
1.189955932105855874e-01
-9.829138576073055411e-01
7.658826826773235119e-01
-1.583010341007123900e+00
6.290711185865835997e-01
2.209917290899418296e-01
-5.291211711279895091e-01
3.309899974806956635e+00
-1.965909865388689060e+00
-5.928600531977352261e+00
-8.589022584130070470e-01
9.891412815245860246e-01
6.005619271587719910e-01
2.323162152510370948e+00
1.456129070966486694e+00
-3.197613978328716300e+00
5.178698911436020680e+00
-1.354083946652399062e+00
-3.084136565344912206e+00
-6.005194883451765442e-01
-1.293993032659293441e+00
-3.385268912490714932e+00
1.317229804828655704e+00
7.670227617773597295e-01
3.119519117273358955e+00
8.001719243263840653e-01
4.744178138897852670e-01
-1.781336805743471974e+00
2.524285663862268159e+00
-1.381811346204958380e+00
-6.648781039041861796e+00
7.837985770451112444e-01
-1.167807791842899734e+00
-1.038261742436809021e+00
-6.573549144487790485e+00
4.049641855058832896e+00
-1.475175690066204526e+00
3.971543883329861635e-01
1.828204238778685209e+00
-5.604239943999882456e-01
-2.434756029030448465e-01
6.220769333700826298e-01
2.261321178292838296e-01
1.402203413202354421e+00
8.521581595982080648e-01
1.608732283150210440e+00
9.783012332999196925e-01
1.012635984087915553e+00
1.379636449148798460e+00
-6.069939526764186466e-01
-4.887686414539998303e+00
-9.299514319187602851e-01
7.751662061076738386e-01
-1.761694002998399400e+00
7.737586846360725579e-01
1.093159385479313683e-01
-1.122059652889633607e+00
-2.230852729253927080e+00
-3.789369854187677245e+00
9.775578506291358050e-01
2.743038914715315801e+00
-1.169745203304147196e+01
-3.848898722694991670e-01
1.177428604618329516e-01
1.568583205032912042e+00
-1.694191762532042178e+00
-1.633326339347602518e+00
-1.960078560880651466e+00
4.686972128465950460e-01
2.627137513841616201e+00
6.442061462522551407e-01
-1.399164402870408441e+00
-6.419910364356145038e-01
8.532361871234044326e-01
6.396829241072895522e-01
1.150226519197074193e+00
7.007835528749991605e-01
1.192185593767245866e+00
-3.376558943486156927e+00
-7.747648132753748307e-02
-2.663237264765418166e-02
2.993062516500442971e+00
-9.926545508675733709e-01
1.783172441874725234e+00
-8.558419361130702452e-01
1.615256124009401828e-01
4.528208258244975637e-01
-1.236067515005795148e+00
-2.969446337878263176e+00
-6.550279777353845923e+00
4.467763705795962714e+00
1.185974774396883813e+00
1.777315921936321041e+00
6.394945685311576034e-02
1.078611524111025455e+00
-1.333236896732304277e+00
3.363470454974173407e-01
-1.029940821517705496e+00
-1.968958945088100376e-01
7.441787928574389310e-02
-1.297095300230290682e-01
1.941497121558203032e-01
1.922996931468168746e+00
-7.178810397977439250e-02
1.842011175079118768e-01
2.864623729464454094e+00
3.504242321102857827e-01
1.194998705521014282e+00
-2.566159796282452832e-01
2.774125333020439621e-01
-3.600381617339137641e+00
9.601436111874263046e-01
4.449966696517469344e+00
-7.494403693273936629e-01
7.342641085890915242e-01
7.105448509954904734e-01
-1.183976848390714126e-01
-9.750463068263609756e+00
-1.874934188242702415e+00
-1.788626965544054259e-01
-2.696358817410738240e+00
-1.652663075247711832e+00
3.036575839043780811e-01
7.595896251846534497e-01
1.732638173184013031e+00
9.407663250788517173e-01
-2.106332132038374882e-01
1.559867949126440001e+00
-1.049144938241400871e+00
1.489363069772714931e+00
2.169057652927801616e+00
5.296646733542385022e+00
-1.001733859374076552e+01
1.242233565222086611e+00
-3.029913329127280175e+00
1.010744166341360994e+00
-1.460157276088768663e+00
4.329319273661327294e+00
-9.735864609929192337e-01
-1.990400254216774245e+00
1.682777228301493899e+00
-3.299031930482728692e-01
9.859541916507356119e-01
-1.616502692353832371e+00
-7.250064724063867150e-01
-9.752561753519520815e-01
6.190178321923046623e-01
-1.777596673287113349e+00
2.855072484391130150e-01
-2.400094641962902564e+00
2.655402112874969411e-01
-7.321145566839167840e-01
4.793923489454586795e-01
-2.377642225899632589e+00
-1.545291767475279965e+00
2.551521658080965205e-01
-1.218456362095186485e+00
-2.464355388000801506e-01
1.012631119319760409e-01
2.145920901491759736e+00
-2.764987957617036640e-01
5.259495434558421056e-01
6.770228703733494946e+00
2.364987599192143741e-01
3.140029927213726868e+00
1.060835366708265282e+00
3.281120357118179065e+00
-2.271352376460535449e+00
5.998678662005140216e-01
1.431019625710572007e-01
-6.511670024256152267e+00
-4.541567627196520518e-01
-5.924309006830564828e-01
5.822717890456676315e+00
-7.011688830965742136e-01
-3.487115845373013556e+00
-1.148981894614035104e+00
3.296272933214903667e+00
3.802973412886505589e+00
3.243822579649474847e+00
1.153207355688654179e+00
4.649906909611115080e-01
1.947713368013993085e+00
4.388765351032058448e-01
-5.985201798309859322e-01
3.253159833565496539e-01
2.419142943815146385e+00
1.436606152203995235e+00
-2.001453970540317595e+00
-2.089949888093357577e-01
-1.448414945854691604e-01
5.705986547155156297e-01
8.653923247432091306e-03
2.517793853800985637e+00
-4.767727691370066689e-01
-8.902922657955446573e-01
-9.338688375959830479e-02
-2.115285526736813360e+00
-3.525983419277909370e-01
8.382599683474547092e+00
6.344118445026479813e-01
-2.348209180225825143e+00
-1.652711389321934066e+00
6.821209429006197533e-01
-1.695837155360626847e+00
2.722263042146309819e-02
-1.719601923590376336e+00
3.075276005221524667e+00
1.091169745893528081e-01
-2.793095047148545174e+00
2.138960943276648763e+00
-1.657442807154159703e-01
3.287927317089684554e+00
6.260644574837641585e+00
3.064829650348113610e+00
-2.131529171129177946e+00
-5.871566516306818695e-01
7.172641975067829412e-01
-2.426320444944437826e-01
-5.225082752317979917e+00
-1.291282450203524945e+00
-3.114174913753589014e-01
-3.908105978624593080e-01
-2.611914662720853930e-01
-4.837230420413607401e-01
2.370596633249661966e-01
3.523262390066651761e+00
-3.237987625869976682e+00
-2.689770514686697034e+00
4.349364056496401787e+00
-1.012827229443525212e+00
2.344912539855583677e+00
3.457540827773470049e+00
1.368347699567653120e+00
-8.029403828661255682e-01
3.549382444206624077e-01
1.287339389191616723e+00
2.828881957085058296e+00
-5.977292754192575774e-01
3.657334805633919217e+00
4.516796115705153269e+00
-3.296296291819177604e+00
1.138364690660442990e+00
9.039130146218142814e-01
2.537431160686714371e+00
-1.771333600361570948e+00
-1.636079218457283213e+00
8.444104466757971217e-01
7.377164241960760815e-01
-8.763681212322195213e-01
4.982104803064555831e+00
-1.932745746284489474e+00
3.427819935236908755e+00
-1.936830753519029891e+00
