-5.347104226010076511e-01
-9.418018427662123715e-01
1.919027774327108693e+00
-4.077784515055036252e+00
-6.315327800268932812e-01
6.182041117076695347e-01
-2.398450851557892616e+00
-2.017986814666526740e+00
2.600295394153432138e+00
9.290160543871430754e-01
1.142131973636496323e+00
-7.891240901031654431e+00
4.704038891964197333e+00
-2.311977534041793625e+00
-2.025836433359620159e+00
1.076332389872914019e+00
-3.695083406885307786e-01
-6.721047773591359853e-01
-1.668613356427480543e+00
2.966115213290062780e+00
-1.355259610294864636e+00
9.281759448690268810e-01
3.899338916625169738e+00
2.523634132295843990e+00
-7.743839073752353253e-01
-8.527164865662324456e-01
7.168889079961495714e-01
8.435529040055577132e-01
-1.018740923678279793e-02
1.789413478798024482e+00
3.978115504062754937e+00
1.747379998942446555e-01
-1.310323112482647545e+00
1.247768349794762116e-01
1.975090717077771174e+00
2.310285891600238006e+00
7.942373141510642442e-01
7.342887748458633013e-01
5.632147685448202212e-01
-1.962966502450240958e+00
-2.986627557134544642e-01
2.008956360044688694e+00
-5.643768358357356130e-01
3.534696043233807872e-02
1.565747386789918316e+00
-5.037020385170118075e+00
-1.048760486868518971e+00
-1.928066890955288493e+00
6.656623236127111598e-01
-1.296977486550175529e+00
2.412685602453142675e+00
7.249226212745699671e-01
1.135052121099191291e+00
9.056467588498573917e+00
1.931784986976550211e+00
-1.167891130614353568e+00
3.934443840730404429e-01
-3.635648968878114617e-01
7.110035889306821622e-01
-1.177364671650324990e+00
7.896719255293291440e+00
5.585510533474436379e+00
5.447260029256372427e+00
3.582415830332296824e+00
-3.169720168893239709e-01
-7.582654642953919888e-01
-1.446263391843044754e+00
-8.714422051975250216e-01
2.662903894458739651e-01
-2.676149151497861034e+00
-3.528340772429769512e+00
-9.552854529755624435e-01
-1.557277230953608260e+00
-9.855968436725219828e-01
6.036390973730862419e-02
-3.272267652920440861e-02
2.034125675633641911e-02
2.260254102998945566e-02
-5.355514325443422319e-02
-5.722582809788248071e-01
-3.669702358112936769e-01
1.869681231575275993e+00
-6.074329150711652581e-01
-1.224592347832467176e+00
-4.296820474567462078e-01
-5.156273853910348787e-02
-4.556330247379614562e+00
1.602994926015700150e+00
-8.879930898563140329e-02
4.564414088974181327e-01
-9.138738446822770589e-01
1.060652032497840652e-01
-1.295100333423112149e+00
-1.375968487426363351e+00
-2.765948523412273374e+00
5.220721786460862379e-01
-8.256554075400346360e-02
2.747321101320396419e+00
-1.577610501149600664e+00
-4.328417931021195930e-02
-7.805741905203202879e-01
1.446188984132200372e-01
1.563608902831780112e+00
-4.654721850316839493e+00
1.055159676709173766e+00
-1.448731224459896438e+00
-1.232870428116499051e+00
-1.837788487516290425e+00
2.111291727270486529e+00
5.719534425565513835e+00
7.693825242349839888e-01
9.082023311677769328e-01
1.262504162777251082e+00
1.451090409360378919e+00
2.227121198799660196e+00
2.664984823573756323e+00
2.232508792936286124e+00
-4.009378828652469529e-01
-3.083443355912369732e-01
-4.131535147935471386e+00
-3.281491214102994491e-01
-3.107410005053726221e-01
1.148285136631043812e+00
-2.609714603518794807e+00
-3.652464881162222898e+00
-2.044188805694529876e+00
4.565209421011531710e+00
-3.345545568721458363e+00
-3.645728804044412463e+00
-1.550884403162430814e-01
2.989347993393887681e-01
1.657683604903648078e+00
-2.177990253428408796e+00
1.747159783739397065e-01
3.678394902611426875e+00
6.038746845992767343e-01
-4.514672284264252156e+00
1.684911443330951997e+00
-8.400954541001969256e-01
-4.407890825971869098e-01
5.671046563335216950e-01
-1.039423509352160879e+00
1.249124521485081712e-01
-2.958112630378560315e+00
6.730822617485804349e-01
4.487402830036290036e-01
-1.588943240486190289e+00
3.736521439144433465e-01
-6.203230518362112811e+00
2.543951517540621321e+00
-8.382949726952034775e-01
2.237724477603911133e+00
2.446980273063491751e+00
-1.419198183846896999e+00
-9.033171556221440968e-01
-9.923708656800079853e-01
2.379853651478125443e+00
-1.670103045968818478e-01
7.546997709800979948e-01
5.982983226746709793e-01
8.934821506527440560e-01
3.440363868759082067e+00
1.341084135162394997e+00
2.002125339273900906e+01
1.087116827370515404e+00
-4.113103969191023168e+00
1.924630834187540662e+00
2.364832178497168758e-01
3.846193155129957325e-02
1.809807473099919406e+00
-9.604239648874985935e-01
3.821932094852447115e-01
2.978334272369215885e+00
-1.841423221016940392e-01
1.668335720199825012e+00
1.203934318760910749e+01
-1.754597422390345773e+00
5.932195363951325184e+00
2.907511665438518467e+00
-1.143152318707091331e+00
-1.077766414383605742e+01
4.738921726354803354e+00
-4.877254603183227566e-01
2.959091887799720211e-01
9.004733265434888834e-01
1.855638460411168644e-01
1.496716700507789488e+00
3.953864839974709611e+00
1.044187836409972592e+00
-4.214905849246270431e-01
-8.923639203740323378e-01
4.228779171207096566e-01
1.768117244368426322e+00
3.005042842096686595e+00
9.571726407767703337e-01
2.509724450704338583e+00
5.063069077053161671e-01
-1.147091396371484384e+00
3.736169491734697701e-01
-1.517715326486185901e-01
-5.170421686507487014e-01
1.654930139644656073e+00
7.567022395860384387e-01
3.176212234545993329e+00
-7.004910362753022923e+00
-1.706273818475256165e+00
-3.204759169426182996e+00
7.958751082172312863e-01
1.214446945867627026e+00
-9.664294357088113685e+00
-2.498195103245988147e+00
3.791031795024016215e+00
-2.346414330951781757e+00
3.018661808835719107e+00
-2.912453435392262868e+00
-2.887189817012721926e-01
-9.162379865802358081e-01
1.547388459077934098e+00
-1.330040339220275758e+00
4.105846526600741009e-01
6.892604896497164790e-02
-3.439159018813473079e+00
-8.308094596250578667e-02
-5.440141850848868588e-01
2.695707769905192563e+00
5.444644990922193895e-01
-7.166921910349634217e+00
2.285743918688666110e+00
-6.941959425607027168e-01
-3.742290654814594220e+00
-1.753000066095238063e+00
-1.185599563173399540e+00
-5.133535913430518072e+00
1.119622732469113674e-01
-2.772796835152435690e+00
3.677787679861238335e+00
-1.162404776497857561e+00
-3.340981911318521291e+00
3.304080344782004186e+00
2.337091691477722666e+00
-1.451702372002100505e+00
3.307844573753876416e-01
2.661477487780432583e+00
5.660592914854650770e-01
7.080048000744267434e+00
1.677873968756865564e+00
-6.613916945730983210e-01
1.794767530737853223e+00
-5.470288336205182678e-02
6.705805824899072620e-01
-2.697807859646633499e+00
-2.649782718902029099e+00
9.047149864805429376e-01
-2.721727510886899903e+00
-1.381146654445065014e+00
-7.504760199492515049e-01
-4.326561103723969848e-01
-4.083333272955933957e+00
-5.579640967127419415e-01
-6.114653396927620221e+00
6.408462694203449495e-01
-4.664137401105727387e-01
3.791050475671938091e+00
-1.496407500836351323e+00
-4.454549683519980485e-01
-5.570522092352223176e+00
-5.369693661972417154e+00
1.163477782155079021e+00
1.291676981282118497e+00
-3.549884197469085345e-01
-1.343113632273929881e+00
6.801769867646005885e-01
1.269590108720224819e+00
-1.935640977914753869e+00
-2.130148452689673289e-01
2.999414723433802887e+00
6.825418176263415404e+00
-1.551345547697176919e+00
-7.339571113397276581e-02
2.963360963736092923e+00
1.646120540661005771e+00
-1.578568366478405149e+00
1.348031967330100445e+00
1.603741018062986523e+00
1.989028106086137004e-01
-2.008206590405744674e+00
-2.038431208172642783e+00
-1.427852019377855886e+00
-1.422975917367119703e+00
-4.780019912407812988e-01
2.390945443747165999e+00
-3.240880362583936081e-01
6.380740238125182984e+00
-1.411554987547030127e+00
-2.498597015025807444e+00
-1.309144196515955372e+00
4.184803143311272566e-01
-4.002846279848657041e+00
-1.159937919114039095e-01
2.129048459152662331e-01
-3.800136010301872425e+00
1.215970436733360804e+00
-3.931446281058771919e-01
-4.420412782635241289e-01
3.118237572506197819e-01
9.761153093927602553e-01
-1.463706481525523184e+00
2.357715486954663042e+00
-6.137979943192383159e-01
2.137940510971099606e+00
3.157731819214812941e+00
-9.591861695357420947e-01
2.229734403700429635e+00
2.934816354776385694e+00
9.923916117982217733e-01
4.134711249339073191e+00
-7.391499673678584292e-01
3.274085481520562002e+00
3.861042405263552801e-01
9.084361859911506132e-01
3.862562490688497885e+00
5.460410044921417683e-01
9.981674647033188519e-01
-2.006579833530814927e+00
1.563282042714092324e+00
3.737412061285458442e+00
1.800845107185949479e+00
-1.940127483358371929e+00
3.510224317307762965e-01
-2.174217636657781672e+00
-3.582960116387544414e+00
-3.815932221696017868e-01
-6.466778232362220269e-01
-1.847156154552771212e-01
-5.241136859750373800e-01
-8.838024708856315192e-02
-2.405795199689657160e+00
-8.391410973693650410e-01
4.976966164038252316e+00
1.279347195220047251e+00
8.578823808537177076e-01
1.312242015720960442e+00
3.453715158847691646e-01
-1.179479261150422342e+00
8.410916193688744436e-01
8.933698424270370975e-01
-1.042908295428637833e-02
1.089532950824556146e+00
5.758117166143619237e+00
1.878965832122389434e+00
-3.520083026763023426e-01
-5.882222963601424492e-01
3.495046857217192215e-01
5.801425559021894385e-01
-4.617033637260725132e-01
-1.988662007487999928e+00
-1.127290117390865876e-01
5.653977787409066869e-01
8.686263999064178787e-01
4.153522147190941816e+00
-5.902161534628611594e-01
-4.700167116918931853e+00
-3.241417348226496742e+00
1.872240067052817203e-01
4.729212953384921647e+00
-2.337578207470022207e+00
1.178100049577363473e+00
6.808654326046710281e+00
-5.561549238755310043e-01
-9.167448315818411686e-01
2.639264081226598280e-01
-2.009978400224480044e+00
1.137293844221477057e+00
7.163832439017154829e-01
4.113556745690432948e+00
-5.858079381888976478e-01
-1.402783545761972617e+00
-3.058271291130075564e+00
1.296849544585874758e+00
4.084236527471611922e+00
-1.596680701074349729e-01
-1.908957156254679211e+00
-1.184991916198542938e+00
-3.946749889476309114e+00
-6.797671664956888016e-01
-4.755756849325657593e-02
-7.888444291272133091e-01
-2.418521154363250769e+00
-1.937924930684280733e+00
-3.997285628912563421e-02
3.795531649191769219e+00
-3.553829162215715320e-01
-1.978568594754489984e+00
6.877765994095260682e-01
-3.324090091578557060e-01
8.771078850686673256e-01
-3.196057473461066945e+00
2.236859837880881496e+00
2.548729343452533769e+00
4.763934696908006527e-01
3.337687445280120624e+00
-2.618417240350496278e-01
-2.596117112195451160e+00
3.219243075904441920e+00
-1.166371614344375196e+00
3.080861128744338817e-03
1.131918857877932671e-01
3.554126280147380801e-02
8.550698345450064020e-01
-2.698309413023302294e+00
-2.275824462529429937e+00
-4.265208466797784759e+00
-9.178331538515531740e-01
-1.985503119187219223e+00
4.974335606355463346e-01
-9.742259280563991819e-01
-8.348729275954839935e+00
5.714952107800693737e-01
9.074184255522306231e-01
1.787746629741378268e-02
-8.743712425844951674e-01
8.400782397803001622e-01
-1.751866308184521159e+00
7.062527989421965025e-01
2.067774650338223275e-01
-4.532643088509357154e-01
3.833875448354274518e+00
-2.232104302592210487e+00
-6.402696360888614713e+00
-8.633785635786568324e-01
1.049066025600220886e+00
6.513678710042331010e-01
2.487871473291748181e+00
1.617404705184361191e+00
-3.389229561212451891e+00
5.817661405995637303e+00
-1.549178714546272762e+00
-3.106926578360762914e+00
-6.351073849797461701e-01
-1.263870659339650704e+00
-3.667628557908252596e+00
1.454152720726052506e+00
7.648478768279441953e-01
3.499485308597238831e+00
1.189929718057997521e+00
4.976636835528661096e-01
-1.873963596201166926e+00
2.952814241964938802e+00
-1.324883914195881029e+00
-7.395293141418726179e+00
7.186277291626370634e-01
-1.243580672568900480e+00
-1.223626688860258271e+00
-7.508196786348921847e+00
4.596719010238293990e+00
-1.588859614859479352e+00
3.036550719480745064e-01
1.981113079441663372e+00
-4.617892515612744830e-01
-4.707794076022091545e-01
5.353197786676836545e-01
1.854495850014230007e-01
1.448818733686973559e+00
9.133389441555000987e-01
1.746391769134656657e+00
1.054086688616491907e+00
1.098035817148218296e+00
1.364454445395297144e+00
-6.797882981642382472e-01
-5.231641701736887917e+00
-1.089113912276805429e+00
8.049274716173151489e-01
-2.041827986070934298e+00
7.598530086388328719e-01
1.020970737222957614e-01
-1.386035428420173021e+00
-2.425277936554352198e+00
-4.188380168733724318e+00
1.179894131151965064e+00
3.004530530099963404e+00
-1.311561916605899647e+01
-4.481814654176774493e-01
2.173553538064808555e-01
2.003367136001731108e+00
-1.954005603786723499e+00
-1.752408206817282377e+00
-2.252309374498289163e+00
6.420535381897063409e-01
3.009510770357519682e+00
5.685603272460751922e-01
-1.458193607230884536e+00
-6.719815514919749155e-01
7.477503371718040581e-01
6.527700499522430810e-01
1.135121134360021156e+00
6.330660279224669118e-01
1.357552997356574087e+00
-3.799880247236070208e+00
-1.095168485328322644e-01
5.426056931585881288e-02
3.398759461636331913e+00
-1.181210982140369792e+00
2.017478565727890860e+00
-1.003681483828293475e+00
1.411157492876561059e-01
3.957692533465211882e-01
-1.416710803381516337e+00
-3.306139482738938984e+00
-7.205453075391306861e+00
4.994924319537021873e+00
1.280264956447425329e+00
1.866578958896955465e+00
-5.234883648978226611e-02
1.182275872268141681e+00
-1.352458650855437927e+00
3.183465788371440119e-01
-1.066940458212063181e+00
-1.278182284680458025e-01
9.636951133253990331e-02
-9.258736289898444882e-02
2.622759960226412335e-01
2.145249921434493778e+00
-7.166629053588190190e-02
2.489906285094663219e-01
3.199794052011985190e+00
3.851673303201023080e-01
1.222538586367974522e+00
-3.137059472589369680e-01
2.817110435520215894e-01
-3.879250551737625230e+00
1.072069589278948021e+00
4.915863934841269156e+00
-7.405398812228740635e-01
7.718842469254046934e-01
8.184576798983194124e-01
-1.660932458236093756e-01
-1.081462098460453269e+01
-2.085669878623663376e+00
-8.791959759918843709e-02
-3.053324980563469460e+00
-1.866776012860928091e+00
3.057613753095838049e-01
8.337938687649794067e-01
1.882493200931405930e+00
9.660318809857980638e-01
-1.884249593478135310e-01
1.568587551429280413e+00
-1.236570873069172682e+00
1.579637123591725700e+00
2.446924061069116973e+00
5.763140448624256784e+00
-1.091479144569313320e+01
1.245619633094897649e+00
-3.190986750302560182e+00
1.078403247751914984e+00
-1.567510550787176049e+00
4.836088268473709206e+00
-1.141559749271325197e+00
-2.082605225775928659e+00
1.820889931513790749e+00
-2.559117765996045124e-01
1.085451954315187040e+00
-1.723868491593653296e+00
-8.082483950281298402e-01
-1.131575142775801179e+00
7.418555412387194403e-01
-2.018060593511320278e+00
1.781535033278877633e-01
-2.659313316994504461e+00
5.992661792884682592e-01
-7.368926640846010789e-01
5.622699566107025593e-01
-2.699938046222159382e+00
-1.600175009188263830e+00
2.381605735919742894e-01
-1.264691067486084508e+00
-3.591672246856759676e-01
1.379917699033549883e-01
2.370159865688759915e+00
-2.115073558616715199e-01
5.043942854788758812e-01
7.557306997508082880e+00
1.855668612469060230e-01
3.473037401100195432e+00
1.212390149804859929e+00
3.857069079731018313e+00
-2.387123176582385486e+00
6.695783429022484912e-01
3.049746383657360727e-01
-7.193890738231394799e+00
-5.426574695117479807e-01
-7.190367249408430306e-01
6.603491652047742022e+00
-6.490580266835066503e-01
-3.707818163227772246e+00
-1.277209106432205532e+00
3.534665753367756125e+00
4.091764283476349462e+00
3.572529628107540045e+00
1.512369366604769727e+00
3.640801923390264982e-01
2.103835392833067974e+00
6.731979290647793768e-01
-6.509608230869269319e-01
3.201400766485819616e-01
2.640571362114756848e+00
1.456510830730209038e+00
-2.343028376221510722e+00
-2.896157842564473506e-01
-2.450831336793607984e-01
1.102809269674701470e-01
1.146455661988218244e-01
2.820163624300766614e+00
-4.306453646485171038e-01
-1.049729274323904393e+00
-5.541646982340246719e-02
-2.391272196093505276e+00
-2.581731298879388348e-01
9.151475625059200425e+00
6.968684127180571064e-01
-2.624298491377001774e+00
-1.944902251305046459e+00
8.189824612963050310e-01
-1.921659685785378713e+00
1.409312340937449726e-01
-1.889173055197062023e+00
3.414406051432784750e+00
1.485746203255423337e-01
-3.041376806350231110e+00
2.378683339708242972e+00
-7.279989198493180824e-02
3.649235785875942550e+00
6.808221761628201918e+00
3.547062802350798183e+00
-2.460067070119559940e+00
-5.463478749854788763e-01
6.835421056745908386e-01
-3.808558202345889709e-01
-5.616024829344402391e+00
-1.605932330881152614e+00
-4.668707165238673573e-01
-3.315145333497181990e-01
-2.001798223006862609e-01
-5.094895837271981032e-01
2.372815871854319358e-01
3.805960638107073191e+00
-3.302273584178593513e+00
-2.946074921580803974e+00
4.806815806892720033e+00
-1.061746394161226847e+00
2.490131385674192899e+00
3.714404640490474030e+00
1.624389285765202029e+00
-7.449525731387245386e-01
3.253648300174084573e-01
1.428646443682549450e+00
3.202185569521130759e+00
-5.883722449606458849e-01
4.071907142255453138e+00
4.975992492714945037e+00
-3.667740651204127289e+00
1.179228316008752664e+00
8.758843942319203268e-01
2.629478408542844647e+00
-1.855991683343344967e+00
-1.642880898889326646e+00
9.263057932147642504e-01
7.975602270663149085e-01
-1.065897240321226125e+00
5.426520178749134615e+00
-2.086411530907633427e+00
3.876257546298275791e+00
-2.360472833188185238e+00
