-4.429887961458539580e-01
-8.661559271594111431e-01
1.774160423184397484e+00
-3.797366669098934278e+00
-5.750158345047544639e-01
5.312496638868969834e-01
-2.196080166279894552e+00
-1.937460489731194890e+00
2.444793655836273505e+00
9.433014225319311663e-01
1.031566751831733963e+00
-7.333992994100171359e+00
4.416368314567455933e+00
-2.188124843279743992e+00
-1.926131632027035190e+00
9.110774252951739927e-01
-3.796471635877075590e-01
-6.620576760650896952e-01
-1.553423153305190318e+00
2.659086275665031973e+00
-1.266365219793487151e+00
8.530645628292101712e-01
3.671504228993985208e+00
2.433076805709115220e+00
-7.113934015177784120e-01
-7.414539191736961854e-01
6.241073871872669931e-01
8.044041750875459140e-01
-2.893153864822468543e-02
1.742358698700244846e+00
3.717400532490519272e+00
1.628701470458746026e-01
-1.220454896833816694e+00
8.196148456457061360e-02
1.810890349772392716e+00
2.387492271365530438e+00
6.867040976327878354e-01
6.751641118238598249e-01
5.443913506303673655e-01
-1.882103307209121779e+00
-2.230048563519594906e-01
1.892943638520775629e+00
-6.034307485372704116e-01
4.776642624740622817e-02
1.453755355097266833e+00
-4.755770539709907041e+00
-1.014560745916065043e+00
-1.751064423502761480e+00
6.376668609847876423e-01
-1.340407726485388418e+00
2.199582678577683748e+00
6.267031835407806950e-01
1.070231129092379385e+00
8.416658735161828275e+00
1.867850974717631063e+00
-1.154746988457847845e+00
3.810494329201646324e-01
-3.784994259888964652e-01
6.433017521115862447e-01
-1.155245364509957184e+00
7.417792992723900802e+00
5.407183682319481655e+00
5.116416641907624907e+00
3.328329464008608962e+00
-2.519741525454498587e-01
-6.594234382626017466e-01
-1.511662621245725591e+00
-8.362173886484681740e-01
2.547884387793736272e-01
-2.486842487105686228e+00
-3.305028314285680668e+00
-9.459588855298003418e-01
-1.498404621891921362e+00
-9.154822125638102381e-01
7.778451948611982136e-02
-5.190285158763630058e-02
-7.582873128082541492e-03
3.505421156060668786e-02
-6.144417578558864640e-02
-5.846202177062091998e-01
-3.452788556245896534e-01
1.697314859831946299e+00
-6.328594688213607933e-01
-1.164505427335244869e+00
-3.369405666489432294e-01
-8.345168352940682266e-02
-4.304643782621092818e+00
1.548083242484554090e+00
-3.206625310245118932e-02
4.600960065724166159e-01
-9.077775838924457830e-01
2.385832568052299874e-02
-1.276328759768302179e+00
-1.299064394960294244e+00
-2.692447858716775944e+00
5.740839250701947893e-01
-6.589136242149550016e-02
2.566886082447513040e+00
-1.499176893406940048e+00
-6.086547789151405341e-04
-6.593660512035572907e-01
1.219175375329211441e-01
1.408071547508223498e+00
-4.393666688199415304e+00
9.433447361964398814e-01
-1.322899956426962120e+00
-1.062701015462897081e+00
-1.732825701481608194e+00
1.989034284486776771e+00
5.388355161040096597e+00
6.944511379872236878e-01
8.343519782526164219e-01
1.197479579743616851e+00
1.345029758532169772e+00
1.976037814717671148e+00
2.476745919984291611e+00
2.090577870874839483e+00
-2.414954861626657789e-01
-2.894755544211857212e-01
-3.854407592254195158e+00
-3.419969942576010502e-01
-3.884505972153002862e-01
1.007300407337140769e+00
-2.443115779746234395e+00
-3.334713222271878053e+00
-1.948096134134267743e+00
4.354685411663895778e+00
-3.066796283121083100e+00
-3.472407150111151530e+00
-1.302629326598403470e-01
2.252396957385580656e-01
1.566229874343608719e+00
-2.035994885477995009e+00
1.256716919793550713e-01
3.469763704305155017e+00
6.219377604556335370e-01
-4.205242936916508079e+00
1.604916324107312997e+00
-7.441432386815642896e-01
-3.814848332872849968e-01
5.472136279335223508e-01
-8.892767788805939766e-01
6.365938557203684733e-02
-2.733120535811924157e+00
6.122338887922330608e-01
4.461176159671246255e-01
-1.623818501500329692e+00
3.331105494405334766e-01
-5.807699796535999326e+00
2.421736787873437269e+00
-7.203899935226020235e-01
2.053799982759157761e+00
2.365292319841664437e+00
-1.320355976539311804e+00
-8.451502324367701213e-01
-6.335406061548126688e-01
2.167803775400078070e+00
-1.665119117101137858e-01
7.355434817170056760e-01
6.364937760034037328e-01
7.816399002581445599e-01
3.183096746933588239e+00
1.183729741973083005e+00
1.886545700780482093e+01
9.986680510605223660e-01
-3.841534500845640299e+00
1.820403022143215699e+00
2.767971295646546870e-01
2.194516218825953713e-02
1.648070876309823740e+00
-8.385350511949045682e-01
3.871110823350247809e-01
2.808783075508128668e+00
-1.691392600110409317e-01
1.618670954923437044e+00
1.132894371822983182e+01
-1.691098944417364969e+00
5.474233532226564947e+00
2.787318889857263837e+00
-1.030951331274593930e+00
-1.008022924215892679e+01
4.523704477553895487e+00
-4.853797787372913786e-01
2.607956271091448897e-01
8.205139304846090775e-01
1.910715865756834331e-01
1.360869478573145219e+00
3.718054236878270746e+00
1.033384146842858842e+00
-3.163625441481297540e-01
-8.791457138672846838e-01
4.333291324377142040e-01
1.737158309277362367e+00
2.824763189107283523e+00
9.159044533347595607e-01
2.384574509399067122e+00
5.581835099355437757e-01
-1.047409149326252287e+00
3.587575582517777417e-01
-7.431078789307205001e-02
-4.190685142877909608e-01
1.564583161692287838e+00
7.010237016085416606e-01
3.012105213203181364e+00
-6.493657740994011718e+00
-1.628888976999900207e+00
-3.011390247414233112e+00
8.351432031422563185e-01
1.189984611510386259e+00
-9.201850972296055531e+00
-2.352381312082282516e+00
3.581775222042728135e+00
-2.140430524540495316e+00
2.846716146702892747e+00
-2.810732157777436235e+00
-2.268400394341672510e-01
-8.664112957830799600e-01
1.550131971006632803e+00
-1.325923148832157006e+00
3.016500417489449970e-01
5.165977165118783299e-02
-3.188420706232950153e+00
-9.586000870303844346e-02
-5.891739255636043726e-01
2.537201114470287955e+00
5.154621410105323376e-01
-6.724211026593095220e+00
2.141657855266312804e+00
-6.191248518854244320e-01
-3.249842778095113349e+00
-1.670966667207041345e+00
-1.302341610758331658e+00
-5.044588459323981589e+00
1.149997786915815945e-01
-2.605173306179688453e+00
3.499992397483944639e+00
-1.123031281227843126e+00
-3.289652387596314398e+00
3.083015926602296730e+00
2.191069443986859877e+00
-1.390476310879484645e+00
3.351522621946088631e-01
2.512975930657002532e+00
3.735527260759402557e-01
6.595751578436825469e+00
1.661692986503599423e+00
-6.034884378434566266e-01
1.702012097371843780e+00
-1.143596070780124180e-01
6.180461165819846059e-01
-2.576668460457673060e+00
-2.522040054609329118e+00
8.456401076187590737e-01
-2.493065110692758157e+00
-1.241669647796362907e+00
-7.502666385603040666e-01
-4.812834059257662389e-01
-3.875994188927980311e+00
-5.184271190273038732e-01
-5.712938757964730385e+00
6.373290095778516573e-01
-4.602570002524808412e-01
3.610809092698467282e+00
-1.427055850818614413e+00
-4.817519024046179044e-01
-5.094650273232073090e+00
-5.101116607647631085e+00
1.012359177017883249e+00
1.183389945204560423e+00
-2.757032692569000853e-01
-1.372781903419875160e+00
6.601717698374527377e-01
1.213356765246992541e+00
-1.823336167167425304e+00
-1.863098455727143499e-01
2.766137298033429559e+00
6.416187465471725027e+00
-1.441740810060813782e+00
-7.409436996184123880e-02
2.859193111054783465e+00
1.517755445107189960e+00
-1.434783912098084757e+00
1.241010268468755395e+00
1.470510718905954084e+00
1.531383568456236299e-01
-1.892255396902917663e+00
-1.922919857841173252e+00
-1.394377201044465275e+00
-1.330683738208509270e+00
-4.570813561062221364e-01
2.235530857038812602e+00
-3.433929536457607234e-01
6.057142898662465136e+00
-1.362284008656434953e+00
-2.409327087764655762e+00
-1.292344035548978143e+00
3.725511316084247904e-01
-3.848944671949640295e+00
-1.128452052523681304e-01
2.400031617410383067e-01
-3.517889362660127528e+00
9.252550307103560856e-01
-3.006427628051075995e-01
-4.248914245063278861e-01
2.484469026076863429e-01
8.691416880438186388e-01
-1.364785756974149722e+00
2.222801837028713479e+00
-6.093811029294891046e-01
2.065480056579187984e+00
2.993827401635027918e+00
-8.998582541966382298e-01
2.211033819658971833e+00
2.756333868355923755e+00
9.492179713174944133e-01
3.883680382085317628e+00
-7.310569673066451557e-01
3.046515431030654586e+00
4.062310433790931041e-01
8.248139159518544927e-01
3.574396015088818324e+00
5.060766835711155709e-01
8.785231053156791203e-01
-1.831443583478660875e+00
1.523403802189172929e+00
3.467857127375890247e+00
1.667022868563416083e+00
-1.715778167186673864e+00
3.530249626036312538e-01
-2.023302068368753037e+00
-3.469206730145812934e+00
-5.120048896548735629e-01
-6.113517521789412212e-01
-7.549292013078710839e-02
-5.734945779848596992e-01
-9.037949818597641738e-02
-2.187535272102379302e+00
-8.555920303943311822e-01
4.721588892858902931e+00
1.141370041236939192e+00
8.051099008163676851e-01
1.262174117882479685e+00
3.186849460155121161e-01
-1.125468335167206790e+00
9.044692989806357719e-01
8.477987537784673622e-01
3.684471659422388495e-02
1.060960526230939172e+00
5.458444764196682009e+00
1.711021312337153155e+00
-1.796674445842815215e-01
-5.362584214842008867e-01
3.368447418005986460e-01
5.977537931398988480e-01
-4.167501801551137253e-01
-1.856271521005558700e+00
-1.385319663878029905e-01
5.016119482856113976e-01
8.581099959882836359e-01
3.952920291457139079e+00
-5.454098191728923295e-01
-4.266993073140541881e+00
-3.097438753309677217e+00
1.933135653388088349e-01
4.488696072732484943e+00
-2.183634076028774906e+00
1.215917276988939033e+00
6.439306797806565008e+00
-5.367916996684060083e-01
-7.684062331461807283e-01
3.074991869055034854e-01
-1.971019324886595037e+00
1.079049344240761377e+00
6.160927125306550067e-01
3.792725747212637888e+00
-5.936593927187531206e-01
-1.300917438248860192e+00
-2.897457272836871489e+00
1.199653252150884919e+00
3.833055286124865457e+00
5.837243400287266820e-02
-1.781684313808011844e+00
-1.128877484681346965e+00
-3.541571578830799982e+00
-6.672328663754125699e-01
-7.199828994168363432e-04
-8.022512287220394667e-01
-2.270789082681584858e+00
-1.742568407228049177e+00
-2.079604759202529907e-01
3.607586633858305802e+00
-3.285014709692717361e-01
-1.847013738228127977e+00
5.617887674146342381e-01
-2.949053247273088485e-01
7.069361280291421856e-01
-2.939402893469359235e+00
2.096829745521684440e+00
2.399887251930613363e+00
4.043407652073619518e-01
3.142919084877689784e+00
-2.637708677322064266e-01
-2.507945462309798756e+00
3.042114171248929022e+00
-1.122653044131378897e+00
5.893291206534206558e-03
4.395312380193722168e-03
-9.669481119697766192e-02
7.583405316939900720e-01
-2.529013667096087659e+00
-2.243771665694719530e+00
-3.989358917903965462e+00
-9.620980076722591701e-01
-1.894696351046239791e+00
5.012304436670229624e-01
-8.829939075172685836e-01
-7.765558737453651439e+00
4.466124221738599354e-01
8.963000267238465657e-01
7.321894990600688602e-02
-8.785791805201664806e-01
7.699172071794998518e-01
-1.632690756448006209e+00
6.635349874369539380e-01
1.809542692204143544e-01
-4.320436526409551226e-01
3.517316717934511505e+00
-2.056537364732039297e+00
-6.083972772227728143e+00
-7.512232822013519273e-01
1.079190662260571587e+00
5.960380489408412252e-01
2.499408272235686290e+00
1.517469074473090540e+00
-3.176300193317501463e+00
5.414096910597782752e+00
-1.433497920592676778e+00
-2.833251240869299359e+00
-6.139785146294026719e-01
-1.237759098431331140e+00
-3.428623158679501071e+00
1.317107773198615162e+00
7.662044924497084519e-01
3.227369216233209048e+00
9.946582322008841182e-01
4.906409922843428251e-01
-1.802159926449321103e+00
2.809155315929610097e+00
-1.387646817337762739e+00
-6.693179840752319087e+00
7.672335812086524820e-01
-1.149814893795227722e+00
-1.153515421419379239e+00
-6.937103220875036058e+00
4.348289429791398319e+00
-1.459084083945601629e+00
3.757321557210570595e-01
1.975341589166188072e+00
-4.696977525919265317e-01
-4.318189407698304616e-01
4.706510036770411021e-01
9.613127797051940204e-02
1.397331123976488954e+00
8.966737475195007967e-01
1.616222519374163058e+00
9.308261772246579913e-01
1.077634340061262908e+00
1.382327075242500092e+00
-6.345851016100587660e-01
-4.935625057857298437e+00
-1.046075120608087161e+00
8.134305872830348560e-01
-1.870736232223974449e+00
8.058052615476382075e-01
3.938615987991544304e-02
-1.249047439256288028e+00
-2.201052693200213461e+00
-3.885493835692240161e+00
1.011531355729389015e+00
2.854386003764317170e+00
-1.217641987811830795e+01
-4.021180150985712021e-01
1.739089303032784473e-01
1.761300189403602667e+00
-1.802733003293958580e+00
-1.715184105863004405e+00
-2.125979992963498599e+00
4.966451823650869790e-01
2.766155872929191517e+00
5.988720211715644615e-01
-1.362608070101487323e+00
-6.842162984525511638e-01
7.466664783917648096e-01
6.136044533683246982e-01
1.092743596222243818e+00
6.188160422748759659e-01
1.245913248571360654e+00
-3.530694185541392915e+00
-1.521732845870708561e-01
1.924251763630127968e-02
3.183650774636794356e+00
-1.084458963362910255e+00
1.820004239000545088e+00
-9.339829542989054323e-01
1.694728807409471016e-01
3.706606767028624017e-01
-1.268562425074162281e+00
-3.062124676296229531e+00
-6.813826559186613174e+00
4.666559486616820962e+00
1.187900313002863362e+00
1.747232054551806746e+00
1.880756721262603903e-02
1.135978889112276624e+00
-1.347955972000173253e+00
3.261059604847150739e-01
-1.025421455542955496e+00
-1.436977737556040802e-01
7.865607484154950313e-02
-8.872906018779441739e-02
2.673470889026190456e-01
1.964555088420606221e+00
-5.947764111205325332e-02
2.064034766635451379e-01
3.012771366710719434e+00
3.851683564321298214e-01
1.205965642737210519e+00
-3.079889612667657262e-01
2.595522493415282628e-01
-3.643359374643349469e+00
1.037596277610901341e+00
4.559495782584837897e+00
-6.576629518556189602e-01
7.882218547741570713e-01
7.530145420874293505e-01
-1.493535996924329201e-01
-1.019101571691715868e+01
-1.993058805905736586e+00
-1.240729522395703638e-01
-2.838039944405183146e+00
-1.704736949018880843e+00
2.594794390309003163e-01
7.389362835404847951e-01
1.745492944945353342e+00
9.322249733632873570e-01
-1.528359227468663317e-01
1.496993692712313084e+00
-1.191831293865215802e+00
1.568008790108776251e+00
2.294552763871640533e+00
5.512359918396374958e+00
-1.052421649109739121e+01
1.263166329845257341e+00
-2.904239635028949884e+00
9.282855802758044339e-01
-1.440676788695709698e+00
4.498401695299106606e+00
-1.067801732504664036e+00
-2.006797186345675499e+00
1.692344747271105954e+00
-2.458573113521332620e-01
9.745374849335318723e-01
-1.660690990796317656e+00
-6.975895962082259150e-01
-1.017204324064018284e+00
6.829278957410336304e-01
-1.877432318289581126e+00
1.468807149934756862e-01
-2.459190213483862131e+00
5.588410674727729566e-01
-6.809822567175011221e-01
5.018441494333800712e-01
-2.477035992284525534e+00
-1.530839140099738760e+00
2.732745987455900694e-01
-1.238159272584366866e+00
-3.064073710783675741e-01
1.858620975432215827e-01
2.182768569341106080e+00
-2.315158611945643818e-01
3.692971759795523612e-01
7.121953588961305037e+00
1.486301358335603284e-01
3.269626386892476866e+00
1.151531112680119540e+00
3.502936409659947792e+00
-2.223724702777639894e+00
7.268598557092753598e-01
9.806122231584736559e-02
-6.732553134972434350e+00
-4.466040514649979865e-01
-6.442563387363129390e-01
6.182506242877750857e+00
-6.146698222349891161e-01
-3.568541700535628358e+00
-1.175071843673503036e+00
3.366506496286651551e+00
3.928970785555053524e+00
3.353046307775120916e+00
1.446911210102735934e+00
3.471773628753733743e-01
1.984596726428025759e+00
5.932947284370484464e-01
-6.806491685843690798e-01
3.281194487225527201e-01
2.534717117045839796e+00
1.406909196802172302e+00
-2.152044874656248385e+00
-2.723596274870209166e-01
-1.771405936288434901e-01
3.671694785466435990e-02
8.101328185143542859e-02
2.628169208321563755e+00
-4.464158372568547417e-01
-9.482659617126371066e-01
-3.600440556720224672e-02
-2.235391994380406366e+00
-3.038948474442175751e-01
8.645251053196004065e+00
6.248524557220028752e-01
-2.442584245135402288e+00
-1.613873664217241544e+00
7.009735165476218555e-01
-1.762886767801820298e+00
9.019340777971020240e-02
-1.731361807060648461e+00
3.194775131547161529e+00
2.469196765858159559e-01
-2.889116585599587506e+00
2.178571337921172635e+00
-1.118223207776509603e-01
3.438221838542061981e+00
6.433928915653794434e+00
3.302930881007560604e+00
-2.374941162176605225e+00
-5.504873666286504985e-01
7.413608705110301678e-01
-3.081455242734075228e-01
-5.200076320227041471e+00
-1.516805604655027784e+00
-3.888133485752554019e-01
-3.117822962227008721e-01
-2.056118802608989937e-01
-4.702031751860984432e-01
2.463504436342651427e-01
3.576710980235699999e+00
-3.261711636446914753e+00
-2.763095431208272057e+00
4.521959667614960487e+00
-1.009147913681209374e+00
2.368008365801690829e+00
3.544922062715976985e+00
1.528215987233915607e+00
-7.558251506213684578e-01
4.177441768153571378e-01
1.324789814283906741e+00
2.923152883411151759e+00
-6.054880518896280650e-01
3.793936231953641602e+00
4.673032358921253682e+00
-3.385143234689532488e+00
1.121506101507511621e+00
9.085371225152883978e-01
2.494242037142131885e+00
-1.773822171814779969e+00
-1.577897052800296906e+00
8.200227573938083658e-01
8.326331625515045465e-01
-1.060160497009602798e+00
5.138352793625913684e+00
-2.016110821484051741e+00
3.636959564595460215e+00
-2.157279812632703742e+00
