-5.156963888855592426e-01
-8.928559320842852642e-01
1.659526840310844742e+00
-3.845427210294695808e+00
-6.198667509356124983e-01
6.263516481463038410e-01
-2.230399008235124381e+00
-1.949920811878345539e+00
2.222346374143516545e+00
9.778015997929814240e-01
1.041858602346052098e+00
-7.451846234338145969e+00
4.592684352673655823e+00
-2.149398052055769615e+00
-1.944973822516666395e+00
9.571204265363395525e-01
-3.600568559926199397e-01
-6.022509885482529857e-01
-1.541718120563642769e+00
2.758704376282401505e+00
-1.242043322883753298e+00
8.860358211104349957e-01
3.692857993181817733e+00
2.512741522438508124e+00
-6.453492809290631849e-01
-8.324157825874899386e-01
6.593414984593519712e-01
8.151446641418332861e-01
-1.059426423983382028e-02
1.759281375331064323e+00
3.739719051637128810e+00
1.870430190565486317e-01
-1.201528149567454795e+00
5.777935970341825656e-02
1.811880410152161280e+00
2.377574094427875373e+00
7.100565151823314824e-01
6.379308367944354075e-01
5.664080614575497385e-01
-1.887792512300493275e+00
-2.947500537186926173e-01
1.901463258851534111e+00
-5.994432475741910959e-01
2.992793620151504470e-03
1.491654899009361879e+00
-4.865477027899037132e+00
-9.893274971733874157e-01
-1.826184738606710489e+00
6.475163046102746511e-01
-1.028117300728948580e+00
2.304214000823528341e+00
6.090122215024823538e-01
9.832648729769134510e-01
8.626367551087204433e+00
1.844101100387264269e+00
-1.183027907977126647e+00
4.633249139246802262e-01
-7.429107787756504822e-01
6.910009952341823469e-01
-1.197818274649886661e+00
7.483716579534305247e+00
5.276950224642962262e+00
5.326798966612030561e+00
3.523012886388309894e+00
-2.914114080632791981e-01
-6.625214940092000182e-01
-1.530202998389617708e+00
-9.037030161565242636e-01
2.462459533864189420e-01
-2.475248041246700836e+00
-3.324589922786903351e+00
-9.757597622783665825e-01
-1.431726297565677708e+00
-9.836828223673134142e-01
9.299401182906953667e-02
3.731743071526762850e-02
-5.689323042490319893e-02
6.393282889986187656e-02
-9.323809033700578008e-02
-6.163916114064402763e-01
-3.161303933545334677e-01
1.767798691421598845e+00
-6.415097894712782356e-01
-1.180713873137828607e+00
-3.238919210764459322e-01
-7.541705099452628014e-02
-4.340891622527960791e+00
1.600444943578628321e+00
-1.737123653513044930e-01
4.527728965997157018e-01
-8.748783743154855408e-01
6.875654096060668241e-02
-1.242281460247280256e+00
-1.325107726483281567e+00
-2.909060002459287197e+00
2.455516854612989075e-01
-1.127574875676310290e-01
2.609610880108327979e+00
-1.591346109561613487e+00
1.229405803071735408e-02
-7.588122146851078442e-01
1.910180455747528538e-01
1.442078040703581809e+00
-4.538431201366492473e+00
9.677352169592960962e-01
-1.265797822148092777e+00
-1.161932787130754097e+00
-1.764058702333084261e+00
1.968179029681355718e+00
5.184597163537690179e+00
5.806881061187417759e-01
8.464232377530002127e-01
1.150816566595087798e+00
1.198492287986609783e+00
2.090314051055008893e+00
2.420300424567491504e+00
2.334922722632387870e+00
-2.792048846107831328e-01
-2.727909067445645763e-01
-3.840189804127204010e+00
-3.692084759416743855e-01
-3.126803510930094565e-01
1.024631950649446566e+00
-2.551289949326603690e+00
-3.574545380023767649e+00
-1.882728806663249266e+00
4.310191274366984793e+00
-3.178119827062893421e+00
-3.713406916105675304e+00
-1.289181016500470511e-01
2.535703664778828359e-01
1.589710871700540817e+00
-1.860374065739227145e+00
1.938835914058944232e-01
3.427783749167542915e+00
6.246765789663053514e-01
-4.170188933387195540e+00
1.677409511785801888e+00
-7.869515575068274371e-01
-3.524679294360069104e-01
6.682945222546445851e-01
-9.345868786212212509e-01
7.227186104145358336e-02
-2.671874099211951403e+00
5.679038701912814124e-01
4.368805553034583733e-01
-1.480361200657430709e+00
3.254092153181101787e-01
-5.985061649395081673e+00
2.303212887167197742e+00
-7.534861516639559387e-01
1.947274150623134137e+00
2.428673570564128692e+00
-1.307588663289501962e+00
-8.179885769910191229e-01
-6.533130486489380218e-01
2.296168675828958783e+00
-5.200994178428462733e-02
7.761256419753947977e-01
5.598752524618184623e-01
7.788451288907179970e-01
3.209824622461299182e+00
1.247431328993741539e+00
1.907859869735577263e+01
9.046635051843253672e-01
-4.051134774631535151e+00
1.804597884731182766e+00
1.654953804027930186e-01
-1.706426417331296727e-03
1.716679237958123050e+00
-8.107488219766367799e-01
4.181658529517974787e-01
2.818879130869541338e+00
-1.706198985217347031e-01
1.583607046154344555e+00
1.179059360515418398e+01
-1.617834588840243004e+00
5.495909344234706673e+00
2.830852253285287112e+00
-1.045665934424229171e+00
-1.002322503343994420e+01
4.577605830133255616e+00
-4.529061276944840730e-01
2.777085884927212867e-01
7.732452973895436177e-01
2.394783778308413602e-01
1.323732512115108229e+00
3.779046777681460245e+00
1.059214526853967886e+00
-2.986245704077826191e-01
-7.368596039757356886e-01
5.004500403120935026e-01
1.519867232937172075e+00
2.923921624608575520e+00
9.334597128516235465e-01
2.383589459133223620e+00
4.562060997223883474e-01
-1.139431350098657925e+00
3.573052037026637762e-01
-7.862985528754920517e-02
-5.561309518721494483e-01
1.676648915490380531e+00
6.776185923127189259e-01
2.922997332933034986e+00
-6.667467985552352872e+00
-1.844880470632550784e+00
-3.022625241882906710e+00
8.431564779130450438e-01
1.044402724322048170e+00
-9.427016974255545634e+00
-2.444528107258273852e+00
3.391694924321176252e+00
-2.223500705988362025e+00
2.909280072602812073e+00
-3.034629101139793228e+00
-2.500448275796371966e-01
-8.637534258852455071e-01
1.446648957185925122e+00
-1.340469725826685554e+00
2.486564770002975544e-01
7.742600340760921740e-02
-3.195372431531839474e+00
-5.879451828358197435e-02
-4.008796775161878601e-01
2.707198683246765825e+00
4.255298355282532974e-01
-6.618001746746062786e+00
2.185512997600625784e+00
-6.817234794880833171e-01
-3.632587994096684092e+00
-1.706332687418262495e+00
-1.056212142768178541e+00
-4.918723818405257298e+00
1.037192914967451918e-01
-2.708020681449610390e+00
3.566470957987104562e+00
-1.179486730169234887e+00
-3.296334449802209132e+00
3.191403177252870815e+00
2.137521855145685379e+00
-1.426528709624002467e+00
2.775053846283412340e-01
2.478398421959788323e+00
1.890195384056608252e-01
6.673212806882799164e+00
1.591985978202082430e+00
-6.228439015533836498e-01
1.819729672717229185e+00
-1.244354012818145033e-01
6.055102599418128451e-01
-2.596643869600834709e+00
-2.730279072040132426e+00
8.731765175691464931e-01
-2.729881692655562464e+00
-1.259290002466226133e+00
-7.344102388096774847e-01
-5.748069533354206451e-01
-4.202620218849283162e+00
-5.717001620780983728e-01
-5.744738864006280643e+00
5.934140864983675767e-01
-4.810075524674066738e-01
3.657640376203282973e+00
-1.482153318970348632e+00
-3.524482576542090628e-01
-5.373164508083616120e+00
-5.088955382640292235e+00
1.118045586914693024e+00
1.199770150725947948e+00
-2.676492464309876418e-01
-1.335035041378173970e+00
6.274623871516091800e-01
1.290926017458928987e+00
-1.836170136383228790e+00
-2.040465354566858847e-01
2.637749129777359869e+00
6.395220329553001903e+00
-1.512187466559924420e+00
-8.983227726692347148e-02
2.763144578890727843e+00
1.533006115511823975e+00
-1.503768409043877652e+00
1.233759532885825072e+00
1.483454594549305616e+00
2.097576598513522794e-01
-1.941655583289170650e+00
-1.953779347464742688e+00
-1.420648010251076343e+00
-1.286170325938594816e+00
-4.065942790248496252e-01
2.144629540096120390e+00
-2.500450325199228274e-01
6.058229818279536438e+00
-1.248155303621730106e+00
-2.386626178479701821e+00
-1.285419956872571490e+00
4.098782178314621660e-01
-3.780732327435000428e+00
-7.847534978126598226e-02
2.934837967291588079e-01
-3.569842620820617096e+00
1.049192857243694377e+00
-3.607346865810406866e-01
-4.533697219310939830e-01
3.710221922764193603e-01
9.027144652199556862e-01
-1.330105659120898176e+00
2.243027891791415485e+00
-6.762939054267425032e-01
2.108981398842376898e+00
3.088030499925755290e+00
-8.585028408040864534e-01
2.126478344213956539e+00
2.805450013373856244e+00
1.023365956372171315e+00
3.951158896182779046e+00
-6.033862508953016235e-01
3.080660958918803871e+00
3.146357827143356767e-01
9.110503948690772402e-01
3.648444650725585880e+00
5.814521918501760478e-01
1.031036424401716056e+00
-1.830205294999957433e+00
1.546280766975425047e+00
3.554522777365051844e+00
1.658893008943439495e+00
-1.953735354239802824e+00
3.628973342551975456e-01
-2.065226655426770641e+00
-3.561390949763829195e+00
-5.349603068785162563e-01
-7.306350807995717345e-01
-1.294006928919825550e-01
-4.894792666766419886e-01
-1.374312256271073007e-01
-2.339905117736164275e+00
-7.877748646938977917e-01
4.773613245138949246e+00
1.171443319776992009e+00
8.781542133543609463e-01
1.169348394637875099e+00
3.492164876714829447e-01
-1.118820265378345447e+00
9.605349222774692830e-01
9.492418265788700182e-01
1.132552311976022519e-01
1.060149763309048865e+00
5.538557669706468900e+00
1.741385265698458307e+00
-1.982070623876849846e-01
-6.939313810360953072e-01
3.203929892712835126e-01
5.274411027703679311e-01
-3.347295911495763443e-01
-1.782074549775341410e+00
-1.300673347179902850e-01
5.276081049120395772e-01
8.708415464886513080e-01
3.735321102051037734e+00
-4.801461336070374508e-01
-4.432951917453743285e+00
-3.070890117725322277e+00
1.929629501602204700e-01
4.531342672320987752e+00
-2.312479561050069243e+00
9.545663899770718830e-01
6.255732234229212096e+00
-6.448950733732826679e-01
-8.090810791500296917e-01
2.779476961084947906e-01
-1.993589616311584711e+00
1.070195306899758059e+00
5.338210520038009221e-01
3.833648007762067156e+00
-5.586276874933733261e-01
-1.256626187861468180e+00
-2.871298650780547579e+00
1.199538801088252393e+00
3.843757914837482303e+00
-1.752693883481382942e-01
-1.821824524987035510e+00
-1.211697592773783194e+00
-3.708128731899542174e+00
-6.872557442248604653e-01
-1.058451270365996233e-01
-7.944235567957007582e-01
-2.290367612268519704e+00
-1.860815034346772201e+00
-1.863760965603834807e-01
3.546919290987804008e+00
-3.996568936963164620e-01
-1.805045398140450175e+00
6.283923315278846511e-01
-2.611715118938535696e-01
7.193066577133191419e-01
-3.086409186800122217e+00
2.166907801823367397e+00
2.456831405034500815e+00
3.369921848826070709e-01
3.243272107487187750e+00
-3.209255052613732562e-01
-2.486945123226660836e+00
3.042262838849017381e+00
-1.243209520996633621e+00
1.922519542054958522e-02
2.100243009841011033e-01
1.116158568751500491e-01
8.114790456152993769e-01
-2.615780255699332812e+00
-1.956598604957921594e+00
-4.156949546071669666e+00
-6.896343136005567143e-01
-1.906034060848142753e+00
4.980184476072220257e-01
-8.251585243043672024e-01
-7.953848605215328327e+00
4.960049300423188257e-01
8.748310507728210839e-01
9.236477980062778037e-02
-9.691792162349923689e-01
8.112142834390826396e-01
-1.653202835827270567e+00
6.699862103754118392e-01
2.059473710552718329e-01
-5.520564244224812622e-01
3.433904168244899413e+00
-2.067350876386271796e+00
-6.248649230965011014e+00
-9.464687608580358846e-01
1.005947700792402255e+00
6.355528176104724425e-01
2.265365047683701949e+00
1.507050710032895147e+00
-3.338928262840450856e+00
5.464738200022170922e+00
-1.425746739588718226e+00
-3.272233828958992952e+00
-6.132139898546385970e-01
-1.323577198296723267e+00
-3.543603265813459302e+00
1.417308065658667182e+00
7.916642344765568717e-01
3.313008336802452547e+00
9.332119646354601894e-01
4.847656236801209384e-01
-1.829599188452196934e+00
2.630624130551291628e+00
-1.345258981292340783e+00
-7.080751746956535086e+00
7.642866403108723450e-01
-1.211816692429980025e+00
-1.105205553892602888e+00
-6.976266381714634868e+00
4.170271520914399233e+00
-1.562920596744102664e+00
3.905466735137432255e-01
1.889059644962652662e+00
-5.666275592644813841e-01
-2.535621020681501081e-01
6.445973677960398218e-01
2.609375609241543770e-01
1.434302846541009036e+00
8.879274745367122801e-01
1.679148769847729872e+00
1.053697536919630640e+00
1.010644993631965249e+00
1.374492089904288283e+00
-6.436102055203928307e-01
-5.125303252758417472e+00
-9.472267109294691956e-01
7.703554849414424588e-01
-1.848749574403891982e+00
7.955006967070911150e-01
1.679967014103369849e-01
-1.212232319216591803e+00
-2.392164543227220275e+00
-3.988366554931999541e+00
1.046455930991252892e+00
2.840853441274334035e+00
-1.230763585545583538e+01
-4.050860365701688948e-01
1.540133851183554115e-01
1.740334110312143689e+00
-1.786331548321075324e+00
-1.692267616369334426e+00
-2.052452566307144455e+00
5.527828405353339969e-01
2.786077485650074959e+00
6.388835113785926723e-01
-1.444669473033029616e+00
-6.329401663333300565e-01
8.562679971446132132e-01
6.718837078386615813e-01
1.179689892833531317e+00
7.235923268265789243e-01
1.266089915436274138e+00
-3.563382666988309744e+00
-3.636743685907749962e-02
2.678431459164376440e-03
3.136048216656462273e+00
-1.070806413813306435e+00
1.909441196438041111e+00
-9.037930291964063612e-01
1.442248218957461747e-01
4.911264708193485151e-01
-1.322707430339611356e+00
-3.137967231214382480e+00
-6.868392461392763160e+00
4.709227803422005643e+00
1.247471327082070536e+00
1.859483579882342363e+00
1.417617665109286926e-02
1.127856549157128629e+00
-1.345377496096209713e+00
3.319602839485060186e-01
-1.066682174671818917e+00
-1.691665060543564580e-01
9.776657673080781097e-02
-1.120885827195816226e-01
1.914444734001085613e-01
2.023504563778522947e+00
-7.491580538537118139e-02
2.050015183297040633e-01
3.009772927583212354e+00
3.785384985202610020e-01
1.212680973754386438e+00
-2.525181802966459110e-01
2.876377100004435250e-01
-3.802206914542157090e+00
9.893123495557358815e-01
4.693057454873796885e+00
-8.159442239446450529e-01
7.261773469881307452e-01
7.527541397327173200e-01
-1.187158937853813045e-01
-1.024708124553711741e+01
-1.966841054791449439e+00
-1.527516313986042595e-01
-2.840029328586327395e+00
-1.755670976299059216e+00
3.293276619217925250e-01
8.137143776613690038e-01
1.848320147788143464e+00
9.229045284491677048e-01
-2.492408283618442466e-01
1.557223319468874934e+00
-1.113099851877353386e+00
1.511597123663716458e+00
2.268763467718565963e+00
5.543895841974840977e+00
-1.035979101686746695e+01
1.245317873783176044e+00
-3.230613009403306535e+00
1.142974723394798442e+00
-1.537130198217062871e+00
4.548124893630171250e+00
-1.006950116926845551e+00
-2.054512623485920564e+00
1.788799572597974175e+00
-3.245172980879051372e-01
1.015253856729343651e+00
-1.677623028398893545e+00
-7.952913126343967853e-01
-1.041659850605866078e+00
6.461797206353665501e-01
-1.862280770586529188e+00
3.027201946498496721e-01
-2.539567635698769088e+00
2.779044132716669835e-01
-7.776375368506477370e-01
5.199332981490073502e-01
-2.522961355688853491e+00
-1.597010264176017102e+00
2.488116728936435873e-01
-1.253595804281836701e+00
-2.795602935738584760e-01
6.742148420367828632e-02
2.236572215317530699e+00
-2.851000768667519281e-01
6.470503829893731185e-01
7.085110719001323609e+00
2.676496813996461777e-01
3.297910121991195709e+00
1.108172883585106572e+00
3.508164411373113634e+00
-2.377013602053643648e+00
5.626101972787419525e-01
1.986344944130408186e-01
-6.808410575184262292e+00
-5.259282568088760046e-01
-6.377857551490000443e-01
6.131326081280595197e+00
-7.129979464625131325e-01
-3.606701397890605065e+00
-1.190145189977832585e+00
3.416868554709486361e+00
3.931220564777419657e+00
3.397494059104397390e+00
1.224301243384056326e+00
4.661681142619913398e-01
2.036376491087869223e+00
4.811796185318470420e-01
-6.117780571751877394e-01
2.993893318290674621e-01
2.507690683184246261e+00
1.480605403954032173e+00
-2.102633371738896972e+00
-2.065880246379397100e-01
-1.780672515541812939e-01
5.450613462062945391e-01
3.352172968565311773e-02
2.643659838389327277e+00
-4.601374716055997016e-01
-9.746021187001914221e-01
-1.090490498814413317e-01
-2.217417854041937808e+00
-3.229008705270667301e-01
8.710261478299832660e+00
6.868050070649722727e-01
-2.484483546866424142e+00
-1.758235988071059630e+00
7.465794696787232398e-01
-1.807460932793031771e+00
5.217050537198193033e-02
-1.793152267718401749e+00
3.214034867196636558e+00
7.646281359986903392e-02
-2.937450555611893055e+00
2.264291765773720488e+00
-1.428595685650322078e-01
3.440280394363063987e+00
6.527422310594339194e+00
3.217854092666426968e+00
-2.222896130462896025e+00
-6.134389024668454038e-01
6.977565726613531583e-01
-2.915251353707667414e-01
-5.503693348152466136e+00
-1.362261178766023040e+00
-3.525446466076812557e-01
-3.591396726977180709e-01
-2.702572914481592425e-01
-5.008135541044852479e-01
2.411960790377707664e-01
3.682192284498580825e+00
-3.260213213279104405e+00
-2.820407799145543848e+00
4.558550807730339827e+00
-1.053657396107882116e+00
2.461213096882111095e+00
3.605225304694529509e+00
1.421221633275291607e+00
-8.162045343512013273e-01
3.321044039731750330e-01
1.356658269966714903e+00
3.019316451514582944e+00
-5.873083768372323599e-01
3.840646214757804433e+00
4.736142585618149603e+00
-3.479043445169475834e+00
1.175789497361828140e+00
8.795466678462861010e-01
2.621234415261580963e+00
-1.829245496422543749e+00
-1.713405455313381065e+00
9.327502979556986373e-01
7.178631743436187929e-01
-8.798856393487840544e-01
5.210358535507511490e+00
-1.997376475020798736e+00
3.578536355388936219e+00
-2.066656047651304284e+00
