-1.367572868309795631e+00
1.448844299013239967e+00
1.783179426298888703e+00
8.264952835871215431e-01
1.221245543730343996e+00
-2.241045010362975876e-01
-1.294525706728496983e+00
8.095739827802283628e+00
2.930736773942132167e+00
4.456591327044371553e+00
-3.658646670680775204e-01
-6.842478525626758401e-01
6.992997726675413084e+00
6.212369963739018397e-01
3.166449178405930986e+00
8.840256671054812498e-01
-1.799503637451056015e+00
1.312527963705391088e+01
-1.441656707394501691e+00
1.589406610267927844e+00
-8.507388133891661264e-01
-1.137322887311796316e-01
2.303631179131753193e-01
-3.525589291915122381e+00
1.721823196283458701e+00
-1.119304160789536207e+00
5.034350110211151197e+00
5.973736183531226374e-01
-5.760295579103498209e-01
1.665668927865173732e-01
1.100448145714495896e+00
1.370398928573180464e-01
3.482680186778972953e+00
-1.609805060866922100e+00
4.561590545429147214e-01
-2.624571409620310991e+00
4.367811734023398174e+00
1.455901471056818774e+00
1.136071922943698020e-01
2.324737727907270290e+00
-2.592601126130489320e-01
6.996279312452364785e-01
9.981889523112155160e-01
3.255175900706019920e-01
1.708732365089531413e-01
-4.691761157406547644e-01
-3.581534252803320939e+00
-3.209593260990967867e+00
5.625226298356063026e-01
6.577572869580533776e+00
-1.510988023327833885e+00
-1.987527406474525193e-01
2.106431309399768637e+00
-3.177031027429618071e+00
-9.932316449757393195e-02
3.673604889960421782e-01
7.867616337430221041e-01
-1.200241821863589076e+00
-2.289725224408337922e+00
-3.338342292797231714e+00
-3.254391112897963456e+00
-2.159764902829662159e+00
-1.548656492974278098e+00
4.361149543171928045e+00
3.105346460632336103e-01
-4.352363182763380745e-01
-1.686587401650965656e+00
7.463994775011265070e-03
-1.466831479606833799e+00
-9.841635868985122215e+00
-3.836630160243156284e-01
4.567257558979161969e-01
-6.160505852969840879e-01
1.533965032001990414e+00
-2.074840347804864038e+00
-4.541715644523149464e+00
4.231793060631223735e-01
-7.339578015394103705e-01
1.090508303750059582e-01
-2.264554677476126598e-01
6.763198988850394056e-02
9.256421147829235752e-03
1.772034979150067358e+00
2.622522913574810932e+00
9.661548322317541349e-01
-3.691223618203709034e+00
-2.710598552572042186e-01
2.402688625994634231e-01
2.173875920517267524e+00
-2.393201124159631821e-01
-1.177032734144447534e+00
4.460821050061848370e-01
-1.061786725971389123e+00
1.532310057100173317e+00
-5.204474339954871631e+00
-1.962155555023640807e-01
3.608916267822743773e-01
3.980617139339534205e+00
-2.899802410377879114e-01
6.479506511746746522e-02
-2.858496909813198483e-01
1.317577222503444112e+00
3.573438166638017499e+00
-9.345385276803104269e-01
-3.867324717474161844e+00
8.157554892420848525e-01
-3.800344933476461406e+00
-8.140941663161477271e-01
3.253338470647557656e-01
-1.445929640858680809e+00
2.818489762087201367e+00
1.225113969784194179e+00
-1.103429555240358795e+00
-1.007002340500660065e-01
-4.858063205256897277e-01
-4.445105085680383539e+00
-3.218205088416027593e+00
-2.936949773573344635e-01
6.351865610458014011e-01
7.493271607250743038e+00
-2.053392567397549495e+00
2.318063861454155550e+00
-1.502145067229394559e+00
2.819440892881996952e+00
1.600073543784860552e+00
3.305437463508940077e-01
-6.330770159460463731e+00
-5.758893756392766683e-01
3.405255692864438410e-01
-4.616099525188910313e-01
2.255923385551646287e+00
-3.572593305356477345e+00
1.731061398318417821e-01
1.915936847012580824e+00
8.407717654231955384e-01
7.930924957945418852e-01
-4.438811022842393816e-01
6.467355262365082069e-04
3.037683761524321735e+00
7.671410233531060996e+00
3.762881557924435683e+00
9.442325165929382758e-02
-9.581552309703694092e+00
-2.781602387232724016e+00
5.107776566356914127e-01
-9.240865546578257428e-01
1.554083129037652888e+00
-5.005381823433400212e-01
1.097206160526323027e+00
-9.522198762474993750e-01
1.168544619652551741e+00
-1.613090742124038579e+00
2.289695140220625369e+00
1.004789769734085514e+00
3.485129568088008334e+00
5.764384795201707767e+00
-1.066735441553700481e+00
6.007019673485333167e-01
1.361045043593062864e+01
4.793969128596241025e-01
-2.533702515478001294e-01
-2.677249946180328077e+00
-4.078581159581641247e-01
4.225938265487156897e+00
-2.899909346315765024e+00
5.556782146871238837e+00
-4.034555103543703281e-01
-1.627180646792307783e-01
6.969069661473233701e+00
-3.633994030705772205e-01
-3.436803004708796294e+00
5.701832391834223968e-01
-7.181824271429190221e-01
-1.384727926604099491e+00
-5.815172042572631650e-01
7.136088829962834446e-01
-1.955588716543910976e+00
-1.068376464588260966e-02
-2.878220302764222804e-01
2.598460715039285773e+00
-2.222753649384523467e+00
-6.542834071278415209e+00
3.722604591353354531e-01
-9.358554876232071384e-01
-2.706156129202681893e+00
1.098956841880583957e-01
1.269702769409995602e+00
-8.114587984420673639e-01
-1.580195878357432582e+00
5.066345331006059105e-01
-1.480690589361596698e+00
-5.283408758853078702e-01
-2.850938924296761101e+00
2.288264842035130364e+00
-1.577343729452009846e-01
-6.437885599939433545e-01
-1.150059592739653747e+00
-2.341726129419734015e+00
-3.298280239236570655e-01
-1.092564826780139997e+00
3.186021715370610075e+00
-2.168217414838119250e+00
-2.623663824959625135e+00
1.211486678920030258e+00
3.489775925423163283e+00
-3.343367758553874580e+00
-2.509228574406745516e-01
3.245603967643031940e+00
5.839324834780871276e-01
-8.822723188056158516e-03
4.901130414904157906e-01
4.320160062529489586e+00
3.467461929202804605e+00
2.549385777727562363e+00
2.206703049254432614e-01
3.835075693981928602e-01
1.360522809226890173e+00
3.870454956712944483e+00
5.225580515353530409e+00
-3.276516676809876349e-02
-5.745728476724559775e-01
2.470428687728488115e-01
-3.050711863378806399e+00
2.414581631729954547e-01
-2.656687059435664633e+00
-3.888654022810423272e-01
7.368853134313201325e-01
8.979529481534027635e-01
-1.991281988103341671e-01
1.434229946977298775e+00
5.659088333588998765e+00
-3.497962965385803535e-02
-2.151340199924547392e-01
7.206943057979720013e-01
-1.031959418112179172e+00
1.493695818061220537e+00
-1.917809888898888371e+00
-7.115558582492964579e-01
-1.452633943512209314e+00
6.828621150405631557e-01
1.429963157247395311e-01
-1.585121887089986359e+00
-3.328442041196858492e-01
-3.274826997650177041e-01
2.393738389105873887e-01
1.014237824403336985e+00
-6.741589759942581694e-02
-4.255231643192104229e+00
-1.439970194496775768e+00
9.236645860483438941e-01
8.136635178667905866e-02
-1.836405040880016326e+00
3.866887808385393033e+00
-1.420833951493599034e+00
-4.435628134500449349e+00
1.103100914393722265e+00
6.783529648323218808e-01
9.412350622313606641e-01
-3.432780262150987305e+00
1.802070969335536899e-01
8.198883689181504231e-01
1.033728901492863006e+00
6.817313059705580436e+00
5.393990839525950598e-01
3.927711413485133196e-01
9.198734507216421719e-02
1.682472647143974931e-01
-8.675411854848049664e-01
-1.792335734467952024e+00
1.228897573049949621e+00
4.975928668647000563e-02
6.235558146673640945e-01
-1.064044777429976385e+00
-2.161880915656573254e-01
-4.935080714605440733e+00
-3.417067846237145545e+00
8.026774172706729882e-02
-1.017981584779733772e+00
8.933381630153680586e-02
4.592925505571606060e+00
1.285458803852754794e+00
-2.109732692375126950e-01
-3.485901432841264302e+00
7.281736946236933017e-01
4.322676195598510240e+00
1.580081276227485176e+00
1.962040395493049871e+00
1.257048795407434305e+00
1.880944779222025742e-01
1.067995762741944799e-01
-1.435124977948581959e-01
3.767613677199863620e+00
2.478334328771184758e+00
3.829903736863060626e-01
8.018349707765692891e-01
8.719147017115099985e+00
8.085875351948292877e-01
1.500395683906162070e+00
9.802788107735710410e-01
1.449440649698208183e+00
3.641986892600780901e-01
5.538104816078369685e-01
5.433242745973392296e-01
8.275284555800368480e-01
-2.904314465769112452e+00
1.250344236069750536e+00
-5.211225279727741189e+00
-1.695235365315391984e+00
-4.531782974347554394e+00
-4.122750662593989146e-01
1.318846078084952023e+00
-1.275273372088397528e+00
-2.086513044861783572e-01
1.345624010948798688e+00
2.350267056258672049e+00
6.474272450651264776e+00
-1.253778623642569201e+00
-4.076927677310700493e-01
-3.850215442761354412e-01
-2.667572615335012109e+00
2.799408950542165542e+00
-5.413874297013691050e-01
3.482956433475909996e+00
1.294720107883428284e+00
1.130046649125457492e+00
3.700078867488422185e-01
-1.857284260740413862e+00
-1.009713692920672923e+00
1.254985734355470228e+00
-1.997297641801377255e+00
1.480447699086687052e+00
1.671590728517136304e+00
2.675473103880681158e+00
-3.700414128175141038e+00
1.963645289458201271e+00
5.276067445901746922e+00
1.076135216976695563e+00
-4.266103237540202819e+00
-6.223917903174016608e-01
-6.081384347126873591e-01
1.197448144026333150e+00
-2.170013072786183272e-01
2.289493977616750886e+00
1.219939754015870736e+00
-1.907030878093827209e+00
9.236099409683068417e-01
5.330344130245449286e+00
-6.532913621178403352e-01
-2.476269590465276949e+00
-1.385292077724076476e+00
4.055095392771718821e+00
4.890352036575031036e+00
4.575831871589534749e+00
3.282543403845410879e+00
1.005485406309615470e+00
1.580240402015273826e-01
-4.762474301537901411e+00
2.046967844378134060e+00
1.786377912649837585e+00
4.515320956812216124e+00
-1.694303195458357614e+00
-9.265326030214553477e-01
-1.837931544108625470e+00
6.081751165489976962e-01
1.791406108162020949e+00
4.344883550165464237e-01
1.236996651485920085e+00
7.409187499478309125e-01
-2.824815965435695020e+00
2.544383340274990246e+00
-8.038776321958609472e+00
2.500029995433829200e+00
1.393940620275101683e+00
-5.081636597852663417e-01
-7.023368338226327889e-01
1.239345708317336481e-01
-1.446585534232818437e+00
7.037569369393250618e-01
2.350904418981215382e+00
-3.024208445174273230e+00
-2.243181495916960255e+00
1.510476493144585319e+00
-7.186600212322419523e+00
-9.324500979148017121e-01
-2.870477562126902082e+00
-1.120740788974366131e+00
-1.511568199808146773e-01
-1.852972103581860708e+00
1.514780448614611030e-01
-1.257424699530896861e+00
1.210400990247983977e+00
-6.025976216961363985e-01
-8.165887855421719577e-01
2.300932866702576352e-02
1.786271976511665027e+00
-1.365006843199832343e+00
-1.892771122037348874e-01
5.705980745189387804e+00
4.091602032633200992e+00
3.813147057695650766e+00
3.025435141047232879e+00
3.638262492648253188e-01
1.488844265661610766e-01
1.362289230607050872e+00
3.607210018395296536e-01
9.712773968155260507e-01
7.303350055411563790e-01
-8.621830224072313253e-01
6.285116226919170712e-01
7.038052291518448467e-02
1.375909529668121856e+00
8.072209541963581980e-01
-2.605782331123187134e+00
-1.706723999543825254e+00
1.683604030831652665e+00
-4.510406691352629949e+00
-3.541957816874102272e-01
2.310504324595891390e+00
-3.225293768912195436e+00
3.195980775749054814e+00
-5.880210317168760525e+00
-1.637764864079018334e+00
-4.908028925707816015e+00
4.611191683788990581e+00
8.499971230254734778e-01
5.081535484963892735e-01
1.260936925185000446e+00
-6.878214487594007664e-01
-4.967434370245238373e-01
1.720617387250488406e+00
5.855016994745557035e+00
1.854244036347507896e+00
-6.795747761263656983e+00
2.142490313535970969e+00
-3.632055848206760529e-01
-2.520122671132082104e+00
-9.675356368456194955e-02
3.431272910090922057e+00
-8.207408769261362869e-01
-1.144659059374637744e+00
4.387426115739234689e+00
2.353461114230958273e+00
-2.115364318471850247e+00
-1.826165098299421308e+00
3.201436674356711309e-01
2.611546627778396967e+00
-8.808669418395265183e-01
2.900019437713442283e+00
-9.665665084584481592e-01
1.851867053291019083e+00
-3.309802142289018700e+00
-2.746476661643232120e+00
-1.443180966128545517e-01
1.013918185627311175e+00
6.007223602214805780e+00
-9.641370210621559300e-01
3.648617345553152980e+00
4.862638556719758309e-01
4.409070887780885073e+00
5.059048563163504042e+00
-1.991189797146591722e+00
1.775340909612682649e-01
7.744839382974613162e-01
3.289894953023903224e+00
1.107038523763734572e+00
-1.470027252439203735e+00
2.922571569618511500e+00
-1.179564777905411699e+00
8.390830011822462131e-01
2.312309300920765143e-01
-1.927113808064325751e+00
5.441537002515064891e+00
1.476833872463417130e+00
-5.256054170958581295e+00
-4.282944489899616070e-01
5.457018041082161375e+00
-3.434283402895003778e+00
-2.136314951958349084e-01
-1.501893545243606409e+00
3.753479848638121008e-01
-7.311649564872311213e-01
1.333584004028749881e+00
4.047602315334037471e+00
-1.083235720689576409e+00
1.391546979136063289e+00
-3.623046812125403804e+00
3.318734853093756598e-01
1.246202147377835912e-01
5.808609542659673441e-03
3.498573885516663040e+00
1.163101588683211229e+00
1.695529258644263182e+00
-1.292603621935875635e+00
-3.432942737289603308e+00
1.920119955541303436e-01
-9.695551260923788162e-01
-6.330297599374262729e-02
-1.490801900858516493e+00
-9.816546127501628582e-01
-2.681445643179156679e-01
-2.327089670687959577e-01
2.789965675699765391e-01
-1.805191669869500748e+00
-7.189636361929092612e-01
-1.128348318850335019e+01
-1.959251237343640373e+00
-6.549665246292685872e+00
-5.875141141505884068e-01
8.091076694766994315e-01
5.800619214205665619e-02
-3.735507220304787879e+00
7.219418559663037804e-01
9.756884107915198001e-01
-1.334974421561165192e+00
-2.291043088792721782e+00
-4.301768752705650845e-01
1.339011444674980678e-01
1.119042725563357443e+01
-2.268375586338340910e-01
6.128999771440567512e-01
1.347252087066949766e+00
2.632302581931264207e+00
1.348290631444724497e+00
-3.572533200976673928e+00
1.566209838515123298e+00
-1.681523407396986247e+00
9.456682459567096188e-01
-1.405094510405021424e+01
-2.280197307204524515e-01
4.644431793168928846e-01
5.595258287956219601e-01
-6.052497905027576230e-01
6.485077564109417381e+00
4.342165185981536335e-01
-5.156289536259318851e+00
-1.180734373196905551e+00
2.249117231830923380e+00
-2.492362412709138830e+00
-3.946778878322975359e+00
-3.105177749603543091e+00
6.728970349073815083e-01
-1.991466672698538609e-02
2.630091543843006696e-01
1.847268709679822374e-01
-2.547956462813466771e+00
1.779020601948445135e+00
-3.104604079803767736e-01
-9.943390592421352814e-01
5.126796382828366916e-01
2.918841667778432347e-01
2.004193411250164036e+00
9.134290976568402165e-01
8.420907880372640264e+00
7.127593264148364138e-01
3.641958287907067771e-01
1.418420112235052599e+00
1.288474740090865378e+00
1.377806564709209702e+00
7.576306441982166184e+00
-3.611612395939299835e-01
1.637753501944309464e+00
2.671826448432190304e+00
-1.858782138109289217e-01
-5.712552250277257215e+00
-1.414726327169368858e+00
-5.314411216114507397e-01
1.963487244302345225e+00
-2.275429073482181375e-01
-7.379278855283223137e+00
-5.203019023226107542e-01
-9.656305820784477634e-01
-2.178318784325195823e-01
-6.319805170957325524e-01
2.000516615189193104e+00
-9.721434484414412935e-01
-1.013783791325596484e-01
-1.176374480553104895e+00
1.103310644043057787e+00
3.460736123904665007e+00
-5.286272852184488169e-01
8.991384779402922245e-03
-1.234703704126579593e+00
7.731638613649525205e-01
7.804487141371955872e+00
-3.375266332908966493e+00
3.317248658384968962e+00
-4.998020571858076133e-01
4.900486423381218426e-01
-2.113485951522082740e+00
2.246571309028145280e-01
2.126765480721200419e+00
-1.540398131861548059e+00
8.780594511170258798e-02
-1.692806032308181940e+00
2.311661916349397661e+00
-9.510216200391288233e-01
8.288561087950263584e-02
-4.283074208330895916e-01
1.020481987874235719e+00
-2.199173477733455395e-01
-5.074601142828863765e+00
4.198535016911391082e-01
1.569963174567789777e+00
9.798560793462924856e-01
-2.605739495753498502e-01
-8.884098222081672214e-01
3.080841732670087652e+00
4.455147955461495002e+00
6.394154059835044368e-01
-3.119501569094015991e+00
-2.274707301610165988e-01
-1.558880485953556549e+00
-1.317437972248615363e+00
-5.466798893203796972e-01
-2.355338432842208896e-01
2.312800551303887175e+00
-1.112977019607849627e+01
1.488674824059976975e+00
3.791341991665267419e-01
6.204084277868563646e+00
-3.051190062472934450e+00
-4.334632356633155936e+00
1.267022142188365841e+00
-2.132826085757222323e+00
4.582438828861876701e+00
2.456053087062429530e+00
1.928294646332900708e+00
3.890788341318261345e+00
9.802457172836589905e+00
-1.740715370010156526e+00
-2.216105091789517534e+00
9.811382758688289574e-01
-1.351296410412362148e+00
-1.137863310223306446e+00
-6.187219143245886732e-01
5.191926325764089079e-01
6.750932360176069569e-01
-1.967705426525049872e-01
1.210254611163375404e+00
1.468005649125212475e+00
-4.533880138124040116e-01
-2.817967633701479735e-01
-4.305567738582787740e+00
-3.011893685754278849e-01
4.394692907787778324e+00
-2.355241297669709299e-01
-1.749565778896374768e-01
-5.828404463793493973e-01
-4.489965126352070124e-01
-1.711271860078685592e+00
8.123471844507408335e-01
-5.844171100057671264e-02
4.137925749934515118e-01
-2.657281106138163373e+00
-9.338845053457578427e-01
-3.234239267988372468e+00
-3.574757711642347902e-01
7.485232408262068038e-01
-3.200568903513414831e+00
-8.928795757383696241e+00
7.648967777074964225e-01
-1.049217285733815785e+00
-3.190716844472497371e+00
-6.342855192759612182e-01
-9.813270158534297405e-01
1.352448392391979226e+00
3.405968128986243681e-01
-2.929764878006833051e-01
-2.962475564566380282e-02
-9.800871562006602256e-01
2.198204140376058380e+00
-1.003673551997834590e+00
2.384143103067750680e+00
