-6.233830329115660485e-01
-1.002879460335764028e+00
1.862585146480248088e+00
-4.267714837847280229e+00
-7.009687752028055385e-01
6.442331150567189857e-01
-2.490129003949758779e+00
-2.023988826070074687e+00
2.419182830135728324e+00
1.053870537376493610e+00
1.204394068315758570e+00
-8.115118719104819078e+00
4.882478099971556240e+00
-2.355734887823075940e+00
-2.071612752263237489e+00
1.069648104601782945e+00
-3.447315442878838287e-01
-6.366707210358232283e-01
-1.702914780453521182e+00
3.174669371434313270e+00
-1.431763396414677647e+00
8.194860281795377510e-01
4.084265383878451949e+00
2.686437736160097511e+00
-7.461053396020590478e-01
-7.649023795054157304e-01
8.374515245426589205e-01
9.675360913615994596e-01
-2.462236605783697449e-02
1.838120281922894561e+00
4.156073092540661484e+00
2.266035894554350172e-01
-1.366390852844932446e+00
1.267987134245335545e-01
2.008620091143348940e+00
2.394991202476600467e+00
8.973531890056990479e-01
7.763117715142469066e-01
5.930745668021821793e-01
-2.096343481754029625e+00
-4.006041997862583304e-01
2.073310453453110380e+00
-6.006046058084517636e-01
5.733210473285226677e-02
1.651037117247755370e+00
-5.335795349247803188e+00
-9.886864899106388993e-01
-2.053909675293386972e+00
6.987375163125769673e-01
-7.605479776867956065e-01
2.470832626440206070e+00
5.890363242204885719e-01
9.836356438806940217e-01
9.648256581357685491e+00
1.915557068537463214e+00
-1.124382115527276627e+00
3.798604338519386281e-01
-7.267943026345102808e-01
9.181860135616413121e-01
-1.266321591289270021e+00
8.369768111751740847e+00
6.336702204291428053e+00
5.702967902195244854e+00
4.221384057603443374e+00
-3.715352307536379795e-01
-7.904123231374443614e-01
-1.575439062042046867e+00
-8.089075815468992348e-01
2.327786741777330970e-01
-2.637816517669973049e+00
-3.679153400356491854e+00
-1.053025954580016688e+00
-1.525510169317684017e+00
-1.096361597096199070e+00
6.156079175163600703e-02
7.227016877391430338e-02
-2.518219308689066335e-02
1.795184036687506590e-01
-7.059130361845998569e-02
-5.841465699575687509e-01
-3.222189824452304507e-01
1.857671708628643170e+00
-5.635918573675022802e-01
-1.253969093393691780e+00
-4.260359547727481377e-01
-4.630928193801994719e-02
-4.739738753312169983e+00
1.691955006407431572e+00
4.821675652365459142e-02
4.630059556108782615e-01
-8.940015097210411987e-01
1.595719531739569763e-01
-1.297755818244608728e+00
-1.483157311897480124e+00
-3.594283751694206330e+00
1.198639596507280608e-01
-1.431374962156775899e-01
3.041244260128090460e+00
-1.755339216960730031e+00
-5.585813150820241602e-02
-8.362353649597008554e-01
2.287408165071745381e-01
1.549685049017045957e+00
-5.135452915361651272e+00
1.116297048937137992e+00
-1.489809510563957939e+00
-1.431234540656528553e+00
-1.939670541959317207e+00
2.153803883374355355e+00
5.651241290364753311e+00
4.202738855403569396e-01
9.672782735609043447e-01
1.241656168344683397e+00
1.295953855925687126e+00
2.396150191036610977e+00
2.594605624599286120e+00
2.511716148845351437e+00
-5.385815027965739077e-01
-3.217856205912092427e-01
-4.115919926664844297e+00
-3.491980943407432814e-01
-2.560000589655707093e-01
1.274136490844197223e+00
-2.674746840267278714e+00
-3.871515510755249689e+00
-1.981854446975486184e+00
4.721211575773674340e+00
-3.584606280119037702e+00
-4.144120519823886184e+00
-1.442280038504470674e-01
3.564755543358189005e-01
1.674506914736642260e+00
-2.381255010600078492e+00
3.117244312047011690e-01
3.881803928524437008e+00
6.968885077385658100e-01
-4.628526009782740758e+00
1.802398654498230446e+00
-9.173088124495162310e-01
-4.074449705782685061e-01
7.967500071737241285e-01
-1.093147969425148469e+00
9.519442968611509237e-02
-2.844764916389925347e+00
6.199077890696289561e-01
4.489897705360849645e-01
-1.443130928013280023e+00
4.191712064438085639e-01
-6.580490450583558193e+00
2.783633325815810799e+00
-9.593915098510892303e-01
2.233544758568086319e+00
2.528458235138140608e+00
-1.440305563703339731e+00
-9.554391249150036014e-01
-1.000031910289850945e+00
2.602732093139421554e+00
1.707054751463605788e-02
8.320770743130109226e-01
4.798542730705533388e-01
8.092715199796344239e-01
3.688293179330094151e+00
1.491642341372498848e+00
2.107997581091452588e+01
1.224668003894135104e+00
-4.442473417779454259e+00
2.023835604174585079e+00
9.965215488997088145e-02
1.727927001734167953e-02
1.944230780838809070e+00
-9.556734350089974850e-01
4.221782778835120875e-01
3.052104512163011041e+00
-9.459433303363484757e-02
1.674919461687944144e+00
1.288564178399690796e+01
-1.636369452759653731e+00
6.096858831641856824e+00
3.073670180547825037e+00
-1.198745572156447503e+00
-1.081377716645427434e+01
4.948498056503064291e+00
-4.922211439147136103e-01
3.360994473734562060e-01
9.131231036983915583e-01
2.723616793789102042e-01
1.449567633558322521e+00
4.098953948240234624e+00
1.159363803497046375e+00
-5.029106926642356035e-01
-7.909361321477937912e-01
4.803940424000345821e-01
1.647455258344191931e+00
3.133449199658060902e+00
9.829959721019128072e-01
2.799003496155290982e+00
4.278028205746847168e-01
-1.191867883835435515e+00
3.550944002198675453e-01
-1.802688571819142382e-01
-6.712837957677231238e-01
1.957042943511402511e+00
7.384725198036300453e-01
3.249256523327515467e+00
-7.516454056845156551e+00
-1.998832088409695285e+00
-3.369734029809841935e+00
8.196661788280293903e-01
1.153166800671391323e+00
-1.028040383765581467e+01
-2.393989911894234268e+00
3.770794144655766011e+00
-2.553846266228724904e+00
3.140875417885805376e+00
-3.305902789130718666e+00
-3.258348158683951890e-01
-1.005235725048445605e+00
1.477692269383654722e+00
-1.513370869983686529e+00
3.387215781796361069e-01
7.408567145304953416e-02
-3.462723014521694065e+00
-2.133302343498420794e-02
-4.500172389571849285e-01
3.068702670619805950e+00
6.006312971790499500e-01
-7.133496946767010627e+00
2.448064769632748661e+00
-7.950543770832756429e-01
-4.099983724421266906e+00
-1.856805459456847496e+00
-1.275242057175603128e+00
-5.157488504222006220e+00
1.125721442481456558e-01
-2.964647575982700456e+00
3.862352731063964928e+00
-1.374748507040945755e+00
-3.346312764569575382e+00
3.542593657778592142e+00
2.300581039745692280e+00
-1.550845665398933093e+00
2.943778626276784549e-01
2.698430852921408718e+00
4.129836595891731577e-01
7.353761379936968545e+00
1.666255427279965007e+00
-7.166242754002232207e-01
2.014931201403517669e+00
-8.746009961781348041e-02
6.941067021375612045e-01
-2.782361583135143146e+00
-2.872770598785147733e+00
9.598117409619439933e-01
-2.956794023092077950e+00
-1.520006922685038786e+00
-7.111818577934519992e-01
-5.272153084297599435e-01
-4.706892049512649834e+00
-6.354227649984072190e-01
-6.301023758487255044e+00
6.538889478883607165e-01
-5.033753231028434971e-01
4.074634285772507525e+00
-1.630231574359601643e+00
-3.434161349278745945e-01
-6.071426794529136473e+00
-5.241856591622119588e+00
1.340701955333042372e+00
1.350720692173418502e+00
-3.649865487292663357e-01
-1.326531597578106680e+00
6.592377155274746769e-01
1.329492546332193159e+00
-2.001462045008288726e+00
-2.629918772452847220e-01
2.997881599653990925e+00
7.109431513706638839e+00
-1.641959888450910343e+00
-1.633925635275535471e-01
3.066198646011543349e+00
1.671068060424522717e+00
-1.727027564664787462e+00
1.371567303674719129e+00
1.685193417753428458e+00
1.734689777978807856e-01
-2.111886108203732348e+00
-2.176961911340949296e+00
-1.600682962483246818e+00
-1.429529173139406861e+00
-4.811494979630258628e-01
2.363330381471916652e+00
-2.763317209503905469e-01
6.665595582993439905e+00
-1.424504151882932890e+00
-2.530144369711670560e+00
-1.334164849439173128e+00
4.606009193588977979e-01
-4.114141649085662600e+00
-8.173384323986118694e-02
2.478589876458846819e-01
-3.979720777459460734e+00
1.391390170491470180e+00
-4.858147294418810325e-01
-4.545189176673720688e-01
3.987180889974695219e-01
1.052439897625676357e+00
-1.512394932473656750e+00
2.442926173571454473e+00
-6.852484049979606917e-01
2.105616715288759266e+00
3.288045312104821427e+00
-9.126167653551460202e-01
2.246325861325952022e+00
3.116339641131188998e+00
1.179105561589847140e+00
4.238972112750860610e+00
-6.805768427117521169e-01
3.446438513389507907e+00
2.541798281629236711e-01
1.018105660945325619e+00
3.995455480798022485e+00
5.752407819324577565e-01
1.066200675583372615e+00
-2.139870854305406134e+00
1.649531332620331581e+00
3.852696438035806636e+00
1.842961934887497932e+00
-2.560047478194532822e+00
3.447758955247717805e-01
-2.274080683337827313e+00
-3.704122490564007109e+00
-4.908761266641341048e-01
-8.208488090371652834e-01
-2.253631392262651079e-01
-4.404338535881180405e-01
-1.778343081936998304e-01
-2.550141914796214770e+00
-8.348808695277446512e-01
5.345891091969724229e+00
1.421536769690214586e+00
1.008335915380068615e+00
1.271104203068120331e+00
3.479486206989841346e-01
-1.215856639733981837e+00
9.820919825762574051e-01
9.504857334480786291e-01
4.535702276825010620e-02
1.117261430528077248e+00
6.012325454368226296e+00
1.957714176981106835e+00
-4.960645699104767048e-01
-8.330499243303917112e-01
2.551993900400248982e-01
5.133820818091258120e-01
-4.115558718070461142e-01
-1.893030488952662127e+00
-1.151413882364539509e-01
6.288045689597141497e-01
9.145360069729639996e-01
4.048663656564855273e+00
-5.230497966386629116e-01
-5.087378296507556463e+00
-3.291312495061097021e+00
1.884828626868321755e-01
4.889613776829556890e+00
-2.505659507197574687e+00
8.101220980462650045e-01
6.409404037708608115e+00
-6.525925367943393729e-01
-1.078599347746804327e+00
2.157451336355318272e-01
-2.165644423466651425e+00
1.089462485650276369e+00
6.642349680059547179e-01
4.288630201630715177e+00
-5.798947330368319220e-01
-1.376879624047549822e+00
-3.413599274029280650e+00
1.322500567972797469e+00
4.037005988902190978e+00
-9.177466140654880200e-02
-1.999764037643757097e+00
-1.265903566504035238e+00
-4.582879046301024495e+00
-6.968793675823844458e-01
-1.975235680374206881e-01
-8.111733833841747732e-01
-2.253761895891031042e+00
-1.745776173397250774e+00
6.097981411255812972e-03
3.693375671662980420e+00
-4.648929259143915194e-01
-1.962141585495434493e+00
7.880467164060707130e-01
-2.561509285278598114e-01
9.800919325671691995e-01
-3.394285419954677696e+00
2.376837779628659941e+00
2.661251567352610703e+00
4.162624385343061117e-01
3.495009949821446416e+00
-2.826599511689641409e-01
-2.758126103909556370e+00
3.358375620227209257e+00
-1.330040739001198569e+00
5.360008466140812888e-02
3.673612839557445220e-01
2.459718224474387316e-02
9.308612585071027734e-01
-2.872105184398513256e+00
-1.949809903681577916e+00
-4.507057617608356992e+00
-6.079748954542514294e-01
-2.105217505516511878e+00
6.028979243061574067e-01
-8.976762393375559146e-01
-8.732739952332972067e+00
6.203182209732077679e-01
9.619253767026066937e-01
3.582409560072750271e-02
-1.018991830377906860e+00
9.283888055382982785e-01
-1.815188198816982679e+00
9.756444893871107915e-01
2.246054004193726028e-01
-6.253069423208480471e-01
3.856021685709858815e+00
-2.230788027055770950e+00
-6.405148531858960048e+00
-1.116494278676347651e+00
1.373386210210780778e+00
7.434783736109501495e-01
2.292146211819058532e+00
1.659503616522389313e+00
-3.669300241987714095e+00
6.031916075949756539e+00
-1.529536510466415811e+00
-3.717779825604510258e+00
-6.515453161657975834e-01
-1.439124168391562542e+00
-4.018600837734299880e+00
1.616023357494600798e+00
7.610735644572622638e-01
3.747667921446651285e+00
1.224141306959505071e+00
5.162862985629226298e-01
-1.951619063235282558e+00
2.827484320673880447e+00
-1.357295005230229057e+00
-8.300333117584797193e+00
6.835407042036930614e-01
-1.354158743414751731e+00
-1.263966159849443160e+00
-7.783541911089310261e+00
4.377749396284445815e+00
-1.845885859586457123e+00
4.022223828158416059e-01
1.890533058686997059e+00
-5.570977898257183369e-01
-3.103210043076399804e-01
7.476599806563278827e-01
3.130148309996778067e-01
1.536616148094982259e+00
4.738330769021873445e-01
1.844373498248066845e+00
1.220788594192481424e+00
1.037057801888512820e+00
1.411004006614132056e+00
-7.143148754690451518e-01
-5.408560964233898538e+00
-9.276320907887257716e-01
8.283029471995490001e-01
-2.016111126793437958e+00
9.809588015067999267e-01
2.829810607780605114e-01
-1.355505645031726214e+00
-2.846440994813898229e+00
-4.455147282880528081e+00
1.172227202498925758e+00
3.128397677165058788e+00
-1.357783881979332641e+01
-5.230840295558111253e-01
2.193979174575716451e-01
2.071809592257715327e+00
-2.032077886655372367e+00
-1.785602404547338873e+00
-2.234841308290032025e+00
7.490991495695791258e-01
3.125934881382304908e+00
6.993605947701351244e-01
-1.436541305022345449e+00
-6.292520843510063244e-01
8.407346077741919554e-01
7.311054383287729497e-01
1.213715011981928216e+00
7.281449738564363949e-01
1.397537941294397346e+00
-4.096558419079914692e+00
3.462070930248181688e-02
6.330399252322287118e-02
3.402643022228764469e+00
-1.177860374280353062e+00
2.179764382992142036e+00
-1.145452191942068820e+00
1.171692213647645142e-01
5.857694041984004008e-01
-1.538803515618319295e+00
-3.518310314252915738e+00
-7.557613807868668765e+00
5.149884702374814438e+00
1.379378266311185763e+00
2.077795801094513450e+00
-2.063321113661615303e-01
1.216301229925977667e+00
-1.348468568227471964e+00
3.290790488234974775e-01
-1.136430147945607816e+00
-1.788645973219028518e-01
1.253011050822455119e-01
-9.034986609747107378e-02
1.803164527550205898e-01
2.384699025787628823e+00
-2.020290788581846630e-02
2.803073528319193208e-01
3.344657315705580558e+00
3.958302275225888955e-01
1.257155110380462570e+00
-3.256150060951788494e-01
2.887183899121450459e-01
-4.214928469498517849e+00
1.052892210993223721e+00
5.363515696953204959e+00
-9.612791475987431111e-01
6.943412541265149285e-01
8.615872690154252611e-01
-1.716115787504216006e-01
-1.133944557587004454e+01
-2.100736069300912945e+00
-1.408687672481499786e-01
-3.137727451077332752e+00
-2.006085906644814454e+00
2.547997698961190216e-01
9.428470431543799490e-01
2.021796327923716330e+00
1.062595303243685008e+00
-2.946596102252533877e-01
1.706208589574903733e+00
-1.123789030430708991e+00
1.209213665996139664e+00
2.429115464632163768e+00
6.122838598185184722e+00
-1.031114926557821043e+01
1.293042570906171695e+00
-3.508601764414592594e+00
1.143463854473892205e+00
-1.796655566483954525e+00
4.999273380715160364e+00
-1.104606854192563326e+00
-2.250345614335337530e+00
2.041351364318033657e+00
-3.553576321485192868e-01
1.148630195908407980e+00
-1.787942074013952443e+00
-9.568818124659963509e-01
-1.228843808972765350e+00
6.324506521710711038e-01
-2.135821842020466654e+00
4.050172708791458520e-01
-2.792379270558075000e+00
3.062413647937710648e-01
-7.969141516537054937e-01
6.123000135772483921e-01
-2.827627687613273544e+00
-1.692013785391425662e+00
2.266841954649606306e-01
-1.319017776365538630e+00
-3.368207681974889067e-01
-1.057680122177508814e-02
2.489332762426719636e+00
-3.336182716041776741e-01
1.048046488495681494e+00
7.758195169714393380e+00
4.745008881158515601e-01
3.686768171903951785e+00
1.181238096301713947e+00
3.961637995587817596e+00
-2.667439772745924031e+00
5.176672085134093049e-01
4.930076365316157783e-02
-7.468846816072688632e+00
-5.620700006454962816e-01
-6.743746203994841482e-01
6.724438524147125840e+00
-7.459753139133266098e-01
-3.837116291662027390e+00
-1.267985545815878856e+00
3.722694484007291305e+00
4.198400844785904695e+00
3.828841306949016143e+00
1.338962800670508102e+00
3.332768059436929664e-01
2.086859443729261798e+00
5.394404044056709813e-01
-5.264159994747381610e-01
3.182404247425612565e-01
2.613404884050272603e+00
1.553376390494870973e+00
-2.277447636393027164e+00
-2.340649151500250047e-01
-2.486710653847931662e-01
6.377193840473551756e-01
5.317921816129917573e-02
2.994881883414883816e+00
-4.690397920283069788e-01
-1.224335476742148154e+00
-1.537610198024699226e-01
-2.460513698500721880e+00
-2.135798064526121531e-01
9.441919815522473058e+00
7.958504429355385268e-01
-2.830404786816798968e+00
-2.038706693190502683e+00
8.546161241651448748e-01
-2.053328189045574792e+00
9.596509551660556414e-02
-2.019017249557077065e+00
3.447401265532592518e+00
1.412871168995630811e-01
-3.240351993439304135e+00
2.601495058959978568e+00
-8.211275249127721054e-02
3.668319782660374617e+00
7.259652117015368944e+00
3.453907167775836839e+00
-2.389096678928270379e+00
-7.385712119814361598e-01
6.990494126822204279e-01
-4.302506289812326190e-01
-6.859420403743860639e+00
-1.517203916457878998e+00
-4.664424216492671915e-01
-2.945632609527459866e-01
-3.035125435558669316e-01
-5.236298753094911218e-01
2.473339821522144433e-01
4.029733278335432267e+00
-3.241649100186605015e+00
-3.086002636748393702e+00
4.944875626859963624e+00
-1.144534217570275736e+00
2.704663195886054528e+00
3.868582770046709030e+00
1.518605335768814069e+00
-8.213360328290038037e-01
2.428901267261740493e-01
1.494372302563285126e+00
3.425588924944727776e+00
-5.351507818959654328e-01
4.192693834154287202e+00
5.093726785075702423e+00
-3.913730453258326136e+00
1.209544757312402075e+00
8.121359770805235412e-01
2.856445133412888637e+00
-1.958922480380303144e+00
-1.916910978315606195e+00
1.067860506477118276e+00
6.871554082121049678e-01
-8.850867119870016175e-01
5.849511602654332343e+00
-2.078931953993488069e+00
3.992563993668800215e+00
-2.110135569205762174e+00
