-1.170524865741522369e-01
-1.120939854142964931e+00
2.242580599586316392e+00
-4.117455316982697511e+00
-8.176723333824613693e-01
3.126500498528750338e-02
-1.907574150264135460e+00
-2.437944181030726742e+00
2.489362947509109691e+00
1.012099283853206799e+00
9.235004391668474311e-01
-7.149112035511504537e+00
3.500517779229990634e+00
-3.035701451957613095e+00
-1.650313725634832362e+00
1.519683458357637962e+00
-4.623847107566065873e-01
-3.976645969253265633e+00
-2.187932528257516385e+00
1.813813749653593321e+00
-8.074745441387024547e-01
5.395880337819944916e-01
3.445966367896175608e+00
3.876317545872704162e+00
-1.144301024283231216e+00
-3.820225795777116851e-01
4.957423187121753339e-01
7.326393038106646660e-01
-8.670926491988387719e-01
1.768188321050038203e+00
4.130995793210082034e+00
3.103306409975607472e-01
-1.478775181374252234e+00
4.951946941409240965e-02
1.844373083470241870e+00
1.409423023493819471e+01
7.179494005363556974e-01
9.607088901839699879e-01
7.231509042206117899e-01
-1.384763001511210234e+00
-6.821828967777038288e-02
1.144759870696733017e+00
-6.696840157818534367e-01
2.949298217439231262e-01
1.471797472290565789e+00
-4.373696087080615413e+00
-1.374775498625682602e+00
-1.309408279211107251e+00
6.425244619372401100e-01
-1.854838761054258711e+00
3.285136084765519104e+00
8.147152254663829751e-01
7.742120101142643263e-01
9.057420972828559513e+00
2.784523943513361743e-03
-1.244350192264531474e+00
7.755874291632856021e-01
-4.136696264659300293e-01
1.391356160474776615e+00
-1.004733268795218404e+00
7.416997844014506569e+00
6.406952484065050690e+00
5.673281461788287849e+00
2.396282836562890761e+00
-2.314856140377541949e-01
-5.054011698503175776e-01
-1.496848820264548241e+00
-8.128300511688764107e-01
6.697674015621315480e-01
-2.730904094262346149e+00
-3.587783981205014072e+00
-1.085791659837577861e+00
-2.023589908412311011e+00
-1.459518757010810908e-01
6.696692180136276651e-02
1.087127261277275603e-01
3.748088576076518130e-01
4.870446332561919056e-01
3.962463578893390959e-03
-6.877941225292441008e-01
-6.955580142742655569e-01
2.515380084119708926e+00
-1.396722847426395520e+00
-1.135967697045924263e+00
-5.024668918966312958e-01
-3.770134755966081386e-01
-4.744307471800461862e+00
1.983466333552535765e+00
-4.609967315730283399e-01
2.785169672017224762e-01
-1.509500566163155533e+00
-2.957882103673583618e-01
-2.352168200946297194e+00
-1.589109046199861153e+00
-7.044720584026036292e+00
7.234552837369363498e-01
1.403736844461994648e-01
2.977723136071698029e+00
-1.296806886247514834e+00
-2.518497868347370217e-01
-2.018628454952643425e-01
2.912257781278779212e-02
1.596106044449988159e+00
-4.881605731363418244e+00
1.937782221894587931e+00
-6.007321841222789116e-01
-1.488864872733865141e+00
-2.263601455735976486e+00
1.862072028513420907e+00
5.791646490166902694e+00
1.693928629590877311e+00
1.023847797892962985e+00
2.552595473186174413e-01
1.028378448371184195e+00
7.984013378395364846e-01
2.165625021772223935e+00
2.161688313185057275e+00
3.564280495281451633e-01
-4.792995743318035906e-01
-3.649124947122402762e+00
-6.204125152198658455e-02
-1.416279196976815591e+00
1.032712061383930680e+00
-2.369412470025270334e+00
-3.398689887086868477e+00
-1.642294052561086737e+00
4.811547276800933304e+00
-3.151707196447719905e+00
-5.693685222972423077e+00
5.688567504384586249e-01
1.664274012795559088e-01
1.658071884718430145e+00
1.900431333276856316e-01
1.227770173645048590e-02
2.838771727178583948e+00
-6.790075959113492932e-01
-4.207559044835038620e+00
1.677279450300638297e+00
-6.736780666950039631e-01
-5.827804283016420062e-01
2.426317777908112983e-01
-1.123552445798035482e+00
-7.643783164937650865e-02
-1.487472193610321458e+00
8.747691873394956019e-01
2.629679872459744772e-02
-1.971111680104645103e+00
7.067442879881193907e-01
-6.605456072730132355e+00
4.127964837287917632e+00
-1.909231059075960912e+00
1.717997909665842426e+00
2.424971610017437218e+00
-1.425455087600532078e+00
-1.040589010273539339e+00
1.535586892962834682e+00
3.516853748864309015e+00
2.319913142338219103e-01
7.630423888319010084e-01
6.726260311506745415e-01
1.889633304844131834e+00
2.940006555617018957e+00
2.231603859178511229e+00
1.605528594279482490e+01
-1.226440673037325624e+00
-3.753767056996958118e+00
2.139975666238110641e+00
4.680472979985012549e-01
-8.632672512718639335e-02
1.875027351667869935e+00
-2.507220393021797333e-01
7.631544598843640337e-01
3.738155285435416531e+00
-4.626825993158311667e-01
1.411300856164789064e+00
9.005280373566955987e+00
-1.926392599910927705e+00
6.285692973945472772e+00
2.938967404493956881e+00
-7.197500227524180616e-01
-9.149434548557509927e+00
4.558516273511832750e+00
-7.526929734852230713e-02
8.855192185216809175e-01
3.141432978246851415e-01
7.862944516039115372e-01
1.752580754703774168e+00
3.830440062116185373e+00
5.807750588120594859e-01
1.957294036251934211e+00
-1.042274929495573099e+00
3.315575519337032873e-01
2.645208974089516829e+00
1.906314636713539068e+00
5.456307443344075025e-01
1.690741153809149244e+00
-2.204227686436588396e-01
-5.847823865242309793e-01
8.719078625907111801e-02
7.581705376205724600e-02
-3.197071716186344337e-01
2.197679873851029697e+00
-1.015085944256590988e-01
4.868201022659227384e+00
-5.965916745081262462e+00
-6.191116347417577881e-01
-4.217877606166230642e+00
1.405826957267500177e+00
1.505951541296479235e+00
-1.077844919926104339e+01
-2.255112109162241918e+00
2.924461764300928301e+00
-2.096112282930137738e+00
3.111055190988031072e+00
-2.912535944737303595e+00
-1.344223609162308097e+00
-1.269695653472118213e+00
2.741496164469796604e+00
-1.496883414894790043e+00
-3.120696199545814897e-01
-3.175007025049628728e-01
-3.362777904289466768e+00
-1.131686358679253462e-01
-1.411450495458966281e-01
4.481810567050089844e+00
1.188174311059208454e+00
-7.061651254743430250e+00
1.909225872547912095e+00
-4.953177465964959669e-01
-1.624311521293395177e+00
-2.032968859613291990e+00
-7.244251224398021716e-01
-6.042979338019264901e+00
3.888190549562291487e-01
-3.165005915314880625e+00
3.291166436839596976e+00
-1.697651083427389018e+00
-4.179168866925229153e+00
3.564693137137408208e+00
1.996728491391623894e+00
-1.495240132485672113e+00
-3.377323757286673223e-01
3.528646403820821842e+00
2.447952585828911953e-01
6.231861139083729739e+00
1.271149010762377518e+00
-1.130636452123918168e-01
1.274352455379080151e+00
1.422760961110230704e-01
6.251426707699164753e-01
-3.267922243432135332e+00
-2.278889665123327912e+00
7.610503308002742884e-01
-2.581022562764275996e+00
-2.327207393392537460e-01
-8.093489288576967144e-01
-2.957043486414947964e+00
-4.318591065604394430e+00
-5.282152373608555163e-01
-4.884427186302275459e+00
2.284140875149103245e-01
2.077801826458829104e-02
4.341305896457835267e+00
-2.278758481175541473e+00
-2.502676653337642110e-01
-5.622934020095138763e+00
-4.720650258873034133e+00
2.089396930982563294e-01
1.989630912387929218e+00
-4.454466681924916793e-01
-3.814331420746774448e+00
1.284041261432347536e+00
1.195226541961629474e+00
-2.271066839667399861e+00
-3.012075110091266827e-01
3.417337602128281304e+00
7.830002990736463886e+00
9.040072486321057976e-01
-7.755429970630102476e-02
3.460578326166276142e+00
1.011581665467798485e+00
-1.441618737262736483e+00
4.868687577596180205e-01
1.541762007371791920e+00
1.103042582801979421e+00
-1.798086600483806530e+00
-2.012831224944942932e+00
1.283182400775450205e+00
-8.768114708784809919e-01
-8.040413758657941612e-01
2.897420678457804932e+00
-8.068774958473836634e-01
6.859012970619368765e+00
-7.687130952008505158e-01
-2.041284408337795675e+00
-1.264153489645057915e+00
-5.107384202311266996e-01
-5.076357977822953949e+00
-7.746613067881149561e-01
9.284585397877582746e-01
-3.654813017836360700e+00
-5.177442672089612730e-01
8.148561957923516896e-02
-2.591605417701212111e-01
-1.713024008319477653e+00
1.027636670315722700e+00
-8.402081646050285624e-01
2.061955388517823007e+00
-5.493623090432485645e-01
2.630127672528835614e+00
2.947596425110329488e+00
-3.188711963148840312e-01
2.425714453179801833e+00
2.753800123955981505e+00
2.134587638740371052e+00
2.752202528251484370e+00
-5.996132168253787142e-01
2.616417752399109453e+00
7.818697169063321128e-01
1.024104426266088330e+00
3.360548405388906978e+00
8.704650222164356244e-01
2.757519079488539582e-01
-1.000992622918413177e+00
1.921669216906060074e+00
3.729590285638088698e+00
1.678320242702631360e+00
-2.742350887068524479e+00
3.988720763137746927e-01
-2.425710369360581709e+00
-4.506490661762904359e+00
4.066820568115022128e-01
-9.451616095729440392e-01
-1.440600751643225097e-01
-2.610841047206433618e+00
5.073603807979378821e-01
-1.514084638993205889e+00
-8.966132315122266050e-01
6.344178432749403740e+00
1.971654179559467313e+00
1.490032773670304511e+00
2.259168777754408275e+00
1.386799304378748821e-01
-1.437919879057329542e+00
9.225131063182354652e-01
4.952519877683462246e-01
1.088865641405532547e-01
1.285499141035401305e+00
5.324807533455521380e+00
1.517341520846561931e+00
-6.614814558229459296e-01
2.726723493612665195e+00
1.703361945942265088e+00
1.450121565007100877e+00
3.799811392128039644e-01
-1.511990698007945833e+00
-2.303418558427214047e-01
3.322014410759168146e-01
1.134432472689853810e+00
5.422030200013856494e+00
-4.341749599109695490e-01
-3.601434929574692134e+00
-2.974633604446512258e+00
4.797754944632993679e-01
5.010514839739463433e+00
-5.587149694500708197e-01
3.070681219858459876e+00
6.637779174433129370e+00
-3.065315998984515122e+00
-1.042945032276462847e+00
8.176487814340873683e-01
-1.817048530990862831e+00
1.437309891720752519e+00
8.889673628730778709e-01
3.866126874543891034e+00
-6.948841597573788276e-01
-1.257393010088558194e+00
-3.338861839456217062e+00
2.527678934782802145e+00
3.549221988016009632e+00
-5.756360062846807013e-01
-2.111113962200882543e+00
-2.565681153105970225e+00
-3.569470839238364945e+00
3.042591339967826158e-01
-3.010291182262424536e-01
-8.638297946397033300e-01
-5.751215532028543187e+00
-2.494568773019274932e+00
-1.793050567537700868e+00
4.645153021346589028e+00
-1.394656238027441875e-01
-8.068928333985293522e-01
1.513412278386891685e-01
-1.017206566052173411e+00
7.775770128212886600e-01
-4.053926407390963327e+00
2.528748947184076723e+00
2.154389113213184270e+00
4.949697227938894550e-01
3.025378142502353374e+00
-3.224340876334342854e-01
-2.533723196709871228e+00
3.024702364314875602e+00
-1.255680606407383326e+00
-3.222994953462707812e-01
-1.147024271716092558e+00
-2.667435363789866898e+00
-5.476283974250016895e-01
-2.729676340463196738e+00
-1.718462718532942635e+00
-4.107654327320711118e+00
-7.525144824392409060e-01
-1.698221135717384644e+00
1.067185438829253652e+00
2.107157886850234974e-01
-8.359106688942453900e+00
6.343965895051795201e-02
2.883574458899756277e+00
2.045840243799211255e-01
-1.825945580323308892e+00
1.011573363741089748e+00
-1.879703692344175670e+00
1.627683084054120766e+00
3.027203757910897242e+00
6.952284451459177506e-01
5.829583604235624605e+00
-1.549022012522474068e+00
-3.764454064642411169e+00
1.985123709901534528e-01
6.818386970926073598e-01
5.050116132808484259e-01
3.929831088077514245e+00
2.322983081295171282e+00
-4.134705340692353737e+00
6.094456411723933265e+00
-1.379221422907930261e+00
-1.004912455976768149e+00
-7.560734740677494958e-01
-1.685976143190891952e+00
-3.994735821444567847e+00
1.335931487132290041e+00
-1.100760920177118463e-01
3.365082418368384509e+00
9.296129968533370924e-01
7.173015000945998088e-02
-1.634758300178108303e+00
3.334033079676702371e+00
-8.790391806756596704e-01
-4.174204513231895675e+00
-4.730931949969687800e-01
-1.584393077592693544e+00
-9.538181187959083873e-01
-6.308324586517281674e+00
5.338978565489353123e+00
7.769985549187785612e-01
7.635045906184749764e-01
1.855772514374311566e+00
-3.979886527525667850e-01
-2.821766273180840390e+00
1.925646908612092201e+00
-2.730105944691474384e-02
2.408799944706474960e+00
1.192190961134556693e+00
1.504216741877248964e+00
1.083142630424246855e+00
1.865187936808132552e+00
1.302986930499760332e+00
-4.969773527893895371e-01
-6.760076642826963855e+00
-1.343805682424013881e+00
2.981933597527214097e+00
-2.233437028216286535e+00
6.980695518359758545e-01
-1.241716390578320839e+00
-1.340787101883869070e+00
-2.207845311149108092e+00
-4.084576856875512973e+00
-1.003465794010254264e+00
3.406013964017604145e+00
-1.064568491479394119e+01
-4.528768363811782605e-01
-2.948378349102266649e-02
-3.002971577350190824e-01
-2.618973399982079453e+00
-2.461163888860232518e+00
-1.833020118367062246e+00
4.428879381159903650e-01
2.754221423093423216e+00
1.697275737453026956e+00
-1.637527484135026246e+00
-9.271216865061294721e-01
7.661043360212780318e-01
3.724961402376871789e-01
1.077781187771696070e+00
2.987286403190149153e-01
5.502013894935209315e-02
-3.964896113609357453e+00
-4.158968635329210461e-01
-4.084111262796023545e-01
4.158310330819528389e+00
-1.209161519715281186e+00
1.965334142154198105e+00
-9.373114143188892022e-01
2.392606001927604087e-01
8.147757933949918430e-01
-1.833935650220346547e+00
-3.302057562501555132e+00
-6.975860504033946086e+00
3.734687909545995499e+00
1.167703416387623871e+00
1.822050627579699711e+00
1.528002109346030091e+00
1.137085613625597791e+00
-1.491384539356601868e+00
3.765449349457605788e-01
-1.184399848318614668e+00
-7.504666642679099775e-01
-6.259852412659818732e-01
-3.434920638632070755e-01
4.136313302333978204e-01
2.159558693627001702e+00
6.555058709937987282e-02
1.861201823095335883e-01
3.045726921445049751e+00
3.502320909984750763e-01
1.229997642937314506e+00
-1.106046883289956151e+00
-1.267100168984874875e-01
-3.949751351669092081e+00
8.919635320905179299e-01
4.386473984418088889e+00
-6.997599061106541951e-01
7.689147322143394803e-01
1.495872351511613907e+00
-1.750380372411063368e-01
-9.179668920912344987e+00
-6.883153430741351109e-01
-6.370625904285327490e-01
-2.859239694106688656e+00
-8.215108349078382721e-01
5.572229871204237295e-02
1.090204381721828764e+00
1.575646578772771145e+00
4.372958250351116405e+00
-5.229344263871409382e-01
1.923861399115455617e+00
-1.646831582657418969e-01
2.615950419291795725e+00
3.508784375805737099e+00
5.874446971224099201e+00
-1.812281702762519231e+01
2.082355183550179678e+00
-3.277166757468286118e+00
3.531375289395913830e-01
-1.533896501612500352e+00
3.701114932695357407e+00
-1.616835673102198445e+00
-2.513809817398477531e+00
1.547420986205373827e+00
-4.897076159816755037e-01
2.611745817824721039e-01
-1.370825315654408350e+00
-1.147105402043703259e-01
-1.543612221053864531e+00
6.175387100278781904e-01
-2.455687220203006227e+00
1.631186278261886224e+00
-2.370184012415417651e+00
-9.189231465999450066e-01
-2.087975891720943167e-01
2.803869584143788840e-01
-2.247851057539955733e+00
-2.021067405529499261e+00
2.081656990368933591e-01
-1.226691520925885293e+00
-3.929441485306889303e-01
3.461298783307077409e-01
2.038707422211647913e+00
-6.564563893282711060e-01
2.713865931465886394e-02
7.432497535420626633e+00
5.545470693423858455e-01
2.724550064852059972e+00
8.399895663358828424e-01
4.181099070740394996e-01
-2.969974307824505999e+00
7.093373967681670944e-01
-2.618483870491909116e+00
-7.693199202124718639e+00
1.834384993251984008e-01
-9.788409706139225008e-01
5.594161380907775261e+00
-1.390793211616604186e+00
-5.093102215656482912e+00
-2.153981857670949296e+00
3.788597032826504396e+00
4.130029245279700056e+00
3.850354239206550844e+00
-9.865173699502949312e-02
1.172526230137294290e+00
1.576225240638406966e+00
4.689923522480370366e-01
-1.530645478644794721e+00
5.799886821799304926e-01
2.109365815530346300e+00
1.485621030182457059e+00
-2.244126209605282973e+00
9.325630052535145431e-01
-5.343628943594944669e-01
2.709048466202141459e+00
-4.765334631472575855e-02
2.407980966102176268e+00
-5.633598873558540721e-01
-9.690211820812975052e-01
4.470488103355615417e-01
-1.834928268086388536e+00
-4.836958825599508849e-01
8.957568553356635377e+00
7.562795590656006262e-01
-3.117163098165525614e+00
-1.601700694987989282e+00
9.457458462126049070e-02
-2.589616756216543081e+00
4.816816677170315114e-02
-1.177006924482549177e+00
3.386988843930025972e+00
3.472578372980159034e-01
-2.899456615085348687e+00
2.926897293864402450e+00
-4.540907468568448901e-02
2.273796000161237174e+00
6.695570718812416722e+00
3.569577857644245178e+00
-7.877743575700546508e-02
-4.864253120080622717e-01
1.657479265639216326e+00
-3.208996440090358115e-01
-6.278108603861073611e+00
-6.200076332819578484e-01
-7.053268294851011699e-02
-8.694904608703999394e-01
-4.584121825070542888e-01
-2.590029388971774038e-01
3.433022036398295507e-01
3.106713148080107789e+00
-7.342140010249095461e+00
-2.764166955575858342e+00
4.351590526302901552e+00
-8.664226696676476935e-01
2.333577180768721782e+00
3.498636690507536784e+00
1.366261093991522291e+00
-1.039285867841740263e+00
4.611005908816348531e-01
1.354723881952858422e+00
2.618935664224435023e+00
-3.052827769233005917e+00
3.608892662532221074e+00
3.660394046176432603e+00
-3.117605112420099633e+00
8.488720062909924646e-01
1.297298042961778863e+00
3.151340207830937601e+00
-1.863044228766020272e+00
-1.784771241730836344e+00
1.537349063261820969e+00
1.557327191921857423e+00
-1.058610787076387449e+00
5.055178265392288317e+00
-2.523361186994853345e+00
3.631385436882505591e+00
-2.002848130553997574e+00
