-1.068441779243345824e+00
1.647844618252415794e+00
1.232930632848437069e+00
2.969364123277551948e-01
6.535601970272023609e-01
-2.481951349854935596e-01
-7.668248529827780269e-01
6.718282358148795375e+00
2.421706055514834421e+00
2.791142922940061943e+00
-2.457526043295631679e-01
-4.758215815892650746e-01
5.719557533528385029e+00
5.741464254568513503e-01
2.524111502574486021e+00
7.699356475278131828e-01
-1.599390881109497009e+00
1.062491826075003054e+01
-1.090247387115272026e+00
1.237748222780984175e+00
-6.991913719017018858e-01
8.216696211303488318e-02
1.439509554997912444e+00
-2.334896744081716324e+00
1.593472289277334308e+00
-9.077870753999187636e-01
3.615567929976710726e+00
4.248591484354393155e-01
-9.611134682492215031e-01
5.417439087688800115e-01
8.987569413725897682e-01
1.522397569789939349e-02
2.126021936500238851e+00
-1.677647242214768353e+00
1.778335334773545606e-01
-1.871464212357522916e+00
6.485146752492175537e+00
1.033433998815744825e+00
5.007984277660029737e-02
1.602690439242677733e+00
-7.651814454485340589e-01
5.968136286515105526e-01
3.445212513091923390e-02
1.879530518050472054e-02
4.332226419498412806e-01
-6.784783248352268537e-01
-2.739659500594070263e+00
-2.212439206884650567e+00
2.158519062726536042e-01
3.995867594020116265e+00
-1.248342817389620718e+00
-3.824468479829432610e-01
1.442761794251969265e+00
-2.538253454594632252e+00
-4.209889307654196902e-03
1.479226716495814220e-01
3.127473320671202428e-01
-1.210496303192670764e+00
-1.410135498953923650e+00
-1.837972575459878577e+00
-2.555658887862205297e+00
-1.367035236811648069e+00
-1.284045161048064987e+00
3.032230399357996653e+00
5.606570682428622249e-02
-2.452602010533810606e-01
2.968577660340265267e-01
-1.590593957639593881e-01
-1.230087679952368340e+00
-5.876066761856501230e+00
-2.013085746753534577e-01
6.579904172021971975e-01
-4.347005880009355283e-01
1.294531843511540048e+00
-6.446886304835486303e-01
-4.005696001716128052e+00
8.261153310558988494e-01
-3.999875471482837730e-01
-1.555038537488085404e-01
-3.071314075688249060e-02
-8.659678981562772548e-02
1.126776799958808806e-01
1.289524518596133040e+00
2.078000049780925451e+00
1.071405472154051797e+00
-2.772236744560633515e+00
-1.000819295987180613e-01
2.397703106714262622e-01
2.015518846671320752e+00
-8.997189052121015718e-02
-9.108929496889300870e-01
2.253001804146342879e-01
-8.087628226598341241e-01
9.391430711813085752e-01
-3.347198218282705806e+00
-1.018673846972057984e-01
-2.887779169571024762e-01
3.079055592890521442e+00
-4.936755228557589414e-01
1.311651038538557690e-01
-2.061449323868904115e-01
1.241661229168591118e+00
1.790196336050009718e+00
-1.230452361714520881e+00
-3.225297982697033383e+00
4.453681158366758486e-01
-2.592682107434594485e+00
-3.141952549462603272e-01
3.145250921984101278e-01
-1.226446765532430705e+00
4.673760634255337720e+00
5.054681939424319204e-01
-4.142565074667463598e-01
-3.367778520041009305e-01
-1.719645198799637786e-01
-3.145960382104940667e+00
-2.666766678090198184e+00
-2.968740727760863507e-01
9.669002314983106139e-01
3.856855146403414647e+00
-1.660821235825391318e+00
1.630772209671414785e+00
-7.493468186406904152e-01
1.667917941268349802e+00
1.182365216499930982e+00
4.114411743995337600e-01
-4.190806423727022612e+00
2.373494768758749041e-01
4.656639189509508281e-01
-5.809010317902867371e-01
1.500937817788328354e+00
-3.060787551802669260e+00
1.600119895764327282e-01
1.459434825741126485e+00
5.707546315899622025e-01
6.810228384573431271e-01
-2.653523181209679893e-01
7.428241655510839370e-02
1.914052900090754905e+00
6.614893209275797048e+00
2.863531071880847101e+00
9.516449731125688205e-02
-6.772473437361997028e+00
-1.859371060393986586e+00
1.300708139306130384e-01
-1.344584670825903938e+00
7.965211984938275203e-01
-3.206083576586084005e-01
1.111620852713533392e+00
-5.920374247338933138e-01
4.645547756331714906e-01
-1.201072467376316899e+00
1.584304555014430127e+00
1.053648558629722620e+00
2.637030483116371560e+00
4.457534869219120566e+00
-1.019599919975918700e+00
-3.016257135363885622e-01
8.831125404350515851e+00
4.306663369594825319e-01
3.914069607164624154e-01
-2.013093669380464856e+00
-9.876606955157773982e-01
3.012785859678010603e+00
-1.894342961999050168e+00
3.306404980064296506e+00
-4.188491389949990373e-01
-2.184237466065633626e+00
5.403864357767141691e+00
-3.001271764625492722e-01
-2.174650509611762317e+00
5.759304765034950480e-01
-5.874552685274964103e-01
-8.825206108047531917e-01
-5.405218358931604961e-01
6.311049410609130828e-01
-1.686267856359628281e+00
-4.490686225000182358e-03
-1.225542277062646908e-02
1.410023038014641239e+00
-1.703239608639835145e+00
-5.213025090071506717e+00
9.450005054488255785e-02
-8.423719128100660702e-01
-2.391501992775184604e+00
1.376074538627750921e-01
6.991393290855919540e-01
-2.103469197612866104e-01
-1.032401040328285058e+00
5.719924185189736443e-01
-7.181465469515110334e-01
-8.028553203457977627e-01
-2.343380286124403522e+00
1.510189509848007150e+00
-3.196576141194880372e-02
-4.818427440598823108e-01
-9.959840303981566390e-01
-8.800644665706948144e-01
-4.752125496158083884e-01
-8.903026965730033160e-01
2.438730509699801097e+00
-1.217703649906666685e+00
-1.725781928545017774e+00
1.102113021172376417e+00
2.812702375935741905e+00
-2.543710697440634494e+00
-6.863322496339354650e-01
2.783666509775847953e+00
4.024502056710564379e-01
2.117554306382963547e-01
1.931528233908788583e-01
2.828400563318976602e+00
2.705925199850634399e+00
1.174018464305904841e+00
2.089696183584182909e-01
5.431806380814232366e-02
1.628769644124691052e+00
3.172839049876617246e+00
2.565555073440301648e+00
1.934271871991030400e-01
-2.960939138870686826e-01
9.761879075836010777e-01
-2.624661794896512301e+00
1.029228416873548407e-01
-1.702918694738544403e+00
-3.893020391469265706e-01
8.852888321274481331e-01
8.236690016452817842e-01
-1.073183907740984655e-01
1.478992300505000745e+00
5.132522427923251307e+00
-3.816702972538911776e-01
-2.830411063831819729e-01
9.546881878471510929e-02
-1.284610040070182313e+00
1.622355852187698178e+00
-1.210565584058517219e+00
-6.438986622567630658e-01
-1.105118032271945827e+00
3.025894877879992118e-01
1.109214576798196600e-01
-1.218021586897954700e+00
-4.552583798577407581e-01
-4.820968645837966360e-01
4.162616050453151195e-01
8.708587952986652780e-01
1.851632232871794348e-01
-2.762635790180938411e+00
-8.975729320003024148e-01
7.495089748038911148e-01
-2.849328208301894760e-03
-1.308734409146006472e+00
3.124112852559422393e+00
-1.605407183393038117e+00
-3.734524446617696558e+00
1.006754978077319729e+00
7.617525747190481145e-01
4.087305930583292612e-01
-1.511485365739395847e+00
7.389581872525666228e-02
4.150999448272554848e-01
6.174858087567093312e-01
5.452853389258237371e+00
4.391812927540230116e-01
2.401149050962951004e-01
1.289057905134794180e-01
4.663343757146189428e-01
-1.004932755289350998e+00
-1.208187857085566197e+00
1.158659507937339184e+00
1.092747920230773134e-01
8.512064306435886130e-02
-8.235365542240149495e-01
-8.650652319987325867e-02
-3.212445779639761856e+00
-3.011800760643097430e+00
1.370706989283941302e-01
-9.609537151477500760e-01
1.001847799187756405e-01
2.906312534200408582e+00
6.345393534131681390e-01
-3.225362137958571185e-01
-2.351444341193178911e+00
9.402222629786712860e-01
3.157995183665556205e+00
1.044433240432764753e+00
1.388763818040689602e+00
8.198306843294382862e-01
1.159424018720216082e-01
1.403974699707648266e-01
-7.125770594699349925e-01
3.213168873729248087e+00
1.837993094898224600e+00
4.920628763904207892e-01
2.808603543540894032e-01
6.226879462059287107e+00
2.232672517360036468e-01
1.098259282813384807e+00
1.576871982974407116e-01
1.332769158494758965e+00
2.791579289475167869e-01
5.671631525702470755e-01
5.992714723120763365e-01
8.053051782993738694e-01
-1.924178039141113405e+00
7.074608395220971513e-01
-4.027816821536105429e+00
-1.312465472347025930e+00
-2.814244428485870753e+00
1.145932144176768697e+00
1.673524958265144136e+00
-1.173013007827019782e+00
1.676523072628779282e-02
9.872446204082453436e-01
2.102608229812175544e+00
2.911997298850111715e+00
-2.149184639524748697e+00
-4.395165494468160627e-01
-4.957391824796004987e-02
-1.735586732371125152e+00
1.621315595750189908e+00
-9.852000954220634099e-02
2.992521865422018923e+00
7.444676969608565731e-01
9.114205610894574594e-01
-3.492468322524527879e-02
-1.239013295762291245e+00
-1.369994393629247131e+00
9.984473732542310520e-01
-1.958103768518775434e+00
8.445027680573268247e-01
1.235889941681809878e+00
1.148814961145294467e+00
-2.152888020045998108e+00
1.153270128809629425e+00
3.552989631262471804e+00
1.081939738403105533e+00
-3.029459044805033141e+00
-3.633165534509288364e-01
-5.343361571451902270e-01
1.254147633597109790e+00
2.248956522175696859e-01
1.828026208461294599e+00
9.254185010096326325e-01
-9.727384604753046560e-01
9.218571987678163548e-01
4.612355974691769944e+00
-3.295985454511763946e-01
-1.627764417451336598e+00
-1.307008692275024364e+00
3.217554111501814251e+00
3.301957218337950195e+00
3.124100582895576128e+00
2.388623298953038265e+00
1.095791226990145750e+00
5.240301002585886492e-01
-3.558635300617836172e+00
9.894318814515773441e-01
9.505824587541196191e-01
3.526322027694179351e+00
-1.349299703592400146e+00
-4.776912256690155623e-01
-1.786996099118944858e+00
3.864274752440520211e-01
1.841003963283770029e+00
1.754372224506080546e-01
1.399105888154560828e+00
3.750797672057607501e-01
-2.754253827290502166e+00
1.837069148231288418e+00
-6.014075169861707870e+00
2.104073906682651707e+00
1.113106897964195818e+00
-5.799059193287247060e-01
-4.401139446666075261e-01
-6.131876347763866031e-01
-3.563255110986674468e-01
8.920446449156752555e-01
1.563136827870659662e+00
-2.125260408988949745e+00
-1.908500121701020236e+00
8.159058116788282522e-01
-5.697262125881075612e+00
-5.639218088660253869e-01
-2.091200676790214708e+00
1.114040732280919960e-01
-2.218237829507322678e-01
-1.848154969167414396e+00
-1.419043196710743637e-01
-1.014932936593962998e+00
1.319926457941866138e+00
2.468024526915694461e-01
-5.255746139652988091e-01
-2.460019497806397448e-01
1.712415235682538617e+00
-9.053535157559118307e-01
-1.279583735459996596e+00
4.057917942964640368e+00
2.691726633577012251e+00
3.195666792968902659e+00
2.806399141301452183e+00
4.150069947470877429e-02
2.414782709828928453e-01
3.666834905352198137e-01
2.119131878226638288e-01
1.016912797496936305e+00
5.708169256258537327e-01
-6.963467614022165186e-01
8.125356793177249681e-01
-1.532043942337291131e-01
1.023949773256268569e+00
5.467351473583581534e-01
-3.306128537778551646e+00
-1.057352664542631437e+00
1.031905007056944878e+00
-2.639340301180124637e+00
-1.871670891252624758e-01
1.720896576382831888e+00
-2.353530409923729749e+00
3.699772306607305161e+00
-4.582016744437026112e+00
-7.076148323481706859e-01
-3.396684921246531097e+00
3.007391007967333607e+00
6.482013006697405766e-01
3.303750563839036869e-01
8.582005956659963797e-01
-4.731647528226030075e-01
-3.508878158598205399e-01
8.773066957623215645e-01
3.809935410382499388e+00
1.856111919844503966e+00
-5.910381943944497785e+00
1.844426860093820730e+00
-1.244517436170033964e-01
-1.863080582072575098e+00
-8.258751860008439749e-02
2.243201279347403876e+00
-6.211585538177368804e-01
-6.268937282057056581e-01
3.063214191878325110e+00
1.266934257958425958e+00
-2.886187187696550804e+00
-1.449827717634824653e+00
6.557737651359787923e-02
2.562538856323187897e+00
-4.705636281522981856e-01
2.275361217489499932e+00
-1.019031680391323302e+00
1.609027039413972071e+00
-2.875857785491535257e+00
-1.980037026740508743e+00
-4.748356929380245228e-01
1.404188429522082115e+00
4.878178087760431936e+00
-7.954708429166827965e-01
3.045879232583067253e+00
-3.399049540860640817e-01
2.919655258418385468e+00
3.444808018546481332e+00
-1.587209359084859051e+00
8.242804081538543381e-02
5.317680783331151240e-01
2.704975657106010178e+00
9.364111096698085612e-01
-1.018174824595474259e+00
2.056075388575982377e+00
-8.494663374429818337e-01
4.389694112561267625e-01
1.279028544124223010e-01
-1.590180894990190108e+00
3.732411151361293200e+00
1.047464817003443294e+00
-3.670003436135201191e+00
-6.553859812239173355e-01
4.450300116994378108e+00
-2.675043865207771709e+00
-7.019938278563088441e-02
-1.375662926995516511e+00
2.034899897735707452e-01
-4.408000919426450226e-01
1.058990493423229928e+00
3.025198387694910895e+00
-1.278503320321811021e-01
1.104742058450092212e+00
-3.044422581530459748e+00
7.806918657945505213e-02
2.511414170687991110e-01
-4.424363595842117913e-02
3.017110334132838467e+00
7.949471632335453064e-01
1.599053742911609399e+00
-5.204531814748269980e-01
-2.756615107570282497e+00
4.713474621732358094e-01
-4.251571236658181485e-01
-1.680737650038411912e-01
-1.391948280524088144e+00
-9.639532149489257185e-01
-4.652531467908095908e-01
8.631306080127687519e-03
3.208888650337440862e-01
-1.413858562877466030e+00
-7.105198238007530698e-01
-7.935486892909420220e+00
-1.306703729655799950e+00
-4.451463886918678448e+00
-5.649606615854524394e-01
5.300955623917444903e-01
3.368469473540418591e-01
-2.387700605619161198e+00
5.979427990614484267e-01
4.656950478426764017e-01
-6.297615595122275645e-01
-1.288168186465792342e+00
-2.554587196034112662e-01
-6.801271700838616707e-02
8.605752305349730236e+00
-2.204900711267639979e-01
-5.184442596350903321e-01
5.418817451885813430e-01
1.110089014269554086e+00
1.369005333367259158e+00
-2.745904682815740738e+00
1.084719517533208943e+00
-1.723987372194480949e+00
1.759062206834931752e+00
-1.030229775354654542e+01
-3.043053064021312634e-02
2.887945556661065671e-01
3.199640940661294120e-01
-1.912465916272683419e-01
4.996281469399540320e+00
8.423820744555605700e-01
-3.897472723964243269e+00
-9.585836729148601298e-01
1.540166599679178239e+00
-1.837483759677640105e+00
-3.178475562895869633e+00
-2.841157449938195523e+00
5.909553366048130307e-01
-1.992885730181132714e-02
1.756549767805217765e-01
3.258335729120856450e-01
-1.955132631214440142e+00
1.486388790029384621e+00
-2.923166633244346779e-01
-6.573729575454517748e-01
4.764921610691458254e-01
2.433426967555338549e-01
1.291506419166535746e+00
6.815409468107980206e-01
4.619129593981368131e+00
1.068345098067545074e+00
4.214693482937579283e-01
1.623111494185893067e+00
1.236802516616746894e+00
4.505804973661368118e-01
5.678389995547764357e+00
-3.251906610560219568e-01
9.639732535787309819e-01
1.845124873880986227e+00
-1.726530825270578551e-01
-4.871617804905483240e+00
-1.018091369190746276e+00
-5.705341177702868416e-01
1.527726405593020198e+00
-2.266544916708295720e-01
-5.197419958157904141e+00
1.719501282862539726e-01
-6.746099392743515333e-01
-2.214634350253325279e-01
-3.043724961228361781e-01
2.192778289250854051e+00
-6.976045850568544093e-01
1.275491073362892969e-01
-8.281564207430982538e-01
9.382267066193207272e-01
2.557617201109377625e+00
-7.781789144288575599e-02
1.498991440606520509e-01
-1.030158862064302516e+00
5.422615448982568420e-01
6.778399927280434945e+00
-2.617458820225838423e+00
2.060621070012838008e+00
1.508886489919715745e-01
1.251256819442452539e-01
-1.961618928758467550e+00
-3.206575803255453105e-01
1.315583386131423227e+00
-1.210153350975236242e+00
2.968839064762730795e-03
-1.229496575966326999e+00
1.882966498202412131e+00
-5.309071780160341536e-01
2.596530431969224298e-02
-1.256300073066576872e-01
7.398052693063157381e-01
-1.847483029302042778e-01
-3.994413763783748461e+00
5.427035402207844861e-01
1.227240003544625369e+00
9.523002130286434275e-01
-3.386181054745345809e-01
-7.545333895066387297e-01
2.280863407706007706e+00
3.441254912422125223e+00
4.684792182276301120e-01
-2.580854532578271687e+00
1.382930419527725885e-01
-8.687419789775956414e-01
-7.638393765143197678e-01
-5.319695296524984407e-01
5.084688347947315112e-02
1.628793460184462027e+00
-9.146847128166887941e+00
1.623787777640280483e+00
3.452088230079607967e-01
4.591500797427136682e+00
-1.805289864103202913e+00
-2.888463817716523607e+00
6.669732580198478589e-01
-3.768876101246672494e+00
2.893529565962123851e+00
1.616860330984527527e+00
1.620729287960387843e+00
4.190661576631541152e+00
7.772794500610188173e+00
-1.255164805810042639e+00
-1.961831325715724050e+00
4.324820069575038284e-01
-1.572085553758068466e+00
-2.112173628932951519e-01
-4.881668233850735561e-01
3.791125417959482768e-01
3.091497822638845094e-01
-2.549734978656598150e-01
7.674696112627853450e-01
6.026519631574704938e-01
-1.351287034888897787e-01
4.726544764383555641e-02
-2.194877513827716342e+00
-1.719703085417223498e-02
3.258476717763199915e+00
-1.008676543885074772e-01
-2.261089133913662952e-01
-3.998107452138581763e-01
-5.374794205793871349e-01
-1.079450069659686706e+00
6.686555056833884958e-01
1.824836165062623805e-01
4.089790565974469327e-01
-1.771327536733621200e+00
-1.504146323010890018e+00
-2.743653765024212543e+00
-2.836922454953502704e-01
2.184066607349731126e-01
-2.430113866537650935e+00
-6.259525675981183923e+00
3.025044903235643567e-01
-2.910126899964434743e-01
-1.834431102638765188e+00
-7.109494642157149213e-01
-7.645671665431794661e-01
8.344016092746613378e-01
-2.226017237456004438e-01
2.203553187834564053e-01
2.780985215678466807e-02
-8.264093870495458072e-01
1.777367689957276564e+00
-6.031499394132333602e-01
1.756338200131679628e+00
