-4.449150451328829359e-01
-8.866317648422862296e-01
1.985439641833264268e+00
-3.941049596745872741e+00
-5.574802066768117514e-01
4.799900965741707437e-01
-2.285774552715878372e+00
-1.987104304613678707e+00
2.784717971702248107e+00
9.229874317093679226e-01
1.107819076019810778e+00
-7.632852012615833459e+00
4.430194127081887423e+00
-2.328873534935957057e+00
-1.922698941354070268e+00
8.684996441484756913e-01
-3.878116285317073086e-01
-7.053678582295902499e-01
-1.619173278693610829e+00
2.798464210095323867e+00
-1.354059884240601086e+00
8.653563532171876238e-01
3.830209580303578942e+00
2.446325089028509758e+00
-8.307844479806845150e-01
-7.172715480688798273e-01
6.550452039812647564e-01
8.135035012035465307e-01
-3.028292312249643292e-02
1.766412854438812463e+00
3.870630762127513780e+00
1.520849629021774896e-01
-1.306740534233134854e+00
1.328000420720545360e-01
1.902565643193641076e+00
2.310207226112904966e+00
7.057274155426359608e-01
7.282074126633144573e-01
5.348105896354327093e-01
-1.953862394910805600e+00
-2.113414801749716743e-01
1.986282697333432434e+00
-6.059528607408888323e-01
1.075486890573452703e-01
1.478391547463600686e+00
-4.876053616819327807e+00
-1.084237425769905450e+00
-1.790984196620890589e+00
6.510814722997619874e-01
-1.623280278152409606e+00
2.230361475190730580e+00
6.835187634072041885e-01
1.193865305841324442e+00
8.662817444663422961e+00
2.007146705264415854e+00
-1.173999926210245626e+00
3.092615747209385701e-01
-6.267045634916051933e-02
6.527475424157890282e-01
-1.160253942614354994e+00
7.675807378708875639e+00
5.707424352242141730e+00
5.123867497195417897e+00
3.296670812694791675e+00
-2.514978594726383632e-01
-7.048102584588238351e-01
-1.506968400635855243e+00
-8.124951135994471496e-01
2.487170837992215000e-01
-2.612010640435959541e+00
-3.421895383340343599e+00
-9.319022984631406548e-01
-1.603143527435072269e+00
-8.960629469401125702e-01
5.625958735800212773e-02
-1.294961377144542847e-01
5.152466419264464803e-02
1.518070387330631987e-02
-2.401891842733479970e-02
-5.422119242044864951e-01
-3.948252827202506920e-01
1.705631832581652851e+00
-6.391797238903412781e-01
-1.189738019633255428e+00
-3.884162060230548219e-01
-7.086123844183013498e-02
-4.455284301157256266e+00
1.549140566705698108e+00
7.792704848870019019e-02
4.795009760022356238e-01
-9.542130494139760000e-01
1.714329349644110045e-02
-1.318255723150585590e+00
-1.338376768863884347e+00
-2.557342765872926638e+00
8.624382276083998322e-01
-2.287835064364167684e-02
2.657861415366589597e+00
-1.474424428223247929e+00
-4.249868126146630343e-02
-6.418956772135071542e-01
7.000425902935213107e-02
1.471831913537463343e+00
-4.451761530705864445e+00
9.775910471674004176e-01
-1.444745899448545590e+00
-1.083132612614171375e+00
-1.771760233253862893e+00
2.099629000352315700e+00
5.803620720437669078e+00
6.741153891112779961e-01
8.738729399012618027e-01
1.318734075546279305e+00
1.559927132228640767e+00
2.040905429100851265e+00
2.666643780464124536e+00
1.964220618387789052e+00
-2.844020587335419625e-01
-3.288453137475907395e-01
-4.047198574861714526e+00
-3.112133284916260290e-01
-4.232187812391541293e-01
1.051639116526772222e+00
-2.446762875983719887e+00
-3.278719476990740844e+00
-2.094145801818752428e+00
4.546619880529484625e+00
-3.142605816720538847e+00
-3.425865592429834905e+00
-1.540790168175036057e-01
2.450202716504586986e-01
1.611305285476763771e+00
-2.352698930571244684e+00
1.269967161897714858e-01
3.682681277945048404e+00
6.500810054168536523e-01
-4.447317798542325562e+00
1.591419319271246025e+00
-7.589436397745267238e-01
-4.368317551494860784e-01
4.493620187847317538e-01
-9.257433462588698925e-01
8.398247304188642681e-02
-2.949909392907484218e+00
6.911399641740121336e-01
4.868321004707087951e-01
-1.758588267719730203e+00
3.648402712657646818e-01
-5.916202999693011222e+00
2.552938191213947938e+00
-7.604262542681425874e-01
2.275045206799598763e+00
2.395592790637619540e+00
-1.392419512972217666e+00
-9.073056386111881810e-01
-7.361980593771474402e-01
2.166382630227363659e+00
-2.915295422570733930e-01
7.055198373118540811e-01
7.047342841743140518e-01
8.498786204501985742e-01
3.320208499304740712e+00
1.229684736716218030e+00
1.954489763375446287e+01
1.196035571903767636e+00
-3.833113070396739541e+00
1.910047258110818769e+00
3.621528309812403479e-01
5.885232154725732190e-02
1.680859440934760363e+00
-9.610392370368542325e-01
3.429818474933640782e-01
2.929766413794649083e+00
-1.803043061483537157e-01
1.709440576050554439e+00
1.142008898944176565e+01
-1.823816980833065537e+00
5.732095315684257564e+00
2.825789672567368349e+00
-1.071378608974696611e+00
-1.060010734478147931e+01
4.631354485673227828e+00
-5.293089836042831342e-01
2.708316004424320411e-01
9.276285783059270429e-01
1.258028789166677763e-01
1.495108042907704604e+00
3.814232203808592736e+00
1.025723269686595662e+00
-4.100970391273324189e-01
-1.030235523084220839e+00
3.610390260230039172e-01
1.980443027623288499e+00
2.857501439556282552e+00
9.218123351057666559e-01
2.552907781516442487e+00
6.618031409939033605e-01
-1.015995425797313834e+00
3.641665772543317692e-01
-1.151877772401184719e-01
-3.529578460947999652e-01
1.482947254391211445e+00
7.710356997793302858e-01
3.197072081334289440e+00
-6.728240541220812609e+00
-1.478883736674319938e+00
-3.137931024975010974e+00
8.098112971668524063e-01
1.361641590462827400e+00
-9.427285766394845723e+00
-2.399443788541824940e+00
3.926806977057491821e+00
-2.202907608483886115e+00
2.925131095184428709e+00
-2.728331604183533265e+00
-2.349482440849729736e-01
-9.149612693851827405e-01
1.648751565279944264e+00
-1.336852089773351793e+00
4.124647451818851951e-01
6.409862818801641271e-02
-3.343866941393208059e+00
-1.238548169795602311e-01
-7.524341202533610939e-01
2.480400406091155752e+00
5.932830000251004821e-01
-7.094972493517166079e+00
2.193424318581127519e+00
-5.980482596294800501e-01
-3.214047984684351711e+00
-1.700266707833806512e+00
-1.499573539687023782e+00
-5.361923373337870835e+00
1.274529214901156116e-01
-2.636120338498865401e+00
3.567608942588083476e+00
-1.108539350965196402e+00
-3.327897034116533703e+00
3.131990570238575966e+00
2.367335835296851432e+00
-1.404641093688406617e+00
4.283567803281856379e-01
2.623414298213292195e+00
6.302937267883812478e-01
6.845120230879636836e+00
1.787187429734545807e+00
-6.367833396751655384e-01
1.674089333851111139e+00
-9.318252136048184309e-02
6.574596376882181348e-01
-2.624368654627111219e+00
-2.414409944573616240e+00
8.592895844778469794e-01
-2.380074807976659379e+00
-1.320645903289980883e+00
-7.749798837736638912e-01
-3.443868776048180091e-01
-3.740728052121758740e+00
-4.981240944732014952e-01
-5.977215057733989312e+00
6.969235721045649035e-01
-4.566374328600186772e-01
3.660363212077931028e+00
-1.413797216016464686e+00
-6.256649948795417471e-01
-5.098741865935441098e+00
-5.326798232498878072e+00
1.002841078822108933e+00
1.232110728370791719e+00
-3.285147464807466888e-01
-1.379948669469745370e+00
7.013508462755931872e-01
1.187436453029289130e+00
-1.895331384586675050e+00
-1.859345058555356422e-01
3.073415457971451215e+00
6.719206405840644436e+00
-1.472814846225977359e+00
-6.833349650416908894e-02
3.032543356439270532e+00
1.579164905517524753e+00
-1.461469972598980149e+00
1.310879815878487564e+00
1.538112337850329414e+00
4.131702819032710694e-02
-1.899745924452329815e+00
-1.990875929529733135e+00
-1.406952747096483769e+00
-1.455133408348956436e+00
-5.103505627123280375e-01
2.385778010882676270e+00
-4.341072624666530988e-01
6.272740613712279867e+00
-1.501695563782544207e+00
-2.506169948376752110e+00
-1.333560476386700611e+00
3.699789883629727161e-01
-4.016330964676472881e+00
-1.518830405069833689e-01
1.795985050380350390e-01
-3.648295599775698950e+00
9.715199078324209259e-01
-2.964319039557715141e-01
-3.994393170237231505e-01
1.719528471832391936e-01
8.804646100892443705e-01
-1.495017376840892087e+00
2.307501987114443320e+00
-5.445323483700267309e-01
2.167412199598874434e+00
3.014082801606244644e+00
-9.837668399702568234e-01
2.333502180031314932e+00
2.854610998693348556e+00
9.469818027617338263e-01
3.999256700544118637e+00
-8.707344271921807488e-01
3.125789870618464583e+00
4.705053761639660936e-01
8.003460711284795526e-01
3.693071571506315376e+00
4.516205357325343561e-01
8.369117673047048456e-01
-1.968829818577887858e+00
1.525913712425339019e+00
3.531829872338464238e+00
1.767046341098440054e+00
-1.611824359411694108e+00
3.406099021027358398e-01
-2.075843808242628707e+00
-3.493750121228482275e+00
-4.908821042123727163e-01
-5.322772733487717289e-01
-8.141610881625405138e-02
-6.566292205927574122e-01
-5.495340549717664391e-02
-2.197589588961259999e+00
-9.183698204559461731e-01
4.806669367054666964e+00
1.178998359127274353e+00
7.840660396161784895e-01
1.429794578044705666e+00
3.013003050751272838e-01
-1.176604724559003001e+00
8.201409232378974457e-01
8.047221269983545477e-01
-7.720753264761870405e-02
1.089333942197876270e+00
5.633755059805779730e+00
1.777580091746735702e+00
-2.648408274675012608e-01
-4.135123428173244631e-01
3.316821932759219105e-01
6.582725307200282261e-01
-5.393942445611301650e-01
-2.056220629079694717e+00
-1.276488424107296848e-01
5.172209672251819601e-01
8.586967395204249121e-01
4.307520823285756251e+00
-6.383776613363663088e-01
-4.309487774470293964e+00
-3.239163530952942072e+00
1.859095981227549543e-01
4.633094797486497995e+00
-2.171756493694852796e+00
1.431733084478577389e+00
6.859619639663582014e+00
-4.474376434871336072e-01
-7.935730791459634226e-01
3.205570593328503359e-01
-2.006573531175756209e+00
1.118185877489512148e+00
7.596193680828320360e-01
3.956430123208451999e+00
-6.134629372820282756e-01
-1.408085936541911609e+00
-3.047079383311325884e+00
1.244532469807011710e+00
4.000070370436854539e+00
3.381056515960279008e-01
-1.835604418079441524e+00
-1.067974013510324394e+00
-3.582445461058415770e+00
-6.582957808858266313e-01
7.377603700201386394e-02
-8.122639575710135507e-01
-2.255713476029968856e+00
-1.726503224913377599e+00
-1.568864380663603231e-01
3.785507152589501878e+00
-2.823163431233615683e-01
-1.976727807355116884e+00
5.759062982818879961e-01
-3.341381192881139328e-01
8.007468757915501278e-01
-2.919239725278774955e+00
2.105717337926284571e+00
2.432150667591922666e+00
4.919235013412768254e-01
3.170717577097323048e+00
-2.214043726418368219e-01
-2.601472780298109466e+00
3.183957969030186685e+00
-1.031802980610834863e+00
1.411401810506754395e-02
-1.177285434834451361e-01
-2.545270903975598853e-01
7.921422700560655228e-01
-2.555207515565851573e+00
-2.578399919352012404e+00
-4.052939361088169434e+00
-1.243830492778855490e+00
-1.968321242695830309e+00
4.995645436818823004e-01
-9.834422640336578647e-01
-7.958404988443115613e+00
4.490966023950929142e-01
9.167004412553531045e-01
2.739365532673493711e-02
-7.693468329392243454e-01
7.744793852342274354e-01
-1.681824677020604897e+00
7.043390477744472244e-01
1.389207530015003633e-01
-3.352371348119368988e-01
3.705454237748490698e+00
-2.149082568182659081e+00
-6.249580629010671906e+00
-6.458045792524825801e-01
1.151311682744070142e+00
5.914100292676189863e-01
2.714376685563164582e+00
1.579337663578209261e+00
-3.151370100695289889e+00
5.648268986247801493e+00
-1.511597913368956103e+00
-2.580604571491194044e+00
-6.232427562110807173e-01
-1.178087850462563368e+00
-3.472985969758533464e+00
1.316888084038868811e+00
7.693316360178633628e-01
3.335053316516230382e+00
1.190116625805107908e+00
5.079140247058075985e-01
-1.787501247824482276e+00
3.093193008459574678e+00
-1.395073382936103057e+00
-6.739219988608954104e+00
7.406788699408799470e-01
-1.127386572420593813e+00
-1.265213689847591194e+00
-7.302228606756707485e+00
4.645504917999288885e+00
-1.445248415895867611e+00
3.514515712319970508e-01
2.120831504946198542e+00
-4.022968907166965535e-01
-6.193855475884649797e-01
3.202541290338839497e-01
-6.426939214766919095e-03
1.391445874537071692e+00
9.360227733050094923e-01
1.623528944176273470e+00
8.893589539972542868e-01
1.143692300669894246e+00
1.381078475024763552e+00
-6.612584218080357346e-01
-4.996007049653880649e+00
-1.155108450674184661e+00
8.550695208730346719e-01
-1.977217618310750824e+00
8.485454951044942851e-01
-2.994925725862927074e-02
-1.386305097120892116e+00
-2.172658584087191258e+00
-3.976183395567990608e+00
1.046590828270037132e+00
2.973135301788189189e+00
-1.265276915682403214e+01
-4.203211524605727223e-01
2.307471863886824681e-01
1.950710854676270367e+00
-1.902548288967279122e+00
-1.800145544059938318e+00
-2.287806572116376724e+00
5.287921166012196084e-01
2.898474521298094242e+00
5.540665631376665567e-01
-1.326865033781293501e+00
-7.237585492477541793e-01
6.398527450277471385e-01
5.908703452460860595e-01
1.036158574655033693e+00
5.277325777923244088e-01
1.297429979661080202e+00
-3.686860880627723880e+00
-2.254457456966944273e-01
6.525119154162933865e-02
3.368758468029462438e+00
-1.176990006012202272e+00
1.855652862268180936e+00
-1.031141224079439311e+00
1.789342525813124862e-01
2.905427702691308345e-01
-1.300345362837423524e+00
-3.154497959149920483e+00
-7.055806390699067343e+00
4.864595843230924643e+00
1.190473299572723187e+00
1.718630097185764871e+00
-2.770024013027880955e-02
1.194047899971251159e+00
-1.362626966974898934e+00
3.175148762968437732e-01
-1.020617797423384987e+00
-8.958697255445657870e-02
8.329232024436582227e-02
-4.653112680193375456e-02
3.448790879821339028e-01
2.007177258528710428e+00
-4.897225269248686730e-02
2.286647835373788185e-01
3.163590318342371699e+00
4.200804772950848531e-01
1.218282694808990652e+00
-3.595543291127292762e-01
2.418265940276417281e-01
-3.662272103760791264e+00
1.113315454263143378e+00
4.678378122266335204e+00
-5.690572920179407523e-01
8.436095935144620750e-01
7.954714430046538887e-01
-1.791079227960025722e-01
-1.062881212086217353e+01
-2.109683031445901857e+00
-6.855813892096752904e-02
-2.980021168771068929e+00
-1.758544561560015707e+00
2.154184607646093264e-01
7.196762728809631415e-01
1.758443086437227132e+00
9.255658571168619009e-01
-9.775940418971587609e-02
1.431502522197797500e+00
-1.336648785536122430e+00
1.640738946364259210e+00
2.422602846540409249e+00
5.726387429363588133e+00
-1.101871931936657845e+01
1.282819783194387719e+00
-2.785372892032881520e+00
8.440321568178995593e-01
-1.423068803488575451e+00
4.651972573799692867e+00
-1.161333642217961426e+00
-2.020972701521500881e+00
1.697805241603785209e+00
-1.615838009495002003e-01
9.568395022139175587e-01
-1.703525890012987043e+00
-6.658868277052083506e-01
-1.058437751016969353e+00
7.392357692074303932e-01
-1.975677438177486422e+00
6.821111440023463340e-03
-2.520416650658184654e+00
8.496201764160755676e-01
-6.297820630218877724e-01
5.243955971666002247e-01
-2.576280582250409346e+00
-1.515601589219794265e+00
2.909286691672394176e-01
-1.257261221866937229e+00
-3.588067066521873905e-01
2.724775806899700226e-01
2.220589251393247476e+00
-1.827798455259693478e-01
2.369154409557568675e-01
7.477352100388068301e+00
7.624201679112614649e-02
3.396409712959304272e+00
1.240879555591894334e+00
3.732475672483241969e+00
-2.178670615082789030e+00
8.550877825636936658e-01
1.584989950550215743e-01
-7.006350748154556385e+00
-4.402425880340910536e-01
-6.938727741279340222e-01
6.550841058893069224e+00
-5.281955568807152890e-01
-3.648506475951100114e+00
-1.200500005269976578e+00
3.436500690511154588e+00
4.057192280033222964e+00
3.464898447885357058e+00
1.726920919637021878e+00
2.399353423903092253e-01
2.021553540434243512e+00
7.441860253128469438e-01
-7.601580407405085227e-01
3.245578826485894242e-01
2.648518859336094433e+00
1.377326761799825050e+00
-2.309072378875767662e+00
-3.315415396484089339e-01
-2.108810008088696508e-01
-4.541164673648335204e-01
1.710567535555045371e-01
2.736130879250500136e+00
-4.118527641543027751e-01
-1.005551629781808121e+00
2.296225814656998113e-02
-2.356817339091383801e+00
-2.549910087342990295e-01
8.912223313439625372e+00
6.142226605964165032e-01
-2.545415242491717134e+00
-1.572899611580693691e+00
7.211252354320528690e-01
-1.831923335919267704e+00
1.506660417946956154e-01
-1.745639835521376027e+00
3.312721303858523925e+00
4.037823466158376728e-01
-2.970643309708101754e+00
2.213701911126092270e+00
-5.684648644706319365e-02
3.604195263656365444e+00
6.611249962940413560e+00
3.541035703227229270e+00
-2.602213856237713063e+00
-5.135225234769262848e-01
7.654665093153942834e-01
-3.732785484398886133e-01
-5.176480609625439655e+00
-1.737596855987839195e+00
-4.657957374795484440e-01
-2.319501225226691388e-01
-1.509546304383056481e-01
-4.574738370134199816e-01
2.564899118211168560e-01
3.629962414208738775e+00
-3.322418142657939111e+00
-2.844018930667777667e+00
4.693689085551531193e+00
-1.004369239612983522e+00
2.391895554861914519e+00
3.641577833262291009e+00
1.686624739099211068e+00
-6.970057849934098160e-01
4.790564300931566266e-01
1.362095443359654823e+00
3.015213977610676110e+00
-6.124901205753955358e-01
3.926605553597104059e+00
4.833362198648836205e+00
-3.471363110874784663e+00
1.105034032077766959e+00
9.135010433846740829e-01
2.450707237538295225e+00
-1.775310466302670198e+00
-1.519889153066301679e+00
7.989375442908354108e-01
9.298217482486744734e-01
-1.244861624795395638e+00
5.294397030536520887e+00
-2.101865324125129497e+00
3.837775925944880040e+00
-2.379928344924089334e+00
