-4.398722127137701943e-01
-9.003374687465538484e-01
1.994215182560811428e+00
-3.965353019360908782e+00
-5.750989891537537924e-01
5.148721409213899980e-01
-2.317300443523744313e+00
-1.983368125339725951e+00
2.773083566176045345e+00
8.907219986027000713e-01
1.114410039609862180e+00
-7.671777287441929438e+00
4.477483434529518469e+00
-2.317469935071708065e+00
-1.978722238951057255e+00
9.903703385357935929e-01
-3.912553173919004479e-01
-7.172302414952130833e-01
-1.644981328337920656e+00
2.811108223176045584e+00
-1.357318892528782461e+00
8.879620552906367648e-01
3.835176817795848514e+00
2.431701724852934454e+00
-8.204759805033796649e-01
-7.493619966958403600e-01
6.692111336750933281e-01
8.447266711023392327e-01
-2.469497626322594147e-02
1.759593923352916089e+00
3.906453506016068999e+00
1.518407598314921170e-01
-1.303860516234918610e+00
1.363609943523415302e-01
1.941288421470413139e+00
2.275034972290606916e+00
7.390065629279127801e-01
7.628744746389697351e-01
5.349108951777132859e-01
-1.935984238849570271e+00
-2.168497688205977547e-01
1.976677398102379080e+00
-5.823382807132407857e-01
6.704174851226304965e-02
1.511860602670983988e+00
-4.910320616612864342e+00
-1.069271390611778338e+00
-1.819517269841472329e+00
6.462323405944269128e-01
-1.558061456193741146e+00
2.259504691074772254e+00
7.220232078876325232e-01
1.198096314469139001e+00
8.707755113117682910e+00
1.935500576626746128e+00
-1.132119807032685221e+00
3.088747045949672421e-01
-2.986433779612377923e-02
6.703202468443877349e-01
-1.134270803161000263e+00
7.729558816043400782e+00
5.579577207160339114e+00
5.178113989131803763e+00
3.378948392360972885e+00
-2.720195198384453561e-01
-7.442214960670671120e-01
-1.423004192107358623e+00
-7.935447257353711592e-01
2.655941450169270190e-01
-2.666854415049224603e+00
-3.473077140593194390e+00
-9.284140751083368448e-01
-1.604070471043443025e+00
-9.056683232105708914e-01
5.251933161404250677e-02
-1.189283771683127960e-01
6.267307401386403021e-02
-1.723892876550054201e-02
-2.626555896233752699e-02
-5.409995843620636347e-01
-3.773129240101540938e-01
1.764930565228636894e+00
-5.921247598688221814e-01
-1.197807838908940825e+00
-4.129447859432089918e-01
-6.248492605027619606e-02
-4.466389837439435517e+00
1.525120293856094822e+00
2.240928608448409728e-02
4.636706965779091583e-01
-9.509883636639081539e-01
4.746962361405103470e-02
-1.315171094849567623e+00
-1.341712915187815547e+00
-2.547260865996791690e+00
8.420612633762170063e-01
-3.655374571157594954e-02
2.661943552363878140e+00
-1.477578518194036628e+00
-4.868958181979460287e-02
-6.609059118605308258e-01
7.395168722370037973e-02
1.494174567475112569e+00
-4.433019068807917407e+00
1.005752524520807434e+00
-1.476428457142261674e+00
-1.106120664840630541e+00
-1.767920188183045083e+00
2.100610339502482660e+00
5.857951875260870800e+00
8.709347437931896918e-01
8.844558580823395078e-01
1.286127619745954354e+00
1.583167739885683822e+00
2.085095611986107045e+00
2.670401906076268705e+00
1.973971076420758086e+00
-3.424281456901951404e-01
-3.181699956530798512e-01
-4.132838050668627083e+00
-3.107053182029059779e-01
-3.883068452759136924e-01
1.109590472865489730e+00
-2.474050555457907752e+00
-3.335366422164259159e+00
-2.080587359605738040e+00
4.550621531066155079e+00
-3.175468900570316944e+00
-3.340488660193448922e+00
-1.548900356700052827e-01
2.572965088515734022e-01
1.615820368109645466e+00
-2.370750523644780117e+00
9.715808920693731754e-02
3.671021414799025884e+00
5.872370189872333501e-01
-4.478776305733200402e+00
1.599394464362002610e+00
-7.823321378870055076e-01
-4.632262826817447610e-01
4.385955430248913989e-01
-9.690477319744862372e-01
1.145249761527853127e-01
-2.926498000939425026e+00
7.144768004480533952e-01
4.673907238459730773e-01
-1.729606126436467717e+00
3.676229411935605373e-01
-5.967028834599041431e+00
2.598527005554092995e+00
-7.759472408765585305e-01
2.311652810787841350e+00
2.370505918225922937e+00
-1.399764183251986704e+00
-9.147660401871685609e-01
-9.301571720843758717e-01
2.199620419841659125e+00
-2.699903490643552062e-01
7.085746897481507434e-01
6.812807912782999908e-01
8.709553789932885648e-01
3.356760923450575085e+00
1.245707954333227452e+00
1.955412446330109688e+01
1.148026271332720727e+00
-3.870076109920105978e+00
1.901989024494140201e+00
3.485969048979324358e-01
5.994036259018709761e-02
1.716393853245000711e+00
-9.640999637650576881e-01
3.528470892399251935e-01
2.924071638205238521e+00
-1.838971824586779491e-01
1.686241792213921897e+00
1.141255379918605151e+01
-1.820455859016410161e+00
5.804179803516492875e+00
2.834767871943174811e+00
-1.112585785134079464e+00
-1.068133115833109414e+01
4.618429474831481585e+00
-5.101296586376293796e-01
2.759496141081848597e-01
9.209189140328891687e-01
1.298745435096587686e-01
1.506640534520125030e+00
3.840485328074419780e+00
1.018465530183872314e+00
-4.249565457620057551e-01
-1.028720502022073768e+00
3.658414384894480009e-01
1.968060527610945298e+00
2.874964718651057183e+00
9.345979557571217899e-01
2.478821231955524951e+00
6.121491520344556347e-01
-1.062000279178728190e+00
3.719646787334682236e-01
-1.297941720885054662e-01
-3.821600601506900952e-01
1.537880355878714855e+00
7.727392240094902442e-01
3.204706492919301208e+00
-6.727742663708855986e+00
-1.498407398931253631e+00
-3.164627146502031252e+00
7.963338747328014833e-01
1.346410335509296674e+00
-9.291934147347902240e+00
-2.398530640130570823e+00
3.903253419056886830e+00
-2.220840420634146106e+00
2.924417367299427806e+00
-2.687347239410414534e+00
-2.662602225757418895e-01
-9.083818980270191856e-01
1.623664405843532998e+00
-1.293877155673615276e+00
4.310117515652152065e-01
5.060352404471228638e-02
-3.394074258063971339e+00
-1.213115809526586208e-01
-7.535300111835691039e-01
2.498665080221378787e+00
6.124802436765723890e-01
-7.168336850518467251e+00
2.209606056634355387e+00
-6.166825056189543242e-01
-3.288687935013652197e+00
-1.696867517039039042e+00
-1.426758544818515162e+00
-5.164716418129431830e+00
1.281072160930074866e-01
-2.647698533541267274e+00
3.576870861505254240e+00
-1.098805371736935932e+00
-3.312807666906536053e+00
3.154497815567005592e+00
2.362266600006663886e+00
-1.399559024323171252e+00
3.902889673229145706e-01
2.653843612779178684e+00
7.104109372805423872e-01
6.911747206450614911e+00
1.734960281599085885e+00
-6.414327716621666120e-01
1.660877038124022986e+00
-5.095075994204410069e-02
6.750631783441219946e-01
-2.646356819706929819e+00
-2.440281331454566160e+00
8.693882446675805786e-01
-2.464748972862544907e+00
-1.332635930485158715e+00
-7.744133694916832678e-01
-3.617510174318867566e-01
-3.748152351758298195e+00
-4.999579290831927536e-01
-6.010605076896905707e+00
6.769127550806053328e-01
-4.468934384618888922e-01
3.675521310610946113e+00
-1.432401220087397897e+00
-5.784660066950559898e-01
-5.218442468373897469e+00
-5.332274325206864063e+00
1.034039219217443462e+00
1.256319988431582102e+00
-3.448664850821528405e-01
-1.375797325741004551e+00
7.175613491552939038e-01
1.198915690077321017e+00
-1.897469975277056076e+00
-1.821724629821832586e-01
3.063767791822312514e+00
6.751074515447400337e+00
-1.460594637431097853e+00
-4.432781510474020220e-02
3.029244380964851491e+00
1.612226064106764944e+00
-1.494402918369278188e+00
1.334732315390471991e+00
1.568023134076902192e+00
1.436488270953230062e-01
-1.949141507384822170e+00
-1.977643162919337616e+00
-1.395190424976862742e+00
-1.440131470363919863e+00
-5.184330594991101160e-01
2.423256026302812227e+00
-4.114367535278650734e-01
6.287571727762965246e+00
-1.500606625061404520e+00
-2.499911746595439244e+00
-1.303202792152765133e+00
3.847897980634578663e-01
-4.015187931872259419e+00
-1.494808529282644072e-01
1.614576726434761855e-01
-3.689327618042542056e+00
1.072008865356460117e+00
-3.087102378705726680e-01
-4.119586943781691768e-01
2.537192624139347208e-01
9.250883934364099170e-01
-1.484901606686632070e+00
2.302754890707996882e+00
-5.534938379353037119e-01
2.095773415561561048e+00
3.043624667087430957e+00
-9.853920939917460986e-01
2.299976906751940220e+00
2.841780243384117721e+00
9.092954568492886969e-01
4.019703301398844353e+00
-8.494666231939453915e-01
3.173302774127777059e+00
4.714252990815882005e-01
8.084927397697254658e-01
3.736833359084115180e+00
4.679831529428318815e-01
8.402333587377822655e-01
-1.968062383101052415e+00
1.521565029735771679e+00
3.603573061595846116e+00
1.774843252582879893e+00
-1.691229220700975588e+00
3.414638567929820789e-01
-2.102234582132331386e+00
-3.433733690260567073e+00
-3.116613174051492963e-01
-5.106034859443024931e-01
-1.112363062556366300e-01
-6.091266237987034149e-01
-4.133491691415094177e-02
-2.229321593367745713e+00
-8.887589528791890459e-01
4.851862143932033966e+00
1.215511032593079133e+00
7.697800452004628369e-01
1.381824205495605584e+00
3.125048585485390440e-01
-1.174347880045682357e+00
7.889929883414344980e-01
7.872914386937824860e-01
-7.503764858473371824e-02
1.080404152593993139e+00
5.615993629037483004e+00
1.821898499656487536e+00
-2.880101667388002551e-01
-4.255417734998877544e-01
3.739545291287834083e-01
6.226130417990147770e-01
-5.262132600622839718e-01
-2.041437430673686659e+00
-1.253877500808791290e-01
5.274259203699486198e-01
8.563051108964891966e-01
4.285506132128500845e+00
-6.510412985112380424e-01
-4.502320730517848091e+00
-3.234579500662853047e+00
1.825201379917336386e-01
4.626254241835278336e+00
-2.198865497436299776e+00
1.444595003212809425e+00
6.901418705378246976e+00
-4.438752047826214353e-01
-8.589715225364275009e-01
2.816151794621249982e-01
-1.968193561860234864e+00
1.135881167271513670e+00
7.715280250632642334e-01
4.011280824334370720e+00
-6.291571165344391758e-01
-1.423625749801975315e+00
-3.039950563185888743e+00
1.272302111231878197e+00
3.998727688196671792e+00
5.527737797151878463e-02
-1.848654042824365185e+00
-1.063624477405320068e+00
-3.718854079512770916e+00
-6.613946569431058409e-01
6.451506974447641929e-02
-7.886122434170066420e-01
-2.321173754415902568e+00
-1.797581289543638494e+00
-5.942236979779485367e-02
3.775513396066298544e+00
-2.843030266145111784e-01
-1.987794432001438016e+00
5.975584225125625260e-01
-3.532254391716818653e-01
8.323563557778974609e-01
-3.020654669006808568e+00
2.140246882585334465e+00
2.456352927641333395e+00
5.193900665974394704e-01
3.205684912788875351e+00
-2.082504040073020202e-01
-2.598095065065197051e+00
3.179551297767245988e+00
-1.044195512454550334e+00
-8.266694912517868338e-03
-1.021251470254191801e-01
-1.690597200022541657e-01
7.936617698434078605e-01
-2.581751690057313198e+00
-2.538043863506906028e+00
-4.052708440133913292e+00
-1.206756643857176181e+00
-1.942419326819910586e+00
4.858051391751883052e-01
-1.009943114150849475e+00
-8.050006142748399540e+00
5.034653597009892678e-01
9.183666062340085645e-01
1.087170677514880980e-02
-7.752728432814012249e-01
7.859960174625245655e-01
-1.707346789768658502e+00
6.934029543894085768e-01
1.462828247173443286e-01
-3.339837752447153973e-01
3.816195926260758764e+00
-2.187855854374577191e+00
-6.187848259389632233e+00
-6.605803598196480220e-01
1.105023962773063362e+00
6.041064075118693921e-01
2.713275308045979273e+00
1.597821610462790920e+00
-3.168340333697952538e+00
5.678200037275388468e+00
-1.532269563741201379e+00
-2.639669018685700141e+00
-6.290794281687761558e-01
-1.160351759779549186e+00
-3.500507731417825674e+00
1.326919073367592183e+00
7.418075941314806743e-01
3.369514270070314677e+00
1.190539711284304358e+00
5.035794294243673974e-01
-1.825542604395246737e+00
3.086944749247210851e+00
-1.366840330335804765e+00
-6.847734296618499528e+00
7.262867396171226453e-01
-1.147516260634480867e+00
-1.243473116722678240e+00
-7.348397439536554998e+00
4.690548887089816432e+00
-1.492300694785555715e+00
2.796837427205832172e-01
2.042048475547242781e+00
-3.672280443341899292e-01
-6.001858865891949169e-01
3.712709582202041725e-01
9.724649324545265802e-03
1.392204239535090649e+00
8.982780525158067242e-01
1.688810573350203459e+00
9.158574110372488253e-01
1.151502447905612403e+00
1.362031771285193926e+00
-6.632461304723601403e-01
-4.996782538005022367e+00
-1.173991699337987749e+00
8.395890000078164439e-01
-2.045946259137581880e+00
7.683529467367420374e-01
-3.653260319757791613e-02
-1.379379296353534068e+00
-2.203757804981795410e+00
-4.020363519594651436e+00
1.113613258949573970e+00
2.983323355649148301e+00
-1.282043773748217852e+01
-4.447824484509092513e-01
2.314928891060170357e-01
1.967761379330009053e+00
-1.924089476455166592e+00
-1.760134837442426825e+00
-2.293975783010545388e+00
5.610138412884413395e-01
2.937166648208840769e+00
5.346029339157426508e-01
-1.365061008619712801e+00
-7.237486113167673762e-01
6.446165563497966433e-01
5.975944831131989599e-01
1.055490337871926698e+00
5.187157197261377251e-01
1.317060302651226200e+00
-3.722776139430423736e+00
-2.244330495865935471e-01
6.385005559848347390e-02
3.391372766210919654e+00
-1.173619570314130778e+00
1.897592124443006512e+00
-1.026354207257216489e+00
1.753929225082710153e-01
2.650253323245935766e-01
-1.334781881708200224e+00
-3.189702578448081027e+00
-7.058935559917435043e+00
4.883081775973898253e+00
1.205823974801179199e+00
1.734987287771172060e+00
-5.573809122673632072e-02
1.187030943232068481e+00
-1.360721685960572414e+00
3.180230024912286679e-01
-1.019154061717475024e+00
-1.196698157511907612e-01
7.777781831036260918e-02
-7.443262069837271178e-02
3.266063427540787933e-01
2.041754075255599155e+00
-6.631356390651325927e-02
2.381281923482281293e-01
3.160942633456298889e+00
3.921105994026444219e-01
1.211976313692290086e+00
-3.544925549680796872e-01
2.551074414143615909e-01
-3.653915290806904359e+00
1.110523373769003674e+00
4.719696865892832882e+00
-5.769264479785748412e-01
8.332240521059779415e-01
8.016885088091860734e-01
-1.936175906432177629e-01
-1.060779834486444173e+01
-2.093304828759892544e+00
-6.234602959398710675e-02
-3.004746773454724185e+00
-1.784106484345655330e+00
2.336032549341628684e-01
7.471877983986453531e-01
1.765318359054131925e+00
9.589045413679336827e-01
-8.687619857368869547e-02
1.491726628606089067e+00
-1.300293136655916726e+00
1.634669295849846993e+00
2.427019903591005612e+00
5.650769065996560592e+00
-1.085171095399623020e+01
1.263944742851944358e+00
-2.825019936238819973e+00
8.633743814907534064e-01
-1.443349038486174463e+00
4.715005303852917606e+00
-1.178884533473758989e+00
-2.015130508974782408e+00
1.706175039873472743e+00
-1.855800360577396502e-01
1.023660988457443244e+00
-1.697985919268736543e+00
-6.903008607520771944e-01
-1.074788829013088920e+00
7.692016172241274985e-01
-2.000174767924913333e+00
1.202732998878130316e-02
-2.543557721334843258e+00
9.191562155115556854e-01
-6.279163817081062637e-01
5.329761153893324277e-01
-2.607491267389209000e+00
-1.519105739730753246e+00
2.663818618878840971e-01
-1.241428899594508417e+00
-3.691407967457702721e-01
2.612331278288420600e-01
2.257573522916691999e+00
-1.672067565901075026e-01
2.117685168089193104e-01
7.492881216688015655e+00
6.895136849622696129e-02
3.402360805390315601e+00
1.245867830440676505e+00
3.788947914184399579e+00
-2.200544272961052261e+00
8.214683726807869846e-01
2.504451318690679162e-01
-7.052136304098453046e+00
-4.596614269237876971e-01
-7.062303870547693707e-01
6.548461769647029307e+00
-5.525705692268455538e-01
-3.633727825451979587e+00
-1.239851356136836502e+00
3.440094648207701944e+00
4.054778028098342091e+00
3.487624231832109345e+00
1.717236266039646519e+00
2.352226067599778869e-01
2.043068915250484174e+00
7.551002281450354126e-01
-7.084936581365917085e-01
3.535313003751188177e-01
2.630590148069831269e+00
1.378048354645510010e+00
-2.368803900822033626e+00
-3.532845193362665892e-01
-2.287419850578781277e-01
-3.759356562930217804e-01
1.602399451377591044e-01
2.758074578948017219e+00
-4.187657600683261649e-01
-9.949257254010388518e-01
1.532978297777870189e-02
-2.379015075579572702e+00
-2.480395294968086306e-01
8.965213488254086371e+00
6.142027840341145462e-01
-2.544374478718843147e+00
-1.800335918277103486e+00
7.667994672648209553e-01
-1.846877752747154489e+00
1.673379216567740524e-01
-1.810013343349276660e+00
3.366975644365085785e+00
3.154360367945164834e-01
-2.945316914011110399e+00
2.259592830963887966e+00
-5.690840601109587588e-02
3.604207263520877280e+00
6.622330150832112849e+00
3.583667380471745822e+00
-2.580259269689296087e+00
-4.789325750547131499e-01
7.276347813101711193e-01
-3.805679669500872109e-01
-5.242832667265549418e+00
-1.740426495669684659e+00
-4.917745331198794534e-01
-2.885504105967743316e-01
-1.370345452090028782e-01
-4.747514757982726485e-01
2.446115590199368361e-01
3.657318083339429204e+00
-3.271708727192101929e+00
-2.858464220135203515e+00
4.708364364059984375e+00
-1.008074217770029701e+00
2.363986078753304909e+00
3.619653318715077450e+00
1.701133461589181550e+00
-6.812854972609379001e-01
4.233975229052781009e-01
1.377172437591759113e+00
3.061456187981387966e+00
-6.056894473779855792e-01
3.961024453866943240e+00
4.851034799800218345e+00
-3.516831731306291342e+00
1.113217538463409761e+00
9.101066414663264714e-01
2.470437640642205501e+00
-1.777873325944219873e+00
-1.496513903322137296e+00
8.195876889211124450e-01
9.109522480652242349e-01
-1.226970287768895052e+00
5.290288050199172254e+00
-2.089335206492636043e+00
3.871689548606437103e+00
-2.392838259656206557e+00
