-3.874659473273369681e-01
-8.171036834803739879e-01
1.668359578101274332e+00
-3.606203038414212081e+00
-5.479359391275316904e-01
4.669846100876973716e-01
-2.060283957056965320e+00
-1.900157868476388012e+00
2.312764444330706048e+00
9.196050742845528481e-01
9.145268575051115345e-01
-6.962408063306497752e+00
4.233690477047626466e+00
-2.071940462595805332e+00
-1.870924475720669555e+00
1.092439185298867077e+00
-3.796536487685679973e-01
-6.385071470207316358e-01
-1.502352478707591033e+00
2.436276806345031076e+00
-1.199907879976179537e+00
7.917502568786741746e-01
3.492874717602585388e+00
2.349562352217843486e+00
-6.444820812308296176e-01
-6.904971828251061927e-01
5.335422373342905145e-01
7.808338463889031855e-01
-4.569306261286881082e-02
1.695653252086280371e+00
3.538965565055429252e+00
1.594423316989854178e-01
-1.150791546438608925e+00
6.598856587885608416e-02
1.734448155193983432e+00
2.464935043645747115e+00
6.505182302660109661e-01
7.517234870416388270e-01
5.302636013743892152e-01
-1.776653265965863815e+00
-1.541469720904400376e-01
1.792289010374856773e+00
-6.295152003007353780e-01
-2.446182944786493355e-02
1.376217295951525310e+00
-4.554281280822499056e+00
-9.538945798681208732e-01
-1.670377184721365982e+00
6.125948520393783570e-01
-1.260582632632908151e+00
2.001075212952313276e+00
6.095495770313842376e-01
1.036975374685136231e+00
7.913947741712540562e+00
1.778584770294993067e+00
-1.085458450207243075e+00
3.737500337839987918e-01
-3.498853060932843873e-01
4.987056282262209983e-01
-1.106254218819338497e+00
7.079845109992697338e+00
5.062957397813614868e+00
4.892490455365164692e+00
3.149034190927977317e+00
-2.057826632124221400e-01
-6.021942857762084822e-01
-1.530743877962590149e+00
-8.375772152168519114e-01
2.890658448089056254e-01
-2.372661403795062185e+00
-3.197818123953197755e+00
-9.123570068150077539e-01
-1.461798065342960085e+00
-8.559539612693172206e-01
7.902103320260603359e-02
-7.927401656228763582e-02
-4.104153438375622402e-03
1.494643652189116823e-01
-7.576331061489662011e-02
-5.954497334518172869e-01
-3.191717162212079906e-01
1.652351499017050029e+00
-6.226170465616654992e-01
-1.148819123119773522e+00
-3.311902481324339176e-01
-1.029237468100885206e-01
-4.114499643884300006e+00
1.503084560135038439e+00
-9.800154933261315260e-02
4.260476272666146591e-01
-8.743933367855540872e-01
-9.308094992000703199e-03
-1.247509869544525918e+00
-1.243553787239928710e+00
-2.634058218255054484e+00
6.011249965128313555e-01
-8.337317360636001262e-02
2.402216521910193858e+00
-1.429023720178701495e+00
1.759666873549836294e-02
-5.857341285097981132e-01
9.553467160891054855e-02
1.282622177445746470e+00
-4.262370113383516568e+00
9.111542699831083336e-01
-1.288025279565483627e+00
-9.496364096329322768e-01
-1.615702098005929122e+00
1.901257809747495919e+00
5.210463366276242070e+00
9.034382083861904889e-01
8.318664835921427692e-01
1.067968673758483922e+00
1.289525389266666711e+00
1.781942008517070297e+00
2.301096140663521528e+00
1.982966670576788104e+00
-1.790246529488037641e-01
-2.596573598281828876e-01
-3.684383431487803673e+00
-3.527749513861311859e-01
-4.229832700478972640e-01
9.612356734457037089e-01
-2.388598781010060179e+00
-3.151332362389156039e+00
-1.892578193649128160e+00
4.213795988148523186e+00
-2.913612154415000877e+00
-3.472908794680550137e+00
-9.389272604389761745e-02
1.874476443704839457e-01
1.473011251160967205e+00
-1.980405987918052890e+00
3.129134815556752075e-02
3.239721692528718666e+00
4.677684483940249272e-01
-3.996468005815171587e+00
1.505768209984369888e+00
-6.957407530600002721e-01
-3.653720654664034395e-01
5.311006461940435130e-01
-8.468573732961391931e-01
4.339358210339131633e-02
-2.383494643017405767e+00
5.592750147975443786e-01
4.519512307499599091e-01
-1.614523938964676164e+00
3.015963671345592290e-01
-5.557831000395148102e+00
2.407488974903514656e+00
-6.249679849245757257e-01
1.929952281798778202e+00
2.287341185361567053e+00
-1.223656329485237171e+00
-8.029881466064058282e-01
-5.445318415638813470e-01
2.027304324160548177e+00
-1.519721088336114523e-01
6.655251797326198204e-01
6.410805475612950666e-01
7.527686594327930303e-01
3.028244827915843373e+00
1.089539143053001036e+00
1.791884547017470908e+01
9.179901075520661147e-01
-3.655860227302774934e+00
1.732588968691205267e+00
3.052312550728507601e-01
7.589737557251150651e-03
1.529932654261912273e+00
-7.492516842456140580e-01
3.769917236517319470e-01
2.695670922715434514e+00
-1.528254483046754819e-01
1.574245400300968045e+00
1.078422482901238766e+01
-1.731112451572218713e+00
5.188005866147876510e+00
2.718369741523991134e+00
-1.013189685225570846e+00
-9.741329867544958887e+00
4.364033002736769085e+00
-4.642355159586467606e-01
1.954548217614186234e-01
7.575233800931492345e-01
2.771185931877181985e-01
1.229361437842008353e+00
3.573872296738165755e+00
1.012964499061600021e+00
-2.330303294606388687e-01
-8.552192155212021696e-01
4.411656432929956240e-01
1.721387034941788130e+00
2.698151575276106051e+00
8.742849637998472145e-01
2.258541018157747882e+00
5.364282882338671232e-01
-9.672366721008150980e-01
3.460292642150338271e-01
-2.351590402323335341e-02
-3.575139858626834033e-01
1.589653719158143907e+00
6.519722293229975874e-01
2.934451381558451644e+00
-6.051824198871925020e+00
-1.579485370404281497e+00
-2.836635679827899104e+00
8.456051157861307344e-01
1.167674125727514056e+00
-8.763342034441087947e+00
-2.220623148946049508e+00
3.400997699844380495e+00
-1.975352623031425781e+00
2.707604838857455398e+00
-2.720522547425565207e+00
-1.911645116552785351e-01
-8.156769492955532330e-01
1.563900350655376803e+00
-1.193067582549620198e+00
2.084198352776412133e-01
9.863012012361973418e-03
-3.045999424679551204e+00
-1.017119780901026976e-01
-6.481853997824478242e-01
2.384972229903220331e+00
5.289057919791081419e-01
-6.477917469825142938e+00
2.045263751927850038e+00
-5.531393196138230106e-01
-2.979049539947691727e+00
-1.603182417427360340e+00
-1.395036274772963658e+00
-4.489448837101996936e+00
1.065768842577222292e-01
-2.459492222478354861e+00
3.338501256002925022e+00
-1.065128245304360011e+00
-3.275753911549419861e+00
2.935323149033922441e+00
2.068312956848601836e+00
-1.325201770244973210e+00
2.863952548855523417e-01
2.454362435774000151e+00
2.940766336015179228e-01
6.263622111167689965e+00
1.571282286473851153e+00
-5.362812768017426457e-01
1.609764026149098637e+00
-1.192539097509260765e-01
5.921385544512015597e-01
-2.491565369671991714e+00
-2.417970016442207548e+00
7.971401571067096015e-01
-2.351185926058792841e+00
-1.134336577086221487e+00
-7.358650641523629687e-01
-5.731997723805287714e-01
-3.645361629014261862e+00
-4.871197970007293820e-01
-5.402868424444235096e+00
6.288702157168324369e-01
-4.317973435952389694e-01
3.463639584308818797e+00
-1.389492028494271336e+00
-4.633841978000486916e-01
-4.783237760185897081e+00
-4.943227858996957380e+00
9.205228291144290642e-01
1.116554921589549831e+00
-2.143437932229552978e-01
-1.400343982457870950e+00
6.113691256552764575e-01
1.181576531064672864e+00
-1.739620191917298442e+00
-1.765374546174556802e-01
2.552791785394471269e+00
6.097212586364460840e+00
-1.330407432031488923e+00
-5.631479300595594595e-02
2.828872706118571667e+00
1.441065622002817959e+00
-1.354078924594582123e+00
1.175663000877069431e+00
1.434786325866280743e+00
2.734057729582016205e-01
-1.850283820090476983e+00
-1.827702484805019179e+00
-1.352229673293065870e+00
-1.215443119458763599e+00
-4.538066132864944646e-01
2.227158390215466799e+00
-3.318507656177280274e-01
5.721073048136948280e+00
-1.341888684353102379e+00
-2.318782287876143933e+00
-1.247754008950269666e+00
3.399660315033025682e-01
-3.752030458584036943e+00
-1.224002900016105122e-01
2.418965425468229402e-01
-3.348162084720604170e+00
7.528959349840910198e-01
-2.805747043848272337e-01
-3.958129035081162650e-01
3.210170083972621047e-01
7.822366179877456860e-01
-1.262803760000635878e+00
2.114597863302691838e+00
-6.114000433084093578e-01
2.074422827747731013e+00
2.862349977631896802e+00
-8.559611187713996872e-01
2.146359641966448351e+00
2.487597274168728667e+00
9.103757744574914046e-01
3.637949137881240080e+00
-7.023239327621481065e-01
2.933529877427494714e+00
4.334226379999329137e-01
7.630788207084138186e-01
3.425939680117035646e+00
4.841051008042963621e-01
7.933715953429935075e-01
-1.690403976343633818e+00
1.495514687881439375e+00
3.374837995760228804e+00
1.579869255917570436e+00
-1.569193714600374268e+00
3.576270491363905402e-01
-1.922906618566105674e+00
-3.399572034650024666e+00
-2.982433563899822837e-01
-5.666069938549815888e-01
1.889814943763687416e-02
-5.747192912639780271e-01
-6.791055462082103145e-02
-2.064096055724399470e+00
-8.467070039785740132e-01
4.582065454430051865e+00
1.057713461493549501e+00
7.863381451061565164e-01
1.134968068539334851e+00
3.068498088477476515e-01
-1.105717480156415355e+00
9.115280343585752121e-01
8.159219974673445064e-01
8.442242494558838128e-02
1.018610435506766887e+00
5.147629289055457136e+00
1.623799889704411470e+00
-7.748309029645995827e-02
-5.138528531685793155e-01
3.901151663248514367e-01
5.909039953046606453e-01
-4.276432674299516234e-01
-1.743599515372740827e+00
-1.589032085397675820e-01
4.607219910986862788e-01
8.386343728510676776e-01
3.763504639936380070e+00
-5.654090504698139341e-01
-4.003904904283751343e+00
-2.941921251755900357e+00
2.013455650195547231e-01
4.306705668954934119e+00
-2.111309248025366347e+00
1.240459593436910035e+00
6.197279263301227914e+00
-5.112575855729502017e-01
-7.174004457526864664e-01
3.160630535722970258e-01
-1.866664220930365214e+00
1.021436873420975333e+00
5.593811115585822780e-01
3.584264674010716245e+00
-6.532671479207535770e-01
-1.236801977330676872e+00
-2.762388554894901205e+00
1.160387437545075562e+00
3.480637797029321856e+00
-2.430529878404329713e-01
-1.648547463175784156e+00
-1.094018843278289355e+00
-3.352947039087619707e+00
-6.369944549362325237e-01
3.296155695694023141e-02
-7.914531105700706171e-01
-2.392491755299429812e+00
-1.675404489881743064e+00
-2.260681313090242561e-01
3.497964914632169631e+00
-2.974872302071934760e-01
-1.756178096315434090e+00
4.962619167906303641e-01
-3.124838488157222760e-01
5.927134076189585210e-01
-2.874320167350016941e+00
2.008656613675245062e+00
2.318281879490895037e+00
3.710202947873785795e-01
3.018095398790410666e+00
-2.964110899138343580e-01
-2.443189238464591462e+00
2.900812994236548814e+00
-1.084712049044823656e+00
-8.729567569565443996e-02
-6.465894861087422008e-02
1.414967247585904031e-01
6.359876289924439874e-01
-2.418792409030256163e+00
-2.268375086835308529e+00
-3.752013530096736105e+00
-9.698879678440316399e-01
-1.761686675266712854e+00
4.875926466849062058e-01
-8.484784207016575763e-01
-7.362063021423480791e+00
4.026639077235639741e-01
9.351951268372926673e-01
9.706220245459439011e-02
-8.745055629931836050e-01
7.350003423532029956e-01
-1.588435973079170838e+00
5.922904221815818993e-01
1.889673668764861036e-01
-4.087684119572149721e-01
3.604497445778112930e+00
-2.008250009701348926e+00
-5.628328006585795684e+00
-7.291683216800685097e-01
9.998886708007201918e-01
5.576304098127105036e-01
2.396902477611818849e+00
1.444144456674020915e+00
-3.090865150806183959e+00
5.129637914146665700e+00
-1.370326818526031110e+00
-2.645811486630015530e+00
-5.996079195700468878e-01
-1.306173884994281664e+00
-3.261286791131885909e+00
1.219436984105481292e+00
7.487165523463403805e-01
3.037957603168488063e+00
8.699325690349639650e-01
4.654843034172718719e-01
-1.810231705881472530e+00
2.682235586637608193e+00
-1.366501380934341814e+00
-6.202634025615874513e+00
7.540388917660626467e-01
-1.109395930289466259e+00
-1.093792383728606321e+00
-6.513854776907628263e+00
4.134660364269906019e+00
-1.440864999992208073e+00
3.324753754095289837e-01
1.924754222604129206e+00
-5.079385253863741845e-01
-4.997134914165731745e-01
4.586724860361183764e-01
1.563877830428644367e-01
1.341379571121732228e+00
8.783817791876833425e-01
1.580629336482586744e+00
8.547580174158817545e-01
1.072614931287801721e+00
1.429418683523892453e+00
-5.913287489340234293e-01
-4.700979175419769618e+00
-1.073119135660914436e+00
8.201907537878623256e-01
-1.758727487518899846e+00
6.605471667737567998e-01
-1.096911552982721486e-02
-1.144006610363026422e+00
-2.045310798639686123e+00
-3.688069308849775130e+00
9.341915695741076497e-01
2.738907559168740846e+00
-1.157008469587373689e+01
-3.962600101529554775e-01
1.364875468059736641e-01
1.641278363126281725e+00
-1.702662532722228006e+00
-1.641076080925132796e+00
-2.008174575112075200e+00
4.160332644812864133e-01
2.621917586378435860e+00
5.933572523316168468e-01
-1.292949690694668252e+00
-7.116571535178488617e-01
7.520807596722204336e-01
5.972622715644211322e-01
1.046726070892911142e+00
6.131061071456563871e-01
1.138602347422043470e+00
-3.309057279801776108e+00
-2.151748869170913292e-01
-1.995182309880637328e-02
3.072633865416181109e+00
-9.743019031095981886e-01
1.685038435566248660e+00
-8.148147676601664724e-01
1.923026076775248283e-01
3.101136395550603830e-01
-1.219724314072388571e+00
-2.903698895675447922e+00
-6.343352701915597081e+00
4.424407748206228952e+00
1.117779040051564365e+00
1.638531181813079662e+00
8.961700929606897237e-02
1.107337387762297176e+00
-1.324011347603702982e+00
3.237098051681788213e-01
-9.974534061219219039e-01
-1.928158636291885109e-01
5.324995495973472437e-02
-1.031473607918586416e-01
2.674475043204914693e-01
1.894885604591000083e+00
-8.167087752709739634e-02
1.911951736478627317e-01
2.871145587063545168e+00
2.597813867980164337e-01
1.206966207750994391e+00
-3.478996225948831622e-01
2.492538992864840597e-01
-3.387249778901433306e+00
9.940523034423649484e-01
4.362769983260167628e+00
-5.734011892712381764e-01
7.968074595985613628e-01
7.050165485607788884e-01
-1.468632744264026513e-01
-9.618662368585633615e+00
-1.892810139058968666e+00
-1.387437666887618160e-01
-2.700140307130395545e+00
-1.630395534340854047e+00
2.303937350967095454e-01
7.391884401753794354e-01
1.658161710952012369e+00
9.452147160178853147e-01
-1.254530518934492134e-01
1.499756174424494715e+00
-1.152556493059195386e+00
1.463558486339605613e+00
2.220529889500356457e+00
5.218233131584101514e+00
-1.017561768226427255e+01
1.250678276714443982e+00
-2.725098274026300782e+00
7.814031394151359500e-01
-1.371166205249753300e+00
4.262577490183905304e+00
-1.075347929331296193e+00
-1.905795843312274362e+00
1.595686500754026849e+00
-2.657613915049670261e-01
9.146780164053801565e-01
-1.619120755775746101e+00
-6.441672088731811296e-01
-9.556102526267703512e-01
6.316432470004491595e-01
-1.787691056037186144e+00
1.249958582659659034e-01
-2.353624927770999964e+00
6.032820399661922295e-01
-6.280298413106318867e-01
4.760182974107215470e-01
-2.330075180097230358e+00
-1.483627883364089017e+00
2.865486943701801570e-01
-1.158186408083850649e+00
-2.808790300196724599e-01
2.136614880298980390e-01
2.116027106511236155e+00
-2.316338208685539135e-01
1.742522739389225639e-01
6.799501657564114510e+00
1.589249010984580268e-01
3.096019500168967653e+00
1.090692289859821251e+00
3.370529559998283631e+00
-2.088371326652108007e+00
6.631311680455894697e-01
1.686871737892074730e-01
-6.500505883954779129e+00
-3.752058864163591023e-01
-6.085136403553361717e-01
5.872694009584470187e+00
-6.166175956366319877e-01
-3.454670516405300873e+00
-1.116793485104879968e+00
3.259270695466078838e+00
3.789471791234827691e+00
3.197338629095916929e+00
1.412348194488719288e+00
4.061698209639783008e-01
1.910639315446981623e+00
5.457779686030528321e-01
-6.373488292940816535e-01
3.386203645281348207e-01
2.439440270870038230e+00
1.355553566155102363e+00
-2.046902606772099009e+00
-3.512011155288460307e-01
-1.380854181257992197e-01
2.479855969515082359e-04
3.733719127735384002e-02
2.492566452002443089e+00
-4.654925199665520541e-01
-8.584632845389100764e-01
-2.026000121498270495e-02
-2.119801186628150091e+00
-3.387579127198107054e-01
8.308726331370479556e+00
5.732933358334078022e-01
-2.313700161969042046e+00
-1.622329897072563698e+00
6.514745498084115738e-01
-1.611908096274014879e+00
8.870672186903011402e-02
-1.697750760774936696e+00
3.095280829341302997e+00
1.802171626449109443e-01
-2.645695653592279317e+00
2.061440527437091497e+00
-1.423007836262853709e-01
3.310395633124584069e+00
6.168081710522519856e+00
3.088109727385023984e+00
-2.371248844795637467e+00
-5.260638572276190583e-01
7.441527575114572635e-01
-2.589706449024686830e-01
-4.945646430559659912e+00
-1.466948242418837811e+00
-3.355431591429262062e-01
-3.528998664668952512e-01
-2.005919626070703510e-01
-4.762677152422933324e-01
2.463324863315408120e-01
3.381366227130552016e+00
-3.233030165047678040e+00
-2.637792330278386110e+00
4.327871214957812462e+00
-9.763848637950253151e-01
2.265523241929447096e+00
3.402122136971754252e+00
1.505131196680860484e+00
-7.783456612059067581e-01
4.071557144499124981e-01
1.253263108917235025e+00
2.781731398350121953e+00
-6.081308925324315773e-01
3.587903746741282429e+00
4.443358563103021019e+00
-3.245040400401560277e+00
1.088129686404009089e+00
9.501081598351385216e-01
2.440149547084351056e+00
-1.719325477849512618e+00
-1.490350758664135133e+00
7.864742728673940197e-01
8.570724573970082139e-01
-1.044972009183940731e+00
4.858382003058350662e+00
-1.930744819902831200e+00
3.484831035203506122e+00
-2.029168546495490943e+00
