-7.014167286359046516e-01
-9.447738217130252636e-01
1.844135543032694002e+00
-4.069172877494843910e+00
-6.386812066828386758e-01
7.765707397638432763e-01
-2.373846499149735667e+00
-2.002874818994413442e+00
2.411903203026172005e+00
9.207208128789284851e-01
1.168962586898630418e+00
-7.825067437075621690e+00
4.693801965359291728e+00
-2.295441386251688254e+00
-1.976531085894751794e+00
1.009298550026697106e+00
-3.382530875139562743e-01
-5.701820635943848359e-01
-1.630679121806158260e+00
2.920133667129759747e+00
-1.342274134895550031e+00
8.316171467647323068e-01
3.840330161041377810e+00
2.552812490747008667e+00
-6.498461264821331351e-01
-9.189688968212237352e-01
6.998181583109482906e-01
7.857447378805955118e-01
3.855653509919483579e-02
1.809047290739916436e+00
3.934540606118060779e+00
1.896008786419569325e-01
-1.301842171679827409e+00
1.010508373731442144e-01
1.912482535579809184e+00
2.529230922786179114e+00
7.823370271426666189e-01
6.258733157747994325e-01
5.747513540614596073e-01
-1.928938749543252618e+00
-3.182908097048631202e-01
2.028141951831011980e+00
-6.163640737759192856e-01
1.120916212393034822e-01
1.550390154895938455e+00
-5.063027326009477136e+00
-1.052771104945129155e+00
-2.013595371755833696e+00
6.772298371920942861e-01
-1.213311743923996655e+00
2.352702927229048058e+00
6.277937534082731474e-01
1.146323821051636216e+00
9.192657148506908626e+00
1.983710125364477994e+00
-1.246359347598605005e+00
4.236431392009771812e-01
-6.131365752766710919e-01
7.327275749978677810e-01
-1.249396642385993239e+00
7.815749552613318940e+00
5.615959821802758434e+00
5.486721910791565904e+00
3.508310303383280981e+00
-3.445051709363359249e-01
-6.984321077851063375e-01
-1.517505434787040697e+00
-9.634359161943668592e-01
2.073861926312082493e-01
-2.550010205787377249e+00
-3.500305439004212982e+00
-9.689422079788141406e-01
-1.461115825314200256e+00
-1.020976359595141103e+00
8.065518779649392955e-02
4.661422358896324947e-02
-3.974513808611052079e-02
7.881437773168034622e-02
-9.091273566907706605e-02
-6.128896298545601917e-01
-3.053693808584291847e-01
1.906121568625818163e+00
-7.449450111954846188e-01
-1.224281805634086950e+00
-4.005790363656990261e-01
-5.467036790680599584e-02
-4.613554618296601184e+00
1.688769433313062063e+00
-1.137148661187747378e-01
4.720287094561156360e-01
-8.503454586065706255e-01
1.044452480593962979e-01
-1.265929809908139969e+00
-1.358324449552001711e+00
-2.864126760267795557e+00
3.123573479879110937e-01
-1.152597717950343270e-01
2.770020765962429188e+00
-1.632605005923246866e+00
-4.962304954646697477e-03
-7.752423765547117318e-01
1.919174024838900816e-01
1.547779152113635481e+00
-4.827326446545090910e+00
1.007454087687021715e+00
-1.391240128973882939e+00
-1.283839283291842159e+00
-1.806017710661676601e+00
2.079830744809149312e+00
5.410390296731147686e+00
5.852743386346710430e-01
9.154842422373258293e-01
1.212809870851217386e+00
1.308604922076322952e+00
2.208417206078333361e+00
2.609664798064950997e+00
2.346831448541716103e+00
-3.614589602617437336e-01
-3.013573082853449048e-01
-3.839255749700624776e+00
-2.969856612222033787e-01
-2.903439893763596347e-01
1.159762185732823081e+00
-2.654678807474357694e+00
-3.637573235206886135e+00
-2.062282094644300123e+00
4.577353367062230838e+00
-3.384092181004831446e+00
-3.887738884565648867e+00
-1.482203327286120143e-01
2.936179388349314245e-01
1.635552010622694619e+00
-1.942416246021757331e+00
2.006804953322158802e-01
3.682127682037659167e+00
7.528829452360382701e-01
-4.402943603207787326e+00
1.700832971457715059e+00
-8.385573015015659326e-01
-3.923632744021386398e-01
6.920604448719912538e-01
-1.001224625427475257e+00
7.268887435416676590e-02
-3.269504488231500527e+00
6.072553611381559246e-01
4.529803011869785179e-01
-1.494496899664003120e+00
3.814736132858426720e-01
-6.213198797260204742e+00
2.538967790871512253e+00
-8.518151990693906273e-01
2.125287169466731463e+00
2.485115846926148286e+00
-1.374892521868635420e+00
-8.953679702604919743e-01
-6.864378947027176547e-01
2.443423599368903076e+00
-1.172139081545123807e-01
7.421011586587435982e-01
5.626118844230164617e-01
8.785087797986113056e-01
3.454018973757849942e+00
1.341866278660328815e+00
2.000089752252807429e+01
1.134942842747625802e+00
-4.160946692295103944e+00
1.923293295532934266e+00
1.632465311382228501e-01
7.334383795730425870e-03
1.803431477281965956e+00
-8.930535849366791901e-01
3.882964164744593383e-01
3.005395666857374692e+00
-1.603696888820364541e-01
1.641323985512767925e+00
1.234686247176307639e+01
-1.682077854061718725e+00
5.974688191709129903e+00
2.926445142855564896e+00
-1.132798973115708208e+00
-1.046649689778881687e+01
4.765617137294978711e+00
-4.825912966868707299e-01
3.339342492321924483e-01
8.423621027839494069e-01
2.870470331843429923e-01
1.416957211695804686e+00
3.927851087972083377e+00
1.068172660933742080e+00
-3.832386701312114896e-01
-8.171584282847176306e-01
4.737096364567133233e-01
1.534580381428301887e+00
3.003602408102106214e+00
9.467722911763783999e-01
2.423469235902500962e+00
4.429254209848538792e-01
-1.139134020012252391e+00
3.711940192948290917e-01
-1.425460529064564996e-01
-5.141160568797100705e-01
1.611257616926730973e+00
7.057839191369127407e-01
3.052726804018549345e+00
-7.050161817286088706e+00
-1.764567701766067032e+00
-3.120439425138026301e+00
8.040925255417858963e-01
1.140855784623954206e+00
-9.604181549061372891e+00
-2.385765841937371068e+00
3.673683324248787407e+00
-2.375217352764298351e+00
2.978884011819008748e+00
-3.105019455450586996e+00
-2.857680448563109654e-01
-8.881428244903363245e-01
1.509903672347851611e+00
-1.350328269145002258e+00
3.602373228094122304e-01
5.925819374796047201e-02
-3.300334825978356701e+00
-5.430097456670257561e-02
-2.846360773782799503e-01
2.749776032804752024e+00
4.916026964387453235e-01
-6.993508861107296859e+00
2.306959596212620145e+00
-7.006843434499089307e-01
-4.041141729405881122e+00
-1.755978259785499818e+00
-9.368167121497406047e-01
-5.076714800267802197e+00
1.011038558185270025e-01
-2.856135071811833903e+00
3.696922613621166587e+00
-1.151614620245552167e+00
-3.339518678986210798e+00
3.306769759929538477e+00
2.281055439989585487e+00
-1.468101193990374975e+00
3.110122218748102574e-01
2.592026964980164827e+00
4.471712285216248306e-01
7.008067335816377863e+00
1.676691724885094104e+00
-6.571625333369109923e-01
1.993405697143073585e+00
-1.112846197176412949e-01
6.385929863492797454e-01
-2.695075154489379177e+00
-2.714208385034343252e+00
8.898677801270142851e-01
-2.797849288145739965e+00
-1.400096503347347587e+00
-7.322998729667290485e-01
-3.555252836895014257e-01
-4.321502929014339855e+00
-5.793172352006842329e-01
-6.051423506669975083e+00
5.412245579098960979e-01
-5.048800872073115897e-01
3.735134638185733991e+00
-1.455086097234875142e+00
-3.964403911274765324e-01
-5.644415267498770206e+00
-5.370562338227559351e+00
1.200289896151862434e+00
1.198322937441664404e+00
-3.350356107967317199e-01
-1.295993988287261978e+00
6.758496300959214720e-01
1.315728435233698645e+00
-1.904098565798354681e+00
-2.611035579486494229e-01
2.821590214924861062e+00
6.760476130038653331e+00
-1.608872353747075490e+00
-1.437872562863680426e-01
2.964025055041033863e+00
1.565748286908572373e+00
-1.601182695208081208e+00
1.307052820582990327e+00
1.574549840425768954e+00
1.534668177683077839e-01
-1.980329899967479435e+00
-2.045326424358200779e+00
-1.396780312138398816e+00
-1.407994014421803275e+00
-4.324044179895074058e-01
2.273461771247076602e+00
-2.659908659258024555e-01
6.373323106945227856e+00
-1.343976613936129105e+00
-2.472117636788517370e+00
-1.310254317860361839e+00
3.716745523309414878e-01
-3.922964183675049732e+00
-9.262844915902163079e-02
3.455498039016343115e-01
-3.760774409673121266e+00
1.259155703016529904e+00
-4.480332602663402719e-01
-4.365638149507738430e-01
4.120899575508877866e-01
9.859032250992123547e-01
-1.445241886946566190e+00
2.329804728711828865e+00
-6.576535677397611357e-01
2.180680146063113778e+00
3.197971350257664547e+00
-9.245305533921491792e-01
2.134256033461852109e+00
2.985287012225558367e+00
1.139131413849991947e+00
4.245172037770118756e+00
-6.530834222577925896e-01
3.411543781834672551e+00
3.126941524809336292e-01
9.571729833826092548e-01
3.808881441700965542e+00
5.633193230938192686e-01
1.178829930948666949e+00
-2.003196835950698862e+00
1.604769027017013183e+00
3.743661116118916166e+00
1.773433115286390693e+00
-2.185123265159317985e+00
3.553675238066023034e-01
-2.166193218133598553e+00
-3.875753498451884660e+00
-6.660957695416553914e-01
-7.384935616566060679e-01
-1.855814633122994384e-01
-5.492545177749996732e-01
-1.305010293916981923e-01
-2.371799482984990437e+00
-8.443616456288054462e-01
5.021911795625898733e+00
1.321927273942010927e+00
9.262936031736378473e-01
1.474731020653444080e+00
3.687334928861953909e-01
-1.187749236300963851e+00
9.124356591636998415e-01
9.728889809084176887e-01
5.439453664742630035e-02
1.093186911632724412e+00
5.828578562654228357e+00
1.776695964927804905e+00
-3.305564118390074135e-01
-7.581170476352481202e-01
2.928966517146004422e-01
5.796392564094374755e-01
-3.793255325483374518e-01
-1.927812809957860418e+00
-1.352925185984569789e-01
5.708350864400969504e-01
8.925282939951343364e-01
4.040922004694199821e+00
-5.588871225631422135e-01
-4.289728359611078012e+00
-3.209092281286566983e+00
2.077696094020455297e-01
4.770768654370962203e+00
-2.363057766534164106e+00
1.016299410315485652e+00
6.630889041779385096e+00
-6.519558669947139729e-01
-8.906009141683134400e-01
2.790713985097396099e-01
-2.040696624213996557e+00
1.071817893126355781e+00
6.352495072791113362e-01
4.044863644941635528e+00
-5.033043566672246172e-01
-1.384837554976178220e+00
-3.029951873155656283e+00
1.263408457815170083e+00
4.097546257617346477e+00
-1.306775574842481413e-01
-1.896634958502077639e+00
-1.243470407088389296e+00
-3.878719428057785912e+00
-6.762460135165745401e-01
-1.265698040702003258e-01
-7.953409091587898549e-01
-2.281730454959498999e+00
-1.896939818317179727e+00
-2.876432489443782048e-01
3.711560102289148233e+00
-3.938056078325791187e-01
-1.926967890214673629e+00
6.963120414574193173e-01
-2.604402910051234477e-01
8.456833577707723038e-01
-3.113269651526133774e+00
2.139399303098032501e+00
2.530610118949948362e+00
3.874535283803723917e-01
3.354089052624557254e+00
-2.856256522189668523e-01
-2.534521622022319676e+00
3.124592551508030613e+00
-1.253080689208200482e+00
3.204685283313626204e-02
2.693461841204943252e-01
5.785106491733444517e-02
8.675194225972464590e-01
-2.679731203891615898e+00
-2.224941628396707394e+00
-4.342620651121863240e+00
-5.641300665455026841e-01
-1.937979227165872897e+00
5.279052446603038629e-01
-9.071740419474507711e-01
-8.410466509073430075e+00
5.709889535184635712e-01
8.841806538954460892e-01
5.258279023177253597e-02
-9.711462954169073347e-01
8.751206618680456018e-01
-1.743845140073345679e+00
6.638272046131080684e-01
1.912711580252444699e-01
-5.500939197436341965e-01
3.638067055482105516e+00
-2.189755084019851417e+00
-6.388765943795998936e+00
-1.005457453200422124e+00
1.031573213047349391e+00
6.472005068523909443e-01
2.199816231205381278e+00
1.570732707450519516e+00
-3.377423880426826397e+00
5.865497903009216252e+00
-1.490726143151122729e+00
-3.329691896892712943e+00
-6.354231687413858243e-01
-1.368138398185035021e+00
-3.720871359829071690e+00
1.518898415502585975e+00
7.564912388519242636e-01
3.478700680336205053e+00
1.152411372867012673e+00
4.701454377919279115e-01
-1.785474393229635748e+00
2.791284268815065861e+00
-1.430957994123154275e+00
-7.596721558827344012e+00
7.154863830391537949e-01
-1.284955763963533615e+00
-1.194978697231751985e+00
-7.423157299560306122e+00
4.326146336616591093e+00
-1.565690645710981155e+00
3.593451798708712230e-01
1.996282408916769002e+00
-6.126421794015179945e-01
-5.586409452635563433e-01
6.041565560599992946e-01
2.364458275104108220e-01
1.497467904783929438e+00
9.256297359096108401e-01
1.660881469535385513e+00
1.096262804283610892e+00
1.047270677884176715e+00
1.375722624980308506e+00
-6.785510010570684480e-01
-5.203815721305097952e+00
-9.079943843716757890e-01
7.408315132314871043e-01
-1.939660516841502425e+00
8.148273132978476330e-01
2.278753458962241019e-01
-1.426634607292648571e+00
-2.547659462102975780e+00
-4.211632943113867711e+00
1.149875550231250321e+00
2.965437755848520762e+00
-1.283303624429091094e+01
-3.942106981351598538e-01
1.717765502567876468e-01
1.936908585183559461e+00
-1.899469354748832606e+00
-1.756310275083249550e+00
-2.187049165117584071e+00
6.571320846800234872e-01
2.949756146648803146e+00
6.499920080456854654e-01
-1.478075688877255489e+00
-6.350830144831476343e-01
7.875628254686288798e-01
7.028779454904061641e-01
1.103354922658863480e+00
7.509200066000447649e-01
1.345004231554920215e+00
-3.725319667291265624e+00
-4.964640297195254542e-02
4.516080513216605419e-02
3.358181427319176127e+00
-1.185148187467059300e+00
2.014154058988002483e+00
-9.199323590171251119e-01
1.359216851930365177e-01
4.688066551462629072e-01
-1.410849625389967166e+00
-3.296537054930660737e+00
-7.140632559958299375e+00
4.981478945102968403e+00
1.293220295539997178e+00
1.923140690287887589e+00
1.265064811485516749e-01
1.096084331243743604e+00
-1.346747048661592450e+00
3.198045076523364783e-01
-1.073183346179560793e+00
-1.597772465261431407e-01
1.075395907919649147e-01
-9.007942671865820650e-02
2.212025178970785377e-01
2.189272878279815870e+00
2.678701989292688046e-03
2.558569031043104736e-01
3.206747878579558009e+00
4.049143662619461570e-01
1.227419720495776856e+00
-3.219103032852173030e-01
2.623612077574952739e-01
-4.048604211157436517e+00
1.024707282777618023e+00
4.910181494558857551e+00
-8.582276342433343697e-01
7.334880554035703160e-01
8.055511675083818490e-01
-1.613981079818592179e-01
-1.086913446119712923e+01
-2.015599729859639755e+00
-1.273161544977759740e-01
-3.020700704006443971e+00
-1.869225753559512038e+00
2.975367359579946247e-01
8.549380737752486636e-01
1.840841222053306803e+00
9.852315843249513927e-01
-2.565011903737295373e-01
1.547501270511418614e+00
-1.264676309051172121e+00
1.512236419060223547e+00
2.474712108491472495e+00
5.854506529620469912e+00
-1.129089747842613889e+01
1.219071110746909881e+00
-3.328200889211055724e+00
1.074576967508526160e+00
-1.644283669869385456e+00
4.765821410231041000e+00
-1.039826678911029312e+00
-2.098003539025847353e+00
1.816145690971954441e+00
-2.835148770912950256e-01
1.095308338427882999e+00
-1.741747106641706289e+00
-8.559026040319857032e-01
-1.129831388848414386e+00
5.617082045377080890e-01
-2.012352294358991767e+00
2.533909307521332033e-01
-2.650422383177060581e+00
4.128387973957758361e-01
-8.227089744542789296e-01
5.671349867166737280e-01
-2.679061293179423764e+00
-1.621373427621114027e+00
2.345108734022011421e-01
-1.334627618442415731e+00
-3.154020511508386915e-01
6.299408924015824363e-02
2.460318670629111359e+00
-2.807961260341929055e-01
7.209886282527013801e-01
7.437160231761475337e+00
3.920861993939003809e-01
3.426137601873791017e+00
1.124059617144799628e+00
3.897991692304147104e+00
-2.496899359401720364e+00
6.414900646756045433e-01
2.599831462071763299e-01
-7.135316993646813266e+00
-5.923419139922569965e-01
-7.147916537656077152e-01
6.542857605293307621e+00
-6.941004756131167186e-01
-3.771323543983928772e+00
-1.214195755011397759e+00
3.557353315701293539e+00
4.066713722713036105e+00
3.573498700707585130e+00
1.315835446954719323e+00
7.131995856601474060e-01
2.060588424027495424e+00
5.899725536573271478e-01
-6.129540219580910110e-01
2.423612746672591245e-01
2.629293521736384420e+00
1.513659847867738550e+00
-2.258759277285349754e+00
-2.408556105852169005e-01
-2.006765129723122321e-01
3.362835149190818718e-01
4.109246160707703127e-02
2.813466790895441605e+00
-4.252017337182577017e-01
-1.079559349046179895e+00
-9.160806859618199349e-02
-2.430773901725507447e+00
-2.721218533944829154e-01
9.096149612151204877e+00
7.683834154382976900e-01
-2.646389901424312630e+00
-1.839652298532114205e+00
8.322277982252748174e-01
-1.951468371608032104e+00
1.095500344670023857e-01
-1.875294543405702674e+00
3.359766864502765848e+00
4.740806947242495739e-02
-2.936715541820584807e+00
2.338529543443923497e+00
-1.017108159832296188e-01
3.609828578903786944e+00
6.863500474051510203e+00
3.373347733066805354e+00
-2.324323831004567964e+00
-6.260635486518867365e-01
6.936553690580857801e-01
-3.283962411541970772e-01
-5.855722261567076536e+00
-1.491033507098306066e+00
-3.567991779999311608e-01
-3.539058100757502823e-01
-3.065657935249517241e-01
-4.583083937135373764e-01
2.668280200101404431e-01
3.824498513492230245e+00
-3.237614701470347356e+00
-2.897830895935317841e+00
4.777989096313487671e+00
-1.118707271576305562e+00
2.724259182725448092e+00
3.855729810323845541e+00
1.517717337778949016e+00
-8.158094131018721606e-01
3.111154232158204191e-01
1.415857172284951782e+00
3.155689707753067452e+00
-5.583631562330533260e-01
4.057475415134462082e+00
4.955141474110806854e+00
-3.683098224103299234e+00
1.184776749525126904e+00
8.625341743135904737e-01
2.670782615736007060e+00
-1.882896692537737282e+00
-1.758711211780589645e+00
1.027395717100457517e+00
7.372265786320543191e-01
-9.507865036755304144e-01
5.355979477677378142e+00
-1.991713591580496434e+00
3.821811893552553130e+00
-2.220726985142632781e+00
