-6.376117776297004491e-01
-9.706579139767250730e-01
1.837476160275943071e+00
-4.165152682851122279e+00
-6.712852329579513944e-01
7.059034917932763831e-01
-2.447615980875518904e+00
-2.045233292559562877e+00
2.455160965354450386e+00
9.838021340067683029e-01
1.165263431063685795e+00
-8.055955051342310824e+00
4.881002984126864064e+00
-2.324803566844014124e+00
-2.019475974529312712e+00
1.035411595383572969e+00
-3.431486104365600864e-01
-6.113695544921038394e-01
-1.674118928283196528e+00
3.103269228689904846e+00
-1.350368511796341986e+00
9.271819495861254312e-01
3.965339050881054206e+00
2.629068230040602305e+00
-7.331331719601887897e-01
-9.350134390664540662e-01
7.429509985371015590e-01
8.303760236444071019e-01
4.498521516093166583e-03
1.827278149364121473e+00
4.021259698618037781e+00
2.007089015595509007e-01
-1.324457389470947710e+00
1.037037704654589360e-01
1.968050606359855736e+00
2.384750571425413579e+00
8.159545545756311524e-01
6.858690763281581892e-01
5.903227299047114629e-01
-2.012706123700658267e+00
-3.789347172810426101e-01
2.054676129047381394e+00
-5.811463042345925700e-01
4.066132118077838559e-02
1.589960359991540395e+00
-5.157471359019417001e+00
-1.046515023954087464e+00
-2.020687543982802481e+00
6.868798231776173102e-01
-1.097168800344195949e+00
2.540074246840447802e+00
6.682143097916161123e-01
1.066179430953912766e+00
9.347514248469915188e+00
2.019820658570548044e+00
-1.249421867182145762e+00
4.776011835127823568e-01
-7.372071341241377418e-01
7.442557971321662746e-01
-1.244553785252110689e+00
8.003198985880636940e+00
5.661551556409874841e+00
5.669173044601635958e+00
3.719097844535206310e+00
-3.491325097426054569e-01
-7.300815212608052773e-01
-1.545489152672618438e+00
-9.674074917361297210e-01
2.335087501716079372e-01
-2.647684897357343026e+00
-3.545542144653620831e+00
-9.913030652662497832e-01
-1.501971454178782750e+00
-1.050838625489363798e+00
7.210358681680299753e-02
5.037602573441102294e-02
-3.659228859873400741e-02
7.550375250903335056e-02
-7.323501123003937907e-02
-6.046995754412342050e-01
-3.331399143908026494e-01
1.886447918890081787e+00
-6.768973946956761134e-01
-1.249750903589315731e+00
-4.272179320195385044e-01
-4.313121756423978631e-02
-4.664581067262964176e+00
1.685136954213692473e+00
-1.526339464908381405e-01
4.733774961937252113e-01
-8.793879057273656930e-01
1.262045363339502346e-01
-1.276480284246372943e+00
-1.414216915571661515e+00
-2.980926844860579017e+00
2.188061246047235953e-01
-1.172538853768265027e-01
2.862292639832763719e+00
-1.675644263090602992e+00
-3.491355543877619483e-02
-8.745868703227004382e-01
2.103735954337772329e-01
1.613278915393175472e+00
-4.891781050419218957e+00
1.072770696032327997e+00
-1.385854595024449187e+00
-1.336195010069694655e+00
-1.913320851855375260e+00
2.123913478639002594e+00
5.551225917551989575e+00
5.025963399919076702e-01
9.311270605896990737e-01
1.267337507558075727e+00
1.307513396802002070e+00
2.327227160291257313e+00
2.650872771508460790e+00
2.476180902865670497e+00
-4.108325415369533107e-01
-3.119584821151186738e-01
-4.070059075829963291e+00
-3.425594184278455967e-01
-2.633192883455382494e-01
1.121046831471706362e+00
-2.720165505027621222e+00
-3.835371658770467374e+00
-2.012547372001936896e+00
4.571424563473416747e+00
-3.488046392215174762e+00
-3.991415556540169440e+00
-1.566043129929486910e-01
3.319335801971360356e-01
1.689087253748414952e+00
-2.028063995937759767e+00
2.560902009283037017e-01
3.712101469026351186e+00
6.796525582103974950e-01
-4.517889195028469196e+00
1.758734274588164226e+00
-8.758064918119056186e-01
-3.995050552124100318e-01
7.009055687974686810e-01
-1.058070498138685922e+00
1.119972546731767687e-01
-3.001123935104244911e+00
6.215098736727154849e-01
4.551616622913570165e-01
-1.476455799575592476e+00
3.770877375131779785e-01
-6.403649181824469849e+00
2.449962502634641215e+00
-8.836451012175312592e-01
2.152210699616633693e+00
2.572398123640145418e+00
-1.432495623958743414e+00
-8.901360085822183077e-01
-8.236309140454369793e-01
2.516666446634174825e+00
-8.539192981162800622e-02
7.983634360757423387e-01
5.299122904001031253e-01
8.960086567523827261e-01
3.488024466163405446e+00
1.423827181648004592e+00
2.052136463457150484e+01
1.068885122803304721e+00
-4.328386078097536505e+00
1.957152945693756418e+00
1.365232371656432131e-01
1.494352915503302341e-02
1.875515149268339954e+00
-9.421566568271710906e-01
4.056400459517813806e-01
3.049162721093435557e+00
-1.887395243664418409e-01
1.680973725191639012e+00
1.268921321051883311e+01
-1.676536648792246398e+00
6.015062071029601221e+00
2.971201661386828174e+00
-1.130936444217673253e+00
-1.078897146481011582e+01
4.856024445225138209e+00
-4.798773858562228045e-01
3.110082222411238995e-01
8.966533520784982780e-01
2.256880834130745583e-01
1.473573137263056054e+00
4.035368511958382420e+00
1.075399094268618239e+00
-4.051508240350121803e-01
-7.925345480317183000e-01
4.780658510151525320e-01
1.576360611951832302e+00
3.107907832959242889e+00
9.680348392036096650e-01
2.620180573479804931e+00
4.547793296716687306e-01
-1.183904336744688202e+00
3.693572957687400460e-01
-1.572036255657308368e-01
-6.260864272100333805e-01
1.710624147196693201e+00
7.358182239397452751e-01
3.121671307039444621e+00
-7.282170589361757429e+00
-1.901069130791208650e+00
-3.250328820062105439e+00
8.108297445515525448e-01
1.104462432320138188e+00
-9.991776589982150014e+00
-2.599443281814501905e+00
3.693538960196759646e+00
-2.452042077096046491e+00
3.108497431257235100e+00
-3.205201659360218169e+00
-2.856463920993267958e-01
-9.229155049260084898e-01
1.499262852563191917e+00
-1.401802686725511782e+00
3.692248243977949707e-01
9.410040869942586095e-02
-3.444903219694093632e+00
-4.939250922422905310e-02
-3.546114925932689621e-01
2.870416807221941813e+00
4.627084559091516058e-01
-7.088073812231695747e+00
2.346701008555123202e+00
-7.508372545975595669e-01
-4.109398741886831630e+00
-1.812372687163492646e+00
-9.880851489284817601e-01
-5.215975345649671802e+00
1.021621376150059490e-01
-2.898875817305176295e+00
3.771643895509855682e+00
-1.232900667656766425e+00
-3.380984433646356369e+00
3.429512516688365320e+00
2.314463116289515732e+00
-1.508198603800884774e+00
3.059689935211619138e-01
2.638507332024814911e+00
3.394413342775232101e-01
7.185323644080625627e+00
1.661665130701279525e+00
-6.845970633764687507e-01
1.938602562765496362e+00
-1.025889653845424992e-01
6.510655617777182380e-01
-2.732229887690473813e+00
-2.838713166887169237e+00
9.300817637265803572e-01
-2.904688957278833250e+00
-1.412277149409338239e+00
-7.317952146342139308e-01
-5.030935938331586588e-01
-4.465262518988289742e+00
-6.130311385204572083e-01
-6.189077870923960667e+00
6.291668281944616803e-01
-5.005495379514420806e-01
3.879984161625689154e+00
-1.540757085062985032e+00
-3.624076602781385881e-01
-5.809987575861010889e+00
-5.410242450054587593e+00
1.258076527448201087e+00
1.302737081187752333e+00
-3.491205147043396351e-01
-1.319620717627292272e+00
6.331262579617636943e-01
1.325441397692613599e+00
-1.972129796579207728e+00
-2.347720907002873170e-01
2.915283587892060435e+00
6.885283962918902212e+00
-1.647661950217075066e+00
-1.226806894581883994e-01
2.906170900178857597e+00
1.648754089513194243e+00
-1.627000291017501432e+00
1.340721206167098556e+00
1.599502640892111582e+00
1.249351954989657149e-01
-2.040913426088839522e+00
-2.110838872284664269e+00
-1.475124125063366209e+00
-1.414072985791393178e+00
-4.294505542061282655e-01
2.332880857852010159e+00
-2.531464902932368810e-01
6.439772862039440326e+00
-1.333660453566323012e+00
-2.508713268408546249e+00
-1.336502828386321617e+00
4.408651993508508338e-01
-3.986768710640293367e+00
-8.741864831058995811e-02
2.884612978268851213e-01
-3.867423227340838654e+00
1.266974307955683443e+00
-4.606178468591091701e-01
-4.589614426912713707e-01
3.951060827100560946e-01
9.938930899536534413e-01
-1.487904765590815526e+00
2.415306106773699835e+00
-6.685389271075643514e-01
2.255591079214775529e+00
3.256289163640156303e+00
-9.316920741352806568e-01
2.195677559898021602e+00
3.028784695536347549e+00
1.120083586496328110e+00
4.221447207505085508e+00
-6.428045764259433525e-01
3.333630520682005827e+00
3.005515779516044206e-01
1.004263509687262523e+00
3.947492063669559847e+00
6.090622744423177526e-01
1.177143730179484482e+00
-2.043986697351301451e+00
1.609480903746284719e+00
3.795755658932182364e+00
1.798950797942609592e+00
-2.199377275041155766e+00
3.609131965547833776e-01
-2.220204257709706752e+00
-3.783020703774945037e+00
-6.545300810367283839e-01
-7.864070468804854608e-01
-2.315041787386807326e-01
-4.918990451471960124e-01
-1.439601026887847857e-01
-2.551501906197144454e+00
-8.143184639201136443e-01
5.045890741895479259e+00
1.301375386815794233e+00
9.605184359129926852e-01
1.296285533755304753e+00
3.713383809877938702e-01
-1.191577145112611813e+00
9.232528913772765078e-01
1.025423274356919379e+00
4.984193070779541906e-02
1.107380114627547041e+00
5.939389159360364268e+00
1.885042508489554791e+00
-3.926326208715726351e-01
-7.339225253696560758e-01
2.943846386816774130e-01
5.563805537851588268e-01
-3.817634399286435332e-01
-1.950840648843661818e+00
-1.025611021156647013e-01
5.935172758941984483e-01
8.849103808174726415e-01
3.987562601472507406e+00
-5.181092476000553892e-01
-4.688376846727535963e+00
-3.263077736536888374e+00
1.888281474991644615e-01
4.836781654859888313e+00
-2.451484805287405422e+00
9.268216079551730990e-01
6.670227941169506458e+00
-6.581508331809733381e-01
-9.242257209709640042e-01
2.683244039715060314e-01
-2.097027654272531016e+00
1.125604955730397316e+00
6.569140249142870758e-01
4.157194797342063097e+00
-5.295900367444500434e-01
-1.362639011917585741e+00
-3.086585480712966234e+00
1.303863325183044264e+00
4.144615152660047208e+00
-1.578585112322440365e-01
-1.958990357948902306e+00
-1.270109635578329899e+00
-4.012991699151752023e+00
-6.915434284631596373e-01
-1.544222544241047879e-01
-8.021539210697196109e-01
-2.378451967708035575e+00
-2.004084707068894744e+00
-1.310628044093306299e-01
3.813504832605242090e+00
-4.260316115245371127e-01
-1.957913916421810452e+00
7.530873028949433001e-01
-2.824286271342400512e-01
8.828531542884561212e-01
-3.282299443254158344e+00
2.282197180118272328e+00
2.609354069650259955e+00
3.984961354379865095e-01
3.435723828213882225e+00
-3.252718849014234470e-01
-2.607366587826714266e+00
3.255138697002836867e+00
-1.277654287376271069e+00
2.491066996277636197e-02
3.131603812839232615e-01
1.633919633062486387e-01
9.244145304586943723e-01
-2.788011938975660797e+00
-2.077031629717390526e+00
-4.477733000989013945e+00
-6.601355979509605509e-01
-2.035736427322810904e+00
5.174315196316900956e-01
-9.097690325751118801e-01
-8.582128325645449252e+00
5.887208333602037547e-01
8.859361447897357023e-01
4.338509767592232946e-02
-9.748932082787123976e-01
8.852231015202143283e-01
-1.770557112247183484e+00
7.389951305060704634e-01
2.214601091934408073e-01
-5.736611344886036745e-01
3.688367217463355274e+00
-2.238553248063916978e+00
-6.670026408005544916e+00
-1.047778476763364441e+00
1.047358365863010787e+00
6.859163026416992270e-01
2.260170289370340146e+00
1.618457863840499611e+00
-3.563878115618620779e+00
5.938503729492328631e+00
-1.541553767670075237e+00
-3.519813349139688352e+00
-6.406082190300946833e-01
-1.371231283906331644e+00
-3.813343330419503019e+00
1.565812257223839543e+00
8.225226364554280023e-01
3.604152650266437607e+00
1.186648768526059161e+00
4.919094053894231267e-01
-1.893690671054998553e+00
2.827919044779138691e+00
-1.306434915545625852e+00
-7.834510350243890642e+00
7.300376372645893674e-01
-1.328978434503047756e+00
-1.220983560088006792e+00
-7.623380845962401509e+00
4.416855052738810627e+00
-1.648748085167845545e+00
3.922607146565437186e-01
2.009344452279697713e+00
-5.772011714229610124e-01
-3.369533647547262589e-01
6.557773366242020119e-01
3.035912771171360713e-01
1.503954227922828180e+00
9.553758676883821188e-01
1.761046612318742488e+00
1.160675927944559094e+00
1.036494199700581875e+00
1.385743676582448680e+00
-6.939569827723801598e-01
-5.485956212771140095e+00
-9.866280691948018378e-01
7.746076081147910131e-01
-1.989371651319209899e+00
8.481448374722954098e-01
2.379679445396938875e-01
-1.389321794012207123e+00
-2.573984339276780720e+00
-4.309093389581814648e+00
1.163797327522293035e+00
3.024464922021468993e+00
-1.328309386247163992e+01
-4.327531622930966826e-01
2.029614904903360717e-01
2.002432169147091656e+00
-1.955352368247135209e+00
-1.793660954704390020e+00
-2.207124152476246604e+00
6.821409160814282391e-01
3.045914737952635232e+00
6.280852255666113937e-01
-1.517038059212454382e+00
-6.312385278941687883e-01
8.404166881234821362e-01
7.158110398043773248e-01
1.196061440349966309e+00
7.404769942537737792e-01
1.379890153970911193e+00
-3.839885744519942357e+00
5.655533630513926574e-03
4.688731027750701191e-02
3.368967255079430956e+00
-1.189661838706205677e+00
2.098032000866248747e+00
-9.810182887582286071e-01
1.108645375311766018e-01
5.408717515038765633e-01
-1.466373858247844941e+00
-3.399224190602165407e+00
-7.382308350865528723e+00
5.089523224298614146e+00
1.331933549306747677e+00
1.987072518385226472e+00
-2.333926169697983499e-02
1.187149890752756454e+00
-1.346722477270958285e+00
3.175664858827267900e-01
-1.115102154764961773e+00
-1.350148903561882996e-01
1.182423321763928503e-01
-8.238730837527472040e-02
1.991067449734519323e-01
2.196570674994095640e+00
-5.838139846385532322e-02
2.508507754293090586e-01
3.246361625012708974e+00
4.006364530704177307e-01
1.233916319863346933e+00
-2.789545318515183614e-01
2.951597527940835741e-01
-4.102957688811738279e+00
1.041829105524260557e+00
5.059101291466590489e+00
-8.898610380103597617e-01
7.138819091374831727e-01
8.254396345808594493e-01
-1.259366253259271706e-01
-1.103201610627730567e+01
-2.097575896952236896e+00
-1.122197506895585145e-01
-3.074599327893044798e+00
-1.935123611144866196e+00
3.544818324333618986e-01
8.977682251958886139e-01
2.000405317807839367e+00
9.481102543133178573e-01
-3.042496357490937497e-01
1.590909051029023358e+00
-1.224907785599797627e+00
1.537180010239688643e+00
2.458781540070705596e+00
5.963992598341862461e+00
-1.110916527534673115e+01
1.270110090711541018e+00
-3.515037341676920501e+00
1.284572251497063222e+00
-1.660293684470201869e+00
4.892031840806064125e+00
-1.092630530367984187e+00
-2.156881651283658385e+00
1.932313386784121345e+00
-3.007722125398074042e-01
1.074745096324873694e+00
-1.757479617110455861e+00
-9.106420872318181647e-01
-1.170172231320355083e+00
6.875876228441316629e-01
-2.001079889690641433e+00
3.318726369646683438e-01
-2.751772680148577788e+00
3.288705824420830592e-01
-8.425318515975300793e-01
5.831067322833155542e-01
-2.761534199497960973e+00
-1.680158037240502056e+00
2.279720193255889704e-01
-1.305752348680426334e+00
-3.382969837386830547e-01
2.633130437231039761e-02
2.433963007804259782e+00
-2.868863173141343870e-01
8.152802650506323356e-01
7.619785353092542124e+00
3.229734378225809777e-01
3.538305749345298956e+00
1.190008426448192935e+00
3.891574750079426437e+00
-2.553094717680364667e+00
5.519697838106052412e-01
2.715740068664009854e-01
-7.275806654820254238e+00
-6.122458924032614380e-01
-7.165212957052505827e-01
6.656930553058748146e+00
-7.321761380293820842e-01
-3.805114692137389731e+00
-1.300210686103675961e+00
3.620181209455028082e+00
4.133534799154775286e+00
3.643350534109887739e+00
1.326440635386253009e+00
5.012394240715584148e-01
2.143474138868558310e+00
5.735281372454266169e-01
-6.231511525380261096e-01
2.458973613852113715e-01
2.673892690468597344e+00
1.529744087664707042e+00
-2.254206174129425921e+00
-2.131411968483666042e-01
-2.364943175203228776e-01
5.037649045177601259e-01
7.279401396035325988e-02
2.864336596647206967e+00
-4.352927529713560006e-01
-1.110744761043362727e+00
-1.179915096844103561e-01
-2.379487220113047030e+00
-2.706875171645610756e-01
9.282428528789752775e+00
7.761619379163753329e-01
-2.709285299359060151e+00
-1.918965804709636069e+00
8.453764885103171034e-01
-1.993864346453710468e+00
9.814436196401443713e-02
-1.901973616673594103e+00
3.434554913270399634e+00
4.189549476064687028e-02
-3.117391894701036392e+00
2.443053975508387321e+00
-9.285681518958643910e-02
3.684306476499522809e+00
6.970966850898053124e+00
3.468020239139938621e+00
-2.371134328774064493e+00
-6.462315541234653349e-01
6.738820895098935893e-01
-3.700187648860256973e-01
-5.942081559629198040e+00
-1.481125808163468838e+00
-4.177937632079666841e-01
-3.106426331187822631e-01
-2.781905903618697717e-01
-5.261636898738955015e-01
2.403132339398056372e-01
3.929047721244117941e+00
-3.390182890005041916e+00
-3.022118308408043408e+00
4.888381483140433303e+00
-1.121317033984309486e+00
2.654723622072401312e+00
3.844034692432346301e+00
1.517690337209560925e+00
-8.198508356125077112e-01
2.855876685009926530e-01
1.465203323508137201e+00
3.298548886659595780e+00
-5.782097884940772259e-01
4.146439902152880386e+00
5.086323682627876153e+00
-3.773660158136903586e+00
1.236161783970017636e+00
8.427829670692263964e-01
2.763443413421236006e+00
-1.932949001288730928e+00
-1.822458136026332332e+00
1.026216280146334148e+00
6.987520582370090327e-01
-9.183542555062558232e-01
5.551855936892399868e+00
-2.092418334590143036e+00
3.844308700669298418e+00
-2.276797873542828032e+00
