-2.653588515625140976e-01
-7.933257237171029708e-01
2.064112079106781739e+00
-3.711218010896604191e+00
-4.585984666559264622e-01
3.374144747715080994e-01
-2.123001854240249564e+00
-1.942350949133250682e+00
3.040368696218767042e+00
7.651346173820460228e-01
1.058322315453235518e+00
-7.156550070565633526e+00
4.142812263943620010e+00
-2.275349137052129045e+00
-1.990495201047646878e+00
1.215841173317599333e+00
-4.362620558298693774e-01
-7.754618033482651995e-01
-1.580975993786440936e+00
2.511775381127557605e+00
-1.354407473555393260e+00
8.438991355055006638e-01
3.668362286079580148e+00
2.267896507613277990e+00
-8.381933122725055973e-01
-5.060271893553502931e-01
5.601585236276256374e-01
8.034587780935542600e-01
-5.600509431885256073e-02
1.696610888107078940e+00
3.706378106785017224e+00
1.090606236617416569e-01
-1.268429637330412030e+00
1.920306798846366514e-01
1.830501733745463655e+00
2.196005418184928892e+00
6.144597782371531425e-01
8.625470027161409314e-01
4.820906873539487769e-01
-1.830962544300957395e+00
-1.020808201722795371e-02
1.920929665664739217e+00
-6.462040071039981681e-01
4.278678747189966491e-02
1.388370244364949713e+00
-4.776364599452642246e+00
-1.117784484002689149e+00
-1.547055441942887244e+00
6.050498280326360723e-01
-1.773816964052452594e+00
1.880445717688135732e+00
7.337240851904265337e-01
1.347193868403401051e+00
7.990001258516602256e+00
2.001270769276570327e+00
-9.882622932850486652e-01
1.482631357536523531e-01
6.214035308823432358e-01
5.385357360370530699e-01
-1.036355508039583428e+00
7.305960100911695676e+00
5.288256034856969379e+00
4.686037330974487602e+00
2.851500558970844423e+00
-1.649821082185931320e-01
-6.879973793683832328e-01
-1.505737247244584243e+00
-7.293409782904413108e-01
3.131848205788727024e-01
-2.500500633891879598e+00
-3.427575984814130727e+00
-8.671155100791262393e-01
-1.666595860926643802e+00
-7.625740823208267960e-01
3.894985367353950845e-02
-3.296984895618180755e-01
1.667092649572680663e-01
-2.632182972265129789e-02
-6.681829396080830701e-03
-4.847845420256451932e-01
-4.185519654268453071e-01
1.622733481166571234e+00
-6.221560345719688856e-01
-1.134541762877604887e+00
-3.492030391627398145e-01
-1.010759955490401624e-01
-4.215348102151796894e+00
1.299317590257588639e+00
9.709466481451875519e-02
4.508173192057606804e-01
-1.023111741797405161e+00
-6.789062567883498434e-02
-1.356864073124041115e+00
-1.254668034940565446e+00
-2.189675233839498691e+00
1.498700306985388364e+00
6.668593925772721420e-02
2.468467103163626053e+00
-1.258024365883772422e+00
-7.639808183368590466e-02
-4.270470797735441137e-01
-9.741033182933128698e-02
1.357712027066568128e+00
-4.069868972314810485e+00
8.958224370641622025e-01
-1.583778217056329041e+00
-8.279425853707174099e-01
-1.603611997675691070e+00
2.072712045649850676e+00
6.038026726678370260e+00
1.541604630698826028e+00
8.549289389939568329e-01
1.319289134037654687e+00
1.829160081792255532e+00
1.731027960980993985e+00
2.678419353016409765e+00
1.365050120281288581e+00
-1.897561203868131652e-01
-3.666870126880662495e-01
-3.999807684509296912e+00
-3.048927932664318718e-01
-5.669827357369739973e-01
1.003704872294796546e+00
-2.220327067223896389e+00
-2.884623395882870867e+00
-2.195304264874666345e+00
4.515253308711911551e+00
-2.781885920318890371e+00
-3.007022097142973749e+00
-1.494427859613164378e-01
1.640159711884962568e-01
1.503276840836711647e+00
-2.455574790109049665e+00
-6.895363617231908826e-02
3.540799558235740552e+00
4.719580979699947165e-01
-4.382598302884392005e+00
1.413704042242245551e+00
-6.556836619268944233e-01
-4.641082156510766277e-01
2.085919458979804963e-01
-8.474342212361511972e-01
9.217263708253306542e-02
-2.742507377890855746e+00
7.189611226215706363e-01
4.809625632239362680e-01
-2.032572582930426641e+00
3.428282807598344029e-01
-5.474251042381218291e+00
2.708512646660108825e+00
-5.973380686341287493e-01
2.329606687263329423e+00
2.215622623676134051e+00
-1.347232984198425854e+00
-9.586236814148821894e-01
-8.333021107702426322e-01
1.873567979352089408e+00
-4.312222659647686474e-01
5.794706186913894941e-01
8.455877697375425717e-01
9.015866375537069377e-01
3.140951920315222523e+00
1.039713689468041213e+00
1.819595395760000400e+01
1.264863228685231933e+00
-3.357888819002930347e+00
1.818972408847730815e+00
5.913927160440545228e-01
9.467794855947481159e-02
1.469211751273671096e+00
-9.313487683016172802e-01
2.729311317038681239e-01
2.713848263935155547e+00
-1.681773646649336318e-01
1.735951575246688972e+00
1.022692322647834295e+01
-2.051475081125747835e+00
5.470943782008428791e+00
2.677353867114824038e+00
-1.070286953646720107e+00
-1.058558164226592346e+01
4.384680295413852846e+00
-5.676391303933546739e-01
2.478949091901990198e-01
9.589924169584896907e-01
4.119760836089556011e-02
1.551355581525982075e+00
3.583772744086217266e+00
9.821423952929410062e-01
-4.098562074567346225e-01
-1.258464030320878280e+00
2.470958141783275719e-01
2.387798120404858615e+00
2.638948068534773927e+00
8.752175717292367541e-01
2.379310358469809206e+00
8.566769616455601755e-01
-8.763279479202316091e-01
3.515472548145661680e-01
-6.230306301601839375e-02
-9.068406040787213573e-02
1.319297571213504217e+00
8.022115021005171709e-01
3.293081695381799623e+00
-6.116232615782027260e+00
-1.058148008373197335e+00
-3.033446357659153492e+00
7.955238941913788109e-01
1.526523600733399322e+00
-8.738451024525529576e+00
-2.163564386366249703e+00
3.972390106321171288e+00
-1.893439074293250757e+00
2.651350021803407842e+00
-2.270895118166150528e+00
-2.436358055075286411e-01
-9.034727041556323002e-01
1.827888409417016247e+00
-1.096786538875627937e+00
5.423625861426449868e-01
-6.781470174692296599e-04
-3.296613283696257835e+00
-1.996517023721990913e-01
-1.243531156109188851e+00
2.040299599607526826e+00
7.396200917628330540e-01
-7.035176161926626648e+00
2.031298556322262527e+00
-4.240899016652588394e-01
-2.376312512480804440e+00
-1.585413768306894733e+00
-1.718435827684516637e+00
-4.609100087690345404e+00
1.573901507330164318e-01
-2.393953638047470189e+00
3.360317350625719790e+00
-9.275782780873372824e-01
-3.306304871719385918e+00
2.833546180278951443e+00
2.401937098292604489e+00
-1.283944183471362299e+00
5.143253090021270291e-01
2.619892433210691873e+00
9.653842527916494110e-01
6.518233267411584819e+00
1.789264971192990439e+00
-6.083017932746989098e-01
1.433694475647362410e+00
-5.875650396897062755e-02
6.704264793680212442e-01
-2.581803927561981737e+00
-1.968136658690012419e+00
7.819703067576728728e-01
-1.979649782393025914e+00
-1.240267956221611900e+00
-8.134183281030333834e-01
-1.143617609967118864e-01
-3.043831303945936817e+00
-3.829491311640900175e-01
-5.762504416243333871e+00
7.603210361563009778e-01
-3.673116089950047569e-01
3.439604807248585860e+00
-1.318889909062155530e+00
-7.413835026947577234e-01
-4.382582800297498693e+00
-5.242967872572402932e+00
8.205913467349424950e-01
1.216700211548937816e+00
-3.108972455724974826e-01
-1.425743686540665411e+00
6.876774739530925329e-01
1.098474299762976170e+00
-1.816825422491712860e+00
-1.476915291329939928e-01
3.175075072569492285e+00
6.408525956104640819e+00
-1.308820252350894053e+00
-3.005149356117997606e-02
3.142048829716918679e+00
1.533866621282399256e+00
-1.296721542724829979e+00
1.285476777573434815e+00
1.527625855877856376e+00
1.658424620152298690e-01
-1.802388843060066526e+00
-1.856285545810072657e+00
-1.378753028854019513e+00
-1.421772172093675124e+00
-5.805211959280252021e-01
2.397873748490204182e+00
-4.868604998788561566e-01
6.061838379684107103e+00
-1.675069595890615437e+00
-2.492328881611208136e+00
-1.271948968453586515e+00
3.249619850301594393e-01
-4.046908458992938940e+00
-2.177877810568615846e-01
1.733823114518870043e-02
-3.470165602497207846e+00
5.851593781747662648e-01
-9.552714169182931203e-02
-3.569629960102773669e-01
2.280683727845782549e-01
8.091302077817703609e-01
-1.412275987560118296e+00
2.181892043395956549e+00
-4.430888661654708849e-01
2.021652562027988598e+00
2.805105661901411640e+00
-1.016874987184053225e+00
2.405241531532719357e+00
2.599620353450936339e+00
7.606984938750391834e-01
3.789576685774242559e+00
-1.099040280185692664e+00
3.101149602474675859e+00
6.249076932474821877e-01
7.112884319723502546e-01
3.444783565120117519e+00
3.064690549386355212e-01
5.508721866848961257e-01
-1.872684002152459337e+00
1.446303108746141985e+00
3.428516849377890807e+00
1.721752482557864949e+00
-1.103121951646917509e+00
3.232870446027620304e-01
-1.926820133339516739e+00
-3.205819526734288161e+00
1.920937412991593762e-01
-2.550565985358540511e-01
7.065016171681802459e-02
-8.063521479807961301e-01
-5.059192934342799861e-03
-1.830397136434122496e+00
-9.993670415493167702e-01
4.588571408912039296e+00
1.090890320848620254e+00
6.146978957180655456e-01
1.451977477840125541e+00
2.301694161317514864e-01
-1.212430918978967709e+00
7.089347873200951833e-01
6.033388773569834385e-01
-1.222928302016123708e-01
1.068162349079289308e+00
5.152348645064036781e+00
1.709482984474189893e+00
-1.258424251926396897e-01
-7.530568774869043913e-02
5.033734709307494670e-01
7.355878235461423831e-01
-6.720040071571116158e-01
-2.106784825296981190e+00
-1.426361950548356572e-01
4.410066143528021954e-01
8.543595198051133766e-01
4.270585000708409851e+00
-7.221665215372721214e-01
-4.450036535821983996e+00
-3.166241919521049830e+00
1.795044249243776258e-01
4.442137060276592386e+00
-1.890773743732145684e+00
1.902148795369379863e+00
7.065554361574824860e+00
-2.280490383200085847e-01
-6.941543458344233697e-01
3.204744519913263479e-01
-1.889178466770895071e+00
1.151998509524633008e+00
8.607100770250526445e-01
3.764818849518183796e+00
-6.975124531306295950e-01
-1.435995679396890656e+00
-2.924832054338482479e+00
1.229575711027183438e+00
3.760728712267213503e+00
-7.918635690693334728e-02
-1.711688929396299130e+00
-8.003561890108652488e-01
-3.266985944748032278e+00
-6.400471335439843479e-01
3.170728952076019569e-01
-8.265631572730811616e-01
-2.545378990077324488e+00
-1.659338775660963217e+00
-3.743310893087735403e-02
3.705712465694928959e+00
-1.128454282670241365e-01
-1.989199550536240979e+00
3.701211178557186066e-01
-5.422082518104712756e-01
6.956991894456329151e-01
-2.629036660956874716e+00
2.007360701147937299e+00
2.278886881648285900e+00
6.536087385983799791e-01
2.918695804113550007e+00
-1.345981276016567640e-01
-2.580446140684524714e+00
3.085627844716541723e+00
-7.698808165590608210e-01
-1.532454061352888641e-01
-5.037884246159298751e-01
-3.673921884939416738e-01
6.122721938163318001e-01
-2.321432015442864039e+00
-3.011436663778785494e+00
-3.573870531680750418e+00
-1.657047764212346896e+00
-1.823686389782088746e+00
4.565616185435018570e-01
-1.118050454319772458e+00
-7.331826853641911335e+00
3.386600712509678646e-01
1.003596264789440529e+00
1.574305185642485561e-02
-5.330579955129306491e-01
6.642375770297412885e-01
-1.597945834301817136e+00
6.444624307464986712e-01
7.780621328977815887e-02
-1.200473786409665122e-01
3.939178706580124256e+00
-2.149648669917504140e+00
-5.779271050123162112e+00
-2.640763042703688224e-01
1.096539602491900522e+00
4.828536316037009279e-01
2.992521794295854409e+00
1.541843039932012438e+00
-2.753517839910097020e+00
5.354775248632898332e+00
-1.514013871336678640e+00
-1.657038719457300857e+00
-6.139540565536084626e-01
-9.485462790973426817e-01
-3.127373935442754771e+00
1.074079284549143587e+00
6.907112888853913502e-01
3.041893624445188848e+00
1.162124977497147160e+00
5.095872739421791753e-01
-1.910384981885593803e+00
3.334178089278252877e+00
-1.507172585895984351e+00
-5.642586853638717592e+00
7.244245914513242068e-01
-9.322872838690633435e-01
-1.248081826484918277e+00
-6.933850375475826056e+00
4.734543733460816028e+00
-1.186731274453111773e+00
1.742017378120458704e-01
2.248468519850877367e+00
-1.867023598679333762e-01
-5.797041152632755878e-01
2.143276192923543322e-02
-3.063436651652232806e-02
1.247174241109459958e+00
1.114526990064729439e+00
1.612692769079729471e+00
6.931396412648075378e-01
1.252166100670623727e+00
1.393908921466661122e+00
-6.195028218614403448e-01
-4.554082552202916467e+00
-1.360494774660717221e+00
8.864105837027609347e-01
-1.923149823923629320e+00
6.417842286947900154e-01
-2.982359843742968808e-01
-1.315516144104088347e+00
-1.752278335595679026e+00
-3.631558118684018233e+00
1.042528819454721534e+00
2.931279583335797412e+00
-1.202436779653347365e+01
-4.361048535547804583e-01
2.653597282281155434e-01
1.897651782349346394e+00
-1.833178774149521573e+00
-1.777522015980003145e+00
-2.376586650444152848e+00
4.309124767818174884e-01
2.746218961455225926e+00
4.566236290673728604e-01
-1.153429083994999660e+00
-8.572285911422761195e-01
4.369019628250950249e-01
4.601280556551513579e-01
8.362539243366825525e-01
4.123652458112840868e-01
1.237816591380369591e+00
-3.488345457979518116e+00
-5.059534665169839185e-01
7.435025741793176157e-02
3.382375990654358233e+00
-1.171652483983455229e+00
1.616222414068958946e+00
-1.075230977349318495e+00
2.597718735983297611e-01
1.240264897978265481e-02
-1.188135993150527758e+00
-2.914199210686174712e+00
-6.512721045386588692e+00
4.607912755901046431e+00
1.062077623963190831e+00
1.446446528137023568e+00
-2.973118472736892282e-02
1.175466041446114884e+00
-1.352698361057548704e+00
3.141613000267658440e-01
-9.314071418851120887e-01
-1.137150880777772766e-01
5.416329985134011454e-02
-1.288329940571611432e-02
4.891434416101331228e-01
1.820848778150221614e+00
-3.750722204211448529e-02
2.099512875173117354e-01
3.123875334498392942e+00
3.965092350094830409e-01
1.217690248671340791e+00
-4.297843344659073583e-01
2.002289293096953249e-01
-3.205491060300201589e+00
1.183602802874425208e+00
4.340484729173798684e+00
-2.406518412821050668e-01
9.764923275318330154e-01
7.536992523060629390e-01
-2.434571830784366120e-01
-1.008055731138380828e+01
-2.105586002875296181e+00
-1.752383606872693483e-02
-2.868255441637525660e+00
-1.633656829389048770e+00
7.681929532176275111e-02
5.809520322592570674e-01
1.516409387734269698e+00
9.475576760242845342e-01
1.186908268293523222e-01
1.347307196351731573e+00
-1.408753042122944610e+00
1.689743797265032876e+00
2.366114584512930552e+00
5.340436831690076325e+00
-1.084199482897138722e+01
1.281245146885713559e+00
-2.063058424324635265e+00
3.748682067289729192e-01
-1.181016200514304337e+00
4.508281949464251426e+00
-1.224212708544517803e+00
-1.857386867023534283e+00
1.444988218832513605e+00
-3.523098062534450736e-02
1.000789707630061587e+00
-1.660799129779150451e+00
-4.302713292478673179e-01
-9.412097096015925590e-01
6.661390051560128756e-01
-1.949790874333234836e+00
-3.414920552018466671e-01
-2.293929566044179857e+00
1.503514495494883363e+00
-4.089050044454426436e-01
4.915112072865469584e-01
-2.391398581664127221e+00
-1.341125018373987343e+00
3.894864937936853844e-01
-1.216598080526315240e+00
-4.070373072122331348e-01
5.152536383667808417e-01
2.067411090996198020e+00
-9.799481541857053835e-02
-4.190223767537711863e-01
7.393106948363227460e+00
-8.874071894297562435e-02
3.240152721471084796e+00
1.248248869752585533e+00
3.838079425006793777e+00
-1.758922980400021707e+00
1.124707643384509570e+00
4.707721836655804348e-01
-6.727839689307515414e+00
-2.974387997648309523e-01
-7.034194946192866560e-01
6.468521553065810004e+00
-4.112160004729146778e-01
-3.463763218096107988e+00
-1.145582705363637821e+00
3.251144509111978387e+00
3.968189626749313081e+00
3.282548564932987745e+00
2.093871226257866258e+00
1.667298259359981105e-01
1.894811978071001546e+00
8.732208489589123879e-01
-7.547835675942130562e-01
3.585291372245215102e-01
2.574759208051052628e+00
1.220914465613963440e+00
-2.352992333316109352e+00
-4.580858694377298312e-01
-1.910683841131648186e-01
-1.368600015526964420e+00
1.811453196140586086e-01
2.621762031929096182e+00
-3.923495290291982296e-01
-8.906907014354202845e-01
1.405911174830013766e-01
-2.310584222598816240e+00
-2.424575351327168671e-01
8.596914871807392444e+00
4.421385149058745245e-01
-2.416155216699012342e+00
-1.685595266977407691e+00
6.218004669220559277e-01
-1.649090984549852257e+00
2.999244900148388404e-01
-1.745531142742533515e+00
3.190737182576693698e+00
4.262983776663165081e-01
-2.463391122483753470e+00
2.056689018090759546e+00
-2.510773399162895270e-02
3.585419134954921372e+00
6.248272965392680511e+00
3.604843502022529567e+00
-2.652396415929505924e+00
-3.638422160144087480e-01
8.465916873949710375e-01
-3.795856288498882236e-01
-4.385975747872315367e+00
-1.998009391961633296e+00
-5.037306429629410109e-01
-2.319407049882648564e-01
-3.041151423347476443e-02
-3.923012357410204376e-01
2.813593941689695455e-01
3.325891798296245927e+00
-3.018415954499082510e+00
-2.711175953699863861e+00
4.504420491345515032e+00
-9.076525462107924991e-01
2.100886623522467911e+00
3.466311381632287691e+00
1.887647811287706423e+00
-5.740640204706137784e-01
4.909709465106494308e-01
1.266239541635217458e+00
2.736669837253893345e+00
-6.174119864846726591e-01
3.719659827446450961e+00
4.555600939195215027e+00
-3.211225237179888392e+00
9.621156684822536054e-01
1.043302845605349471e+00
2.139127863044012923e+00
-1.628772810208623634e+00
-1.176152833625426997e+00
6.305686595252327775e-01
1.117680978587603402e+00
-1.546448706492450587e+00
4.822378765209637486e+00
-2.076258057729154949e+00
3.835506386678076307e+00
-2.507548424178563717e+00
